0,444,1995,861,1214,1541,1933,823,1581,1156,958,99,1447,1869,2054,1781,591,174,870,227,1509
1,1995,444,1214,1637,357,1796,1197,8,1541,74,1993,35,456,1156,1933,92,861,498,958,823
2,174,444,861,1869,1156,958,991,1214,1995,1447,944,227,871,870,2068,823,591,1933,99,1541
3,513,327,1995,171,799,7,444,1214,958,1541,2034,1156,1783,861,1933,410,1581,823,1588,1439
4,444,1995,861,1214,958,1541,1933,823,1993,1796,8,456,498,35,1637,92,1197,31,357,1156
5,1281,1749,1381,1539,609,1332,1649,763,1241,1775,1806,711,210,1712,2034,299,109,7,440,733
6,958,1995,2054,1156,444,1214,7,1933,561,1541,1322,227,1937,2037,823,1588,1350,1581,861,44
7,1796,8,35,456,357,1993,74,1637,92,740,31,1197,1779,1951,498,1387,117,1009,958,289
8,513,2034,1783,1969,327,1712,934,193,171,7,1022,2059,1511,23,1559,1342,405,1699,1621,794
9,444,958,456,1995,1796,31,1637,1541,357,1993,1156,8,861,1214,1933,1197,35,823,74,498
10,679,839,1108,905,1898,1219,1800,422,1851,621,1275,1793,1035,759,2043,521,1255,1592,2065,1844
11,1480,991,2068,871,944,1750,791,1581,227,1995,444,378,823,1541,1214,1156,1447,1221,861,942
12,444,1541,1995,1214,861,1993,823,1156,1796,958,1933,8,357,31,1637,1197,1404,498,92,18
13,1440,1640,1621,613,289,1509,1699,609,1156,483,1995,1322,2037,1192,1937,561,364,965,255,6
14,174,1869,1640,958,1322,6,1621,561,1440,1712,513,870,2013,799,171,934,1559,1699,1588,205
15,376,68,1821,995,168,1577,113,1144,1111,1740,298,730,941,1542,696,1351,1342,698,1384,801
16,513,1783,327,171,799,7,2034,1581,1588,410,958,1937,1869,174,870,1640,1439,444,2054,1541
17,444,1995,861,1933,1156,823,1214,1541,958,1993,1796,8,456,498,35,1637,92,1197,31,357
18,21,1697,1061,1046,1066,909,1032,1814,1927,1261,1567,698,1915,475,1342,1932,1492,68,1284,916
19,1692,531,691,434,719,1624,963,731,1018,1522,991,1672,1873,806,43,1684,375,1529,224,579
20,174,1869,1559,171,327,799,1046,513,2013,804,1022,1342,1915,1712,6,1588,1023,2034,697,1621
21,1637,92,456,357,35,1796,1993,8,498,31,1197,74,958,444,1933,1995,861,823,1214,1156
22,1559,2059,1342,804,1144,1032,465,1023,1066,68,698,909,174,524,995,113,298,696,1567,1932
23,444,1995,944,991,1214,1480,1541,823,1156,958,871,861,2068,791,1750,1933,1869,1993,1447,174
24,262,571,193,794,195,1384,934,1511,1969,23,156,205,798,2059,475,1342,916,68,1023,1046
25,513,799,327,171,1783,7,1588,2034,410,105,602,364,590,43,718,210,93,168,713,1789
26,456,1796,1637,958,357,31,1993,8,1197,35,74,498,92,1995,823,444,1933,1156,861,289
27,1534,65,474,200,819,1557,274,523,1529,1873,912,1405,1672,731,358,948,670,546,575,224
28,1581,958,1447,591,174,1869,2054,1350,713,1937,1640,1440,1995,6,1439,444,1322,227,1621,561
29,1559,113,804,696,995,1066,1932,1342,909,1032,475,698,1023,68,2059,465,1567,524,298,1046
30,174,2013,958,2054,1214,1781,581,444,861,1541,99,44,1995,823,1156,327,1937,1869,513,2034
31,116,1308,1870,524,1586,465,697,1133,916,1969,1023,1284,571,1915,1559,1289,298,1984,1132,1056
32,1684,1064,1718,1133,375,806,677,1018,958,1927,1261,1697,804,1559,1061,1567,916,1342,1932,1023
33,2059,113,696,909,1032,916,1779,1534,995,1066,1915,1284,1951,1009,298,819,200,1567,465,1342
34,410,1588,7,171,2034,513,799,327,1712,1783,1995,1541,99,444,1581,861,1640,1933,1056,1322
35,2034,799,513,171,327,1783,7,410,1640,1588,1621,1322,6,561,1440,1350,1712,591,2054,958
36,1718,1064,375,1219,958,679,839,1255,1018,1692,1800,1898,1851,531,122,1108,905,1684,528,719
37,1054,738,1649,221,1751,749,14,200,1664,1856,1512,93,274,1833,1396,575,1010,1705,299,1577
38,958,1637,357,456,35,1993,92,1796,74,31,498,8,1197,823,1933,1447,1995,1156,44,289
39,727,1833,14,1396,221,93,852,749,1958,1703,1207,1183,1961,881,265,1664,738,1577,1274,817
40,1355,582,1751,1512,1283,1054,1010,1764,1058,1705,1149,448,1806,414,43,1539,274,95,819,128
41,1779,740,1387,1951,1009,117,1796,456,1056,74,237,2012,1438,846,35,378,942,820,92,1018
42,1447,804,1559,591,1322,909,1869,1621,1440,2059,1932,465,6,1023,696,2054,1032,1581,1342,524
43,410,1588,171,513,2034,327,799,7,1712,1783,1995,1056,44,1541,99,444,1581,861,1640,1933
44,1796,357,1637,1993,92,35,456,8,498,1197,31,74,1214,958,861,444,1995,289,1581,823
45,1581,1995,444,823,1541,1214,1156,861,1404,227,1439,1933,1973,99,918,1781,870,591,1937,1133
46,799,227,327,1350,7,1783,1995,1156,1937,1869,1712,861,2034,753,1115,1214,1192,513,1932,344
47,1355,1751,582,1054,1010,1283,1058,1512,1705,1764,1149,448,414,1806,1649,43,1961,95,763,712
48,1118,128,1539,1281,1143,1381,1923,711,1775,1749,1405,948,912,523,337,575,1534,670,65,1958
49,1699,1322,1440,561,1640,1621,1969,6,174,1869,195,1447,934,262,1511,193,2034,1350,1384,116
50,357,1993,92,1796,35,456,8,31,74,1197,1637,498,958,289,2054,870,1869,44,581,174
51,1355,1751,1010,1283,1512,582,1058,1764,1705,1054,448,1149,414,1806,43,1649,95,712,1961,670
52,1022,1583,405,787,2034,794,799,171,513,156,1783,7,327,1350,2054,798,193,1144,262,1384
53,513,327,7,2034,171,1783,799,1588,1581,1640,1995,1322,1621,1712,99,1933,410,1781,1056,364
54,444,861,1995,1214,1933,1541,823,958,1156,1581,1637,456,357,1993,498,92,1796,1197,35,8
55,1581,1097,713,1156,958,1995,1719,2013,227,444,591,1932,861,1559,525,977,1541,99,1447,1869
56,1322,804,561,1559,174,2059,698,1032,113,1440,1640,1869,1046,909,6,465,1699,1342,1621,1144
57,1796,1779,8,456,357,1993,740,35,1197,1637,92,1951,31,74,958,1387,1534,65,498,117
58,410,1588,861,1214,1541,444,1156,1995,1581,1869,99,870,823,174,193,1933,1781,571,581,156
59,1447,591,2059,1023,1559,696,1342,524,909,1567,698,995,465,1046,475,1032,113,1586,804,1066
60,958,1439,1973,1404,444,1197,1781,1447,99,861,870,1221,1194,113,581,35,1581,227,696,498
61,799,2034,327,1783,513,171,7,1350,2013,2054,1712,1581,591,1583,1937,1201,227,1022,1588,1308
62,1751,1355,1283,1010,1054,1512,582,1058,1705,1764,1149,1806,414,448,1649,95,43,1961,274,712
63,991,1480,871,1750,2068,944,791,1447,591,1440,174,99,1869,444,1937,1932,1995,1621,227,995
64,1697,1814,21,1061,1261,1927,1492,475,1567,804,1032,916,1023,696,698,995,1342,909,1046,1559
65,31,1796,456,1637,8,1993,1197,35,958,357,92,498,2037,74,289,44,444,696,861,1995
66,839,679,1108,621,1898,905,1219,1851,422,1800,1793,521,122,1275,1844,2043,528,1035,1255,1592
67,513,2034,1588,1322,410,1783,7,6,799,327,171,2054,1869,870,174,1583,561,581,44,1621
68,410,870,444,1156,1995,513,1588,99,174,1440,918,1869,861,581,1581,262,2013,823,1933,1201
69,1355,1283,1751,582,1512,1054,1010,1705,1058,1764,1149,448,1806,414,274,43,819,1649,1405,483
70,958,1541,1995,174,444,1869,1214,1156,1581,861,1559,99,1447,113,2013,591,995,2059,870,823
71,327,7,799,171,1783,513,2034,410,1214,1640,2054,1995,174,1156,6,1869,861,561,2013,2037
72,1637,958,456,1796,31,1993,8,357,35,74,498,92,1197,1995,1933,444,1869,823,174,1214
73,1993,31,357,1350,8,35,92,1637,1796,456,2054,1097,1937,1719,2037,1100,498,977,74,1322
74,174,1869,799,2054,2034,713,1350,1583,1581,1156,444,1937,1022,327,1995,1541,513,861,227,171
75,1796,456,1993,1637,92,8,35,357,1197,31,498,74,958,444,1995,823,1933,1541,861,1156
76,991,791,2068,871,1480,1750,944,531,1692,1064,236,677,227,1133,1718,990,958,378,846,1684
77,1581,1156,2013,958,1995,227,444,591,713,861,977,1541,99,1447,1869,1214,513,327,799,1783
78,513,1581,861,7,410,799,1869,1156,444,1712,581,870,1781,1541,174,2013,1201,99,1588,713
79,1440,6,561,2054,1621,1640,1322,1350,1699,1937,870,958,591,1447,1100,1581,713,227,1948,1404
80,958,92,1796,1637,1993,8,456,31,357,498,35,1995,1197,74,1581,1447,174,444,1869,861
81,1621,1869,6,174,1640,1322,410,561,1447,995,1440,1559,697,909,804,1712,525,475,591,1342
82,513,327,7,1783,2034,799,171,1640,1440,1621,650,977,168,6,958,410,1588,44,609,2037
83,1783,7,799,1581,1447,327,753,513,171,1588,410,1621,2034,2013,1712,591,227,1100,1201,1781
84,2068,871,991,1750,1480,944,791,375,1064,1684,1718,1447,531,806,1692,1018,1108,174,122,839
85,6,1621,1640,561,1322,1440,1699,113,1046,591,1869,1023,1995,696,2013,1066,861,909,1032,1937
86,1396,1186,1725,727,613,1856,1192,609,440,255,221,323,138,1289,1133,364,1581,1712,697,197
87,1480,991,871,2068,1750,944,791,1869,174,227,1447,697,531,1581,691,444,861,1156,1541,1692
88,1621,1322,6,1440,1640,561,1699,804,1559,2034,1342,1046,698,799,171,1447,174,113,916,1032
89,474,1534,731,523,65,670,1672,1529,200,819,1557,274,1873,948,546,358,1405,224,912,575
90,1064,1796,1018,806,1684,1993,375,1718,1692,31,1637,719,357,498,92,1133,456,1197,963,8
91,513,2034,1783,327,799,171,1712,1583,410,7,1588,1621,1325,1206,977,561,1332,965,787,1447
92,1355,1283,1751,582,1512,1054,1010,1705,1058,1764,1149,1806,448,414,1649,474,43,358,274,670
93,1796,8,35,456,357,1993,74,1197,1637,92,31,958,498,289,823,1933,1447,1995,1156,44
94,444,1995,1214,1933,1156,861,823,1541,958,1637,35,1581,1993,498,456,357,1796,74,2037,92
95,168,799,513,2034,1950,1712,1762,753,1551,1783,489,171,832,7,145,337,327,437,1241,1056
96,1995,1581,444,1156,958,2054,1869,227,1541,174,1133,99,861,870,1447,823,991,1559,2059,1750
97,444,861,823,1214,1995,31,1541,35,1637,1156,2054,1933,1937,958,1796,456,1993,591,357,498
98,1796,456,1637,958,357,31,8,92,1993,35,1197,74,498,444,1995,289,1933,861,1156,1447
99,870,1066,909,1206,1100,1447,174,977,916,1559,995,1869,99,804,1781,698,323,1551,475,1948
100,727,1751,711,738,1775,410,1281,1111,1588,93,1705,1725,1058,1923,712,1764,1749,1512,1740,1118
101,410,1588,1440,1699,1640,268,581,561,1621,870,1870,1322,1308,1100,99,6,1781,2013,323,1042
102,958,444,861,1995,456,1637,31,1933,1993,8,1214,1541,1796,1156,35,823,2037,92,1197,498
103,958,31,1637,456,92,1796,1993,289,8,1197,35,74,357,498,1447,561,1995,44,1156,444
104,991,871,944,2068,1480,1750,791,444,823,1933,1156,1541,861,1214,1995,1581,227,1869,958,1447
105,444,1995,861,1156,958,1541,1214,823,31,1933,1197,1796,92,1637,8,357,456,35,1993,1581
106,444,1995,861,1214,1541,823,1933,1581,1156,1404,958,99,1439,1869,870,1781,977,174,1921,1332
107,1396,1461,712,221,168,1499,1186,1581,323,941,1241,1870,897,1775,1042,753,1100,1853,727,299
108,1387,1779,740,117,1009,1951,168,1534,820,819,730,200,1913,1557,265,779,1640,541,77,91
109,1637,357,1993,498,92,1796,456,1197,8,31,958,35,74,591,1447,1133,1559,991,113,944
110,991,1750,1108,839,2068,871,2065,944,791,122,679,1219,594,621,422,1718,375,759,1480,1800
111,958,444,1995,861,1933,1214,823,1541,1581,1869,1156,174,1447,1559,698,44,1637,1032,804,591
112,444,1322,958,1937,1440,1156,1621,6,410,1699,861,2054,227,799,1214,823,1447,561,591,1995
113,1322,1621,713,2059,1342,1023,977,804,995,6,1144,1066,1440,561,1640,1567,1032,1869,1559,1932
114,513,168,116,1783,1950,1192,43,807,7,1696,1971,1186,210,327,753,609,197,799,711,1281
115,1796,456,1637,1779,958,357,31,8,92,1993,740,35,1197,1951,74,498,1387,1995,117,1009
116,861,444,1214,1281,1541,1995,1143,1156,44,1749,1775,1201,1332,410,1539,1933,823,1973,1951,711
117,958,444,1995,2054,861,1541,1156,591,44,1447,31,174,823,1214,1637,1869,456,991,1933,35
118,1133,227,444,1197,1993,1581,35,498,1796,92,677,1718,861,357,1018,958,8,1995,74,1684
119,444,1214,1541,861,1995,1933,823,1156,958,1581,456,498,1637,35,1869,357,1993,8,1796,1750
120,958,1869,1783,171,327,513,2034,799,1581,7,444,1640,861,1995,6,697,1404,1440,1781,174
121,727,1833,221,14,1396,93,852,749,1703,1856,881,1749,763,299,1725,265,738,740,1672,1577
122,958,456,8,31,1637,1197,92,1796,35,1993,498,357,74,1447,174,1995,1933,1869,591,444
123,1796,498,1637,31,357,456,958,1993,35,8,1197,92,74,1995,1933,444,823,1214,1156,861
124,1796,456,1637,357,31,8,92,1993,35,740,74,498,1197,1779,1951,1387,117,1009,958,289
125,1581,1640,289,2034,958,2054,799,410,6,1447,1621,713,861,1588,561,1869,591,1322,1783,1937
126,1350,753,442,1937,2054,952,1404,2034,1201,918,733,1056,1097,513,519,1449,941,1640,2037,544
127,1779,740,1951,1387,117,1009,1796,1993,1534,819,1557,1873,31,1672,1637,474,731,358,523,357
128,753,116,289,1115,1308,1056,1853,1581,2054,99,1937,544,337,1188,1869,965,1100,1461,1545,1921
129,456,31,1637,1796,498,92,8,1993,35,357,1197,74,444,1995,861,958,1541,1933,1214,823
130,227,1581,944,2068,531,991,791,1750,871,378,1480,1447,1770,1869,591,1624,691,1692,174,719
131,1796,357,456,1993,1637,92,8,74,35,1197,498,31,958,444,1995,823,1933,1541,591,861
132,727,852,1396,93,221,14,1833,116,171,1461,1870,1551,405,2006,718,168,1251,1665,429,1783
133,77,1921,904,1350,1322,1954,1727,1516,544,1017,2006,168,2025,1400,692,210,1499,1449,1650,405
134,1779,740,1951,1009,1387,117,1796,1993,31,1637,357,498,92,456,1197,991,8,958,35,591
135,1796,1993,444,1637,1214,1995,958,1933,357,92,8,1541,456,35,823,31,498,289,1156,861
136,1749,1539,1118,1381,1281,711,1775,1143,1665,128,1725,2070,403,539,483,1856,1449,1727,1396,1330
137,1281,1775,1118,1749,1381,1539,711,1143,1665,1725,1856,403,1449,1396,1211,93,1958,852,440,1461
138,1796,1993,444,1637,1214,1995,958,1933,1541,357,92,8,456,35,823,31,498,289,1156,861
139,679,839,1108,905,1898,1219,1800,422,1851,621,1275,1793,1035,759,2043,521,1255,1592,2065,1844
140,1796,456,1637,1993,958,31,357,8,92,35,498,74,1197,444,1995,861,44,1156,1933,289
141,799,327,513,2034,1783,7,1214,171,6,861,561,1995,174,1869,2054,958,1621,1350,99,753
142,727,1833,14,221,1396,93,749,852,1703,881,1856,1749,1923,1958,1009,1964,738,718,132,117
143,7,327,513,2034,156,571,799,1621,1214,958,171,934,861,1322,23,195,444,193,561,794
144,591,1447,958,1796,357,1993,1637,92,8,456,31,35,74,1197,498,1322,116,561,2059,236
145,168,171,327,799,1783,513,1551,364,2034,1507,904,105,7,1315,1503,1634,337,2070,489,832
146,1751,1355,1283,1010,1054,1512,582,1058,1705,1764,1149,448,414,1806,1649,95,274,43,1961,819
147,513,327,1783,2034,7,171,799,2054,1350,1551,960,268,1712,753,105,1937,1404,1971,896,1115
148,1725,1381,711,1856,1749,1281,1649,727,1183,1961,738,1664,763,1539,1118,1396,1923,1751,1775,95
149,958,444,2054,1995,1937,174,1869,1214,1156,410,31,1588,1541,823,99,1440,561,861,1993,6
150,168,1405,358,1529,221,2070,575,749,200,14,852,1101,1115,1833,1183,1551,912,1783,817,1396
151,513,1712,174,171,799,327,1869,7,697,2034,1781,227,99,1201,1921,753,870,1447,1783,1588
152,1869,1621,174,1322,6,804,1559,1022,1440,1640,561,410,1699,870,205,193,1583,861,444,262
153,1355,1751,1010,1283,1512,582,1058,1764,1705,1054,1149,448,414,1806,43,1649,95,712,1961,128
154,991,2068,944,1750,871,1480,791,1937,227,1869,591,2054,1447,531,990,174,942,1488,1770,1439
155,679,839,1108,528,1219,991,905,1800,1898,422,1275,1035,759,2043,621,1793,2065,1255,122,1592
156,871,991,1750,2068,944,1214,444,791,1480,823,861,1933,1219,375,1064,1718,227,1194,1684,806
157,1684,1197,1993,1064,1718,1133,35,498,1796,92,375,357,958,806,677,8,1018,74,456,31
158,1995,1214,861,1933,823,2037,444,1541,44,1156,958,1869,1447,2013,696,174,1581,289,1066,995
159,174,1559,909,1066,1342,804,698,68,1032,1046,524,995,1567,1932,465,1869,696,2059,1915,475
160,799,2034,327,171,1783,1322,2054,513,410,7,1937,6,1869,870,174,753,561,581,2013,1583
161,991,871,2068,944,791,1480,1750,227,1541,444,1447,1995,1156,531,823,591,1933,1869,1581,1214
162,327,171,513,1783,7,2034,799,1640,1581,6,1350,1322,1440,1937,2054,268,1404,1699,1439,1621
163,357,958,35,456,1637,1796,8,31,1541,1214,1197,1993,1156,444,74,498,92,1995,861,99
164,1156,444,1541,1995,1869,861,823,1214,99,174,2054,870,113,1781,1933,1559,958,2059,2013,1937
165,799,513,168,7,1783,2034,1322,327,1440,171,1588,116,1876,881,1381,753,1192,210,1539,711
166,444,1541,861,1995,2054,1214,823,958,1156,1937,2034,1933,327,174,2013,1781,1350,1869,513,799
167,1796,456,8,1993,1637,92,35,31,357,1197,498,74,958,1995,444,861,1933,1581,1214,1541
168,168,740,513,410,327,1588,171,799,1783,7,1779,43,364,1551,1921,1115,2034,730,529,337
169,168,1542,377,1000,1721,1061,262,1937,1870,153,799,344,1969,2034,1207,1984,1188,1699,1274,1322
170,456,958,8,31,1637,1197,861,92,1796,35,1993,498,444,357,74,1995,1156,1541,1581,1933
171,1779,740,1387,1951,117,1009,1796,31,1637,456,35,1993,92,8,357,74,498,958,1197,44
172,444,1712,1404,1933,1439,1995,1214,823,861,327,1156,1541,958,7,513,977,799,227,1937,1588
173,958,174,31,1637,456,92,44,1796,2054,1993,1581,1869,289,991,8,1447,1197,35,2013,227
174,1156,1214,1783,1995,444,861,327,171,799,1933,1541,2054,513,2034,823,7,2037,2013,44,1869
175,6,1621,1440,561,1322,1559,465,1144,698,1640,995,1032,475,696,2059,804,1567,113,1915,1023
176,444,1796,1995,35,357,1637,456,92,861,1993,1214,1156,1933,958,1541,8,823,1197,31,498
177,444,1995,958,456,823,1933,1637,1541,861,1156,1214,31,92,8,1993,498,357,1447,289,1197
178,799,1783,327,7,513,2034,171,1214,1156,444,1206,591,1995,1541,475,713,1588,1056,977,958
179,327,513,1783,7,171,2034,799,168,1551,1350,105,960,1712,753,230,1937,1404,2054,145,1201
180,1637,171,861,92,31,1712,1156,1796,1197,327,2034,444,1581,977,1214,498,513,1022,1541,1933
181,799,513,1712,1588,2034,753,965,1783,1551,410,171,1762,7,1056,327,174,1241,1869,377,68
182,727,1833,221,14,1396,93,852,749,1703,1749,711,1529,881,738,1664,718,1405,1183,265,712
183,168,221,1315,14,749,358,95,1634,1115,1833,1551,738,1405,364,1183,1783,153,1101,1507,2070
184,1355,1751,582,1283,1010,1512,1058,1054,1764,1705,1149,448,1806,414,43,1961,95,274,1649,1405
185,456,958,1637,31,444,1796,861,8,1995,1197,174,1993,35,1541,289,1156,1869,92,44,1447
186,1355,1751,1283,1512,1010,582,1058,1764,1705,1054,1149,448,1806,414,43,95,712,128,1961,670
187,958,1447,1869,799,174,2034,591,327,1783,2054,804,1581,1559,1022,713,870,513,1937,1583,861
188,944,2054,1621,1440,6,1447,561,991,791,1350,2068,1937,591,871,1750,1322,799,227,7,513
189,1355,1283,1751,1010,582,1054,1512,1058,1764,1705,1149,448,1806,414,1961,95,1649,43,712,990
190,1322,1621,1640,561,1440,6,1699,2054,1350,1937,1447,1869,591,174,804,958,171,116,1870,1559
191,378,990,1522,846,236,1770,942,1276,888,2012,1488,1652,991,944,531,2068,1750,871,1624,791
192,1869,174,1214,1995,958,1559,444,513,1156,171,1541,2054,1447,1581,861,2013,1588,410,870,2034
193,958,1439,1404,1973,1023,804,1261,1814,1342,1567,444,1197,1492,1032,1559,1932,1447,21,298,113
194,174,1869,1322,6,697,909,2034,1586,1032,465,1621,1066,99,804,1932,1640,696,561,113,1046
195,168,1551,727,749,1183,117,1833,832,1650,738,221,128,1725,1721,740,95,1876,489,1115,210
196,696,113,2059,1559,995,916,1779,1534,1066,298,1951,1009,790,819,1046,200,1567,1032,465,909
197,1355,1751,1283,1512,582,1010,1058,1705,1764,1054,448,1149,414,1806,1649,43,1400,712,670,93
198,991,1750,944,227,1480,1541,871,791,444,2068,531,1447,1995,1156,823,1937,591,713,1933,1869
199,740,1779,1951,1387,117,1009,958,1796,357,1993,92,1637,8,456,31,35,74,1197,498,1097
200,958,31,1995,1637,456,1796,444,1993,1197,35,289,8,92,823,1156,1933,861,1581,1214,1447
201,1869,174,1447,958,870,6,1559,1937,591,444,1322,1156,1440,2013,1621,410,697,1699,861,581
202,168,1783,364,327,799,1551,171,410,2034,513,210,646,77,483,740,1507,609,832,870,1516
203,7,1588,410,171,2034,513,799,327,1783,44,99,1712,1640,1322,1719,870,1621,1781,174,2013
204,205,262,1511,798,193,195,156,934,571,1969,1384,23,794,444,1156,861,1712,1541,1995,1322
205,1783,513,7,327,171,799,2034,1640,6,1350,1322,1440,904,1699,1621,2054,852,1507,753,1971
206,799,513,171,327,1783,7,2034,410,1995,861,444,2054,1156,1581,1640,1588,1933,1621,1541,823
207,174,591,1447,1869,444,6,1440,1156,1640,1541,1933,1995,1699,861,1621,1214,561,1322,227,1559
208,1322,174,1621,6,1440,1869,1640,68,1699,410,1046,561,1447,1559,1144,995,2059,909,698,1032
209,410,1588,799,171,870,2034,44,327,1783,7,581,513,958,1781,174,1869,977,156,99,571
210,1322,1640,561,171,2034,1588,1440,1621,327,1699,6,513,1783,410,7,2054,116,1870,1937,799
211,168,410,171,799,7,1783,1588,2034,327,1010,1764,1355,513,1664,1705,1870,1512,43,1283,364
212,410,1588,7,171,2034,513,799,327,1712,1783,99,1640,1322,1719,870,1621,1781,364,44,174
213,727,1833,221,14,93,852,1396,749,881,1721,1958,1056,109,1964,1183,1703,153,1461,403,1274
214,1993,31,357,1350,8,35,92,1637,1796,456,2054,1097,1937,1719,2037,1100,498,977,74,1322
215,1783,513,7,327,171,799,2034,1581,1640,6,1350,1322,1440,1937,2054,1404,2013,1439,1621,1100
216,727,1833,14,221,1396,93,749,852,1703,881,1749,763,1923,299,738,1672,1961,718,1286,132
217,513,1783,7,171,327,2034,799,1322,1066,1640,561,410,1621,1440,1588,6,1581,1712,2059,804
218,991,871,944,2068,791,1750,621,679,1108,1592,1480,1219,422,2043,122,594,1898,531,1692,729
219,513,804,1783,1559,1023,7,171,1342,909,327,1284,2034,696,113,1144,995,465,2059,1066,799
220,1796,456,1993,35,1637,8,92,31,1197,357,958,498,74,444,861,1995,1933,1156,1869,1541
221,1447,616,909,1330,591,1883,1567,113,1046,1032,68,1066,1559,1476,171,799,7,1284,2034,174
222,174,1322,1869,1621,1640,6,561,1440,513,1699,870,99,581,1781,2034,1783,861,697,7,410
223,513,1783,7,171,327,1712,799,2034,870,561,1640,1588,1322,174,581,1581,410,1315,2054,579
224,1355,1283,1751,1054,1512,1010,582,1058,1705,1764,1149,1806,414,448,274,1649,43,819,712,670
225,174,1869,1447,2013,958,99,2054,1350,513,116,2034,327,1308,591,7,799,1332,1640,171,1322
226,958,327,799,2034,861,444,1156,1995,513,171,7,1541,1783,823,2054,44,1214,1933,99,1781
227,2068,871,991,944,1480,1750,444,791,1214,122,823,861,594,1933,2065,1995,1541,1108,1219,227
228,1064,1718,375,1018,991,1684,791,839,806,2068,871,1480,679,1108,1750,1219,1800,759,944,905
229,1621,561,513,444,823,1640,1995,327,591,1322,1541,861,713,1447,1214,227,1440,1933,6,1156
230,1796,1993,357,35,92,456,8,1197,31,498,1637,74,958,289,1133,2054,804,1064,1018,870
231,444,1995,1214,861,1933,1541,1156,823,958,1637,456,35,498,1993,1197,31,1581,8,2037,357
232,168,327,171,1783,832,1832,513,1910,1241,1551,846,230,1056,1315,1789,268,105,1971,684,688
233,1214,1933,861,1995,823,444,1541,1156,958,44,1869,2037,456,1581,35,31,991,1637,1993,498
234,1581,1322,958,561,1640,1621,6,1440,1699,525,713,1056,289,1325,1995,730,1719,1869,498,1100
235,513,171,1783,327,799,7,2034,410,1588,870,2054,99,1350,581,1781,1937,1640,1621,289,753
236,1718,1064,375,1684,1018,806,991,531,791,871,719,1692,1750,944,1624,1480,2068,691,963,1133
237,444,1214,861,174,1541,1933,1869,1995,1156,823,958,99,581,870,1581,2013,1781,1144,696,1583
238,1684,1133,1718,677,1064,375,806,1018,958,1559,1439,1973,1404,1221,1023,1932,1750,21,1480,804
239,1559,2059,1342,804,1144,1032,465,1023,1066,68,698,909,174,524,995,113,298,696,1567,1932
240,513,171,7,1783,327,799,2034,1869,174,697,1712,1581,958,581,870,2013,99,1542,613,138
241,799,513,327,171,2034,410,7,1588,1783,753,1581,561,1325,1509,1322,713,1621,1640,6,174
242,1214,823,444,1581,1133,1933,861,1541,1156,1995,227,591,958,1869,174,677,1718,1018,1447,1684
243,174,1869,1621,934,1342,193,1559,1511,804,262,1322,6,156,698,195,1440,205,1032,1640,561
244,513,444,7,861,1995,1214,327,1581,1156,1541,1783,799,1933,171,823,2034,958,410,227,2054
245,861,444,958,174,1995,1869,1581,1156,1447,1541,1933,1214,456,1637,823,35,591,1993,357,99
246,1995,444,861,1796,1541,958,1156,35,456,1637,357,823,1214,8,1197,31,92,1933,74,498
247,168,483,440,718,794,255,1779,1188,2006,817,799,2034,1207,1183,323,896,609,952,650,941
248,1355,582,1751,1283,1512,1054,1010,1705,1058,1764,1149,448,1806,414,670,819,1405,274,575,358
249,861,444,1214,823,1995,958,1156,1933,1541,1447,591,1581,1023,44,696,2059,113,1032,289,916
250,513,410,1588,327,171,799,7,2034,1783,2054,870,581,99,977,1937,1781,1350,713,1640,1621
251,174,1869,1559,804,1066,2059,1342,113,465,1621,1586,6,995,68,1440,171,513,696,524,1023
252,1583,1022,787,405,799,798,262,1384,1032,1144,794,934,195,1969,524,2059,193,1511,156,174
253,513,7,799,2034,1783,171,1640,327,227,1308,1322,861,1350,1440,1156,1995,1869,1937,1712,444
254,1541,444,1995,1156,823,1933,1581,1214,861,958,1937,227,2054,1480,1350,591,1869,991,1948,1447
255,1796,357,456,1993,1637,92,8,74,35,1197,498,31,958,444,1995,823,1933,1541,861,591
256,727,1833,221,14,93,1396,749,852,1749,881,1958,1461,1183,109,1964,711,1665,1703,403,1274
257,1796,8,35,456,357,1993,74,1197,1637,92,31,958,498,289,823,1933,1447,1995,1156,44
258,174,1969,195,1511,909,156,1559,262,2059,23,193,1144,1869,1384,1032,804,571,798,934,1583
259,1995,1581,444,861,1541,1156,1869,823,1214,1933,174,156,193,870,99,958,2013,571,195,1439
260,1281,1749,1775,221,93,799,1665,1118,171,43,711,684,168,949,1211,1381,299,1507,2034,210
261,171,513,327,1783,2034,7,799,1588,410,1712,909,68,1066,804,1869,958,113,1032,977,1583
262,839,1108,991,1219,528,1800,679,1898,871,422,1035,759,2043,621,1793,2065,1255,1275,122,1592
263,1779,1951,1387,117,1009,1832,1534,200,914,1763,740,323,819,253,730,1557,1529,1186,1260,168
264,1480,991,2068,871,944,1750,791,378,942,1447,2012,1770,990,227,846,1522,1488,888,679,122
265,727,14,1833,221,93,1396,852,749,1703,738,1749,1664,403,1958,1923,881,1577,1281,265,109
266,174,513,1588,1869,99,410,870,1581,2034,581,713,1783,861,1781,1559,7,799,327,171,444
267,444,1156,861,1933,1214,823,1995,1541,1869,174,958,2059,1066,696,1581,524,1032,995,1915,298
268,1581,174,227,7,513,1869,99,799,327,713,870,2034,581,1783,861,1156,444,1781,1480,1995
269,1214,1995,1581,444,513,410,1156,171,1541,2034,861,7,799,327,1783,823,1933,2054,1640,1588
270,444,1581,861,1541,1156,823,1214,1995,227,991,1933,591,958,677,1869,1064,1133,174,1684,944
271,1712,116,1870,174,2054,1869,1056,1937,1503,1192,145,1308,613,1542,1186,1066,2014,646,1272,861
272,1796,1993,1637,92,8,456,357,31,498,35,1197,74,958,444,1995,823,1933,591,1541,861
273,1355,1751,1010,1283,1512,582,1058,1764,1705,1054,448,1149,414,1806,95,1649,43,1961,712,1400
274,1355,1751,582,1010,1283,1058,1054,1512,1705,1764,1149,448,1806,414,43,1539,274,1961,95,819
275,1796,456,444,1993,35,1637,8,92,1995,31,1197,861,357,958,1214,498,1541,1933,1156,823
276,958,1995,444,861,823,1581,1404,1993,1541,174,1869,92,1933,1156,1973,1624,677,1439,99,1197
277,727,1833,14,93,221,1396,852,749,1703,881,403,1749,1183,718,1958,711,1964,1961,1923,132
278,1833,727,14,221,1396,852,93,749,881,1703,1958,718,132,403,1649,265,1207,1286,1672,1964
279,444,958,475,357,1447,1869,1214,1995,1559,696,1023,1567,804,1933,591,1032,916,1541,174,1781
280,1447,1023,1559,696,1342,909,1567,698,995,465,475,1032,591,113,1046,804,524,1066,298,2059
281,513,1783,799,7,1581,2034,171,327,753,1201,1719,1097,2013,591,1712,1447,1461,1332,1056,168
282,31,1993,357,1796,92,35,1637,498,1350,74,977,2054,1097,1100,8,1308,718,1404,456,958
283,444,1156,1995,1541,861,1214,823,1933,1559,99,958,1447,2013,456,1796,35,2059,696,1637,1197
284,171,2034,327,513,1783,7,799,1056,2054,1350,227,733,952,268,210,1132,126,832,1870,544
285,727,1833,221,93,14,852,1396,749,1958,403,1703,1551,265,881,1964,1588,132,1000,1056,718
286,456,1796,1637,31,92,8,357,1993,35,1197,74,498,958,1995,444,1933,823,861,1581,1214
287,1869,174,1621,1640,1781,870,99,1214,1995,2013,958,1322,581,561,6,1440,410,1559,444,513
288,1214,444,861,1995,1541,1581,1156,1933,823,958,1447,1869,1559,696,475,99,1567,804,591,1032
289,513,327,7,1783,2034,799,171,1640,1581,977,1440,1621,958,6,1325,410,1588,713,1509,609
290,823,1995,958,1447,1156,1933,1621,1440,561,444,1322,591,861,1640,6,44,804,1214,696,1699
291,1869,174,1581,561,1447,1156,6,591,444,1322,1621,1995,861,823,1640,1699,1214,327,958,1440
292,1018,1718,1684,1064,1133,677,375,806,1447,958,531,719,963,861,498,591,1993,434,1438,1869
293,1796,8,456,1993,1637,92,357,31,958,35,1197,74,498,289,1640,561,1440,823,1322,1621
294,1796,456,1637,35,8,958,1197,31,357,74,92,1993,498,444,1933,1995,2037,861,823,1214
295,991,944,1480,2068,871,1750,791,1447,958,1995,1581,444,227,861,1156,1541,1937,1933,1993,823
296,444,861,1541,1156,174,1995,1214,1581,823,958,1869,1933,799,327,2054,713,1937,1712,1350,1783
297,1779,1951,65,1387,117,1009,523,200,474,1873,546,1672,731,1534,358,670,740,224,1667,323
298,1796,92,1993,8,31,357,35,456,1197,1637,74,498,958,99,1440,870,1447,1322,2054,561
299,1718,1064,1684,375,1018,806,719,1692,531,963,839,1133,677,1624,1219,691,434,2065,958,905
300,1796,357,8,92,1637,35,74,31,1993,1197,456,498,958,1032,1567,1697,289,804,1927,1814
301,991,1480,871,1750,2068,944,791,1447,591,174,1869,444,2013,513,1995,227,1541,1156,2034,7
302,1588,289,68,2002,410,524,525,602,1499,113,697,344,197,2034,541,1336,1260,870,1315,696
303,168,43,105,337,609,171,799,364,1783,1705,1512,489,327,1283,1507,870,210,1461,1588,2013
304,871,991,944,2068,1750,1480,378,791,1581,1995,942,444,823,2012,1770,990,1214,227,846,1522
305,1796,1993,31,1637,357,498,92,991,456,1197,8,944,958,35,677,871,591,74,531,1404
306,1637,31,8,92,456,958,1796,35,1993,74,357,1197,498,2054,977,289,1995,1719,1097,2037
307,35,1796,357,456,958,1197,1637,8,92,1993,498,31,74,444,1995,289,1156,861,1933,1214
308,1214,444,861,823,1995,1541,31,1637,1156,2054,1933,35,1937,958,1583,1796,456,787,1993,591
309,444,861,1541,1933,1214,1995,823,1156,991,1480,958,1750,1581,944,791,2068,1869,2013,1447,1342
310,109,299,763,1649,1961,1856,1725,376,95,301,948,1650,1281,1749,881,1721,1539,1577,1775,671
311,1869,174,1342,1023,909,1588,958,1284,1559,113,804,696,995,524,1066,2059,1046,1447,2013,697
312,711,1143,1539,1118,1775,1381,1281,1749,513,799,1712,1588,2034,128,1783,410,171,7,1396,1211
313,1869,444,861,174,1156,99,1937,1214,1581,823,1995,1933,2054,1447,581,958,1781,227,1541,591
314,410,513,1588,7,171,870,327,2034,1581,799,1783,2013,44,99,1781,958,1869,1712,1559,1056
315,958,1581,1995,1637,1993,92,156,798,1869,1447,2054,262,444,174,195,193,8,410,35,456
316,1322,1640,561,958,1621,1699,6,1447,1440,44,861,591,1156,1308,116,1995,804,1870,696,298
317,958,1995,861,444,1156,1447,591,1541,1869,823,2054,1214,174,1637,1933,1581,99,35,8,92
318,991,871,2068,944,791,1480,1750,591,1559,524,1447,1567,804,696,475,1342,995,531,916,1066
319,444,861,1995,1541,1156,1214,823,1933,1581,2013,174,2054,753,99,1869,1937,1559,991,871,1350
320,531,444,174,1869,991,691,791,719,1214,434,1995,1692,1933,963,871,1541,823,2068,1781,958
321,327,410,1581,7,1588,2034,1995,513,799,861,1214,823,1156,1621,1541,444,1640,171,1022,1583
322,513,7,1863,904,1750,1921,1233,1783,2014,166,1507,327,1400,1806,1447,791,934,697,429,679
323,301,1721,1183,1649,763,14,852,1520,1961,1396,727,1833,621,358,903,1856,1000,1725,1274,448
324,958,456,1637,35,1993,357,31,8,498,74,1796,92,1197,1018,677,1684,375,1133,1718,861
325,1796,958,1637,92,1993,8,456,31,357,498,35,1197,1995,74,444,861,1581,1447,289,1156
326,410,1588,7,171,2034,513,799,327,1712,1783,44,1995,1541,1056,99,444,1581,861,1640,1322
327,1588,513,410,1783,7,799,327,2034,171,1712,909,68,804,1066,1869,113,1032,1144,977,475
328,1559,1046,1567,475,1586,1588,1066,696,995,804,1322,524,1023,2059,561,410,1440,1640,958,1032
329,1322,1621,561,6,1640,99,1440,1699,870,1559,410,1588,581,2054,1937,799,1869,1350,1332,513
330,1355,582,1751,1283,1705,1054,1010,1512,1058,1764,1149,43,448,1806,670,414,712,1405,65,1520
331,1621,1322,6,1640,1699,1440,561,1937,804,1350,2034,513,1342,1032,7,591,1447,698,958,2059
332,444,1214,1995,861,1541,1156,1933,823,1869,958,174,1581,1567,1969,804,1342,1447,156,1144,193
333,799,327,513,2034,1783,7,410,1588,1350,171,1870,973,1585,1115,168,1461,715,713,109,519
334,861,444,1995,1156,1869,1541,1581,174,1933,1214,823,591,958,99,2013,1447,1937,991,918,1332
335,31,35,1637,1796,456,958,1993,357,498,92,74,8,1197,444,2037,561,1719,861,804,1214
336,444,1995,823,1933,1541,861,1156,1214,958,1684,591,1447,1018,1581,1133,1438,1064,677,1718,806
337,958,1637,35,1796,1993,92,456,8,357,498,1197,31,74,1447,591,174,1869,99,1133,2054
338,1869,174,1583,787,327,799,1032,1022,456,1342,2034,2059,1144,1559,1066,35,1567,870,1796,1783
339,958,8,456,1796,1993,35,31,1197,1637,357,92,498,74,289,2037,444,861,21,1995,1156
340,861,561,1869,444,1621,6,1156,1640,1322,823,1995,958,591,327,1440,799,804,174,1342,1699
341,958,1993,1796,1995,1197,8,31,1581,1447,92,1637,456,357,444,1869,174,861,498,35,74
342,513,1783,2034,7,799,1588,171,327,410,1581,174,1869,870,1712,977,958,753,1640,561,1404
343,677,1684,1133,375,1718,1064,806,871,1018,991,1480,944,1750,791,2068,1221,444,1197,1993,35
344,1133,677,958,1018,99,1718,1684,1064,870,1440,1447,1322,2054,561,375,1699,1350,581,806,1781
345,410,1588,7,171,2034,513,799,327,1712,1783,44,1056,870,1621,1781,1581,174,444,1541,2013
346,444,823,1933,1214,1995,1541,861,991,1156,1851,2065,1750,122,871,1035,679,621,227,839,1255
347,861,444,1156,1995,1541,1214,823,1933,174,1869,1581,227,958,99,513,991,1332,2068,713,870
348,799,2034,7,1783,327,513,410,1588,171,1640,591,1621,1022,1322,6,1869,561,1447,1583,227
349,679,839,1108,528,1219,905,1800,1898,422,1275,1035,759,2043,621,1793,2065,1255,122,1592,521
350,1322,1440,561,6,2054,1640,1621,1937,1948,174,697,1350,977,1447,1869,1781,870,1699,1056,591
351,327,513,799,171,1783,7,2034,1588,1322,2054,410,1937,6,1869,870,174,561,581,2013,44
352,171,1712,410,799,327,513,2034,2013,2054,1581,7,1783,1588,1583,1201,227,1022,591,977,1056
353,991,871,2068,944,791,1480,1750,621,594,378,1108,679,1718,1522,375,2043,1898,1219,591,839
354,1995,444,861,958,1541,1156,1581,823,1214,1933,1637,174,456,1869,357,1993,498,92,1796,1197
355,456,1637,1796,74,357,1993,498,8,35,31,1197,92,958,289,444,1995,2037,1261,44,1927
356,168,740,1783,727,1115,1551,1779,1865,117,817,1721,799,171,1387,646,1951,105,489,749,1009
357,357,958,35,456,1637,1796,8,31,1541,1214,1197,1993,1156,444,74,498,92,1995,861,99
358,168,327,1783,364,410,799,171,1721,2034,870,513,1588,7,832,1551,2053,609,210,440,613
359,991,1219,679,871,422,1108,2043,839,621,1793,2065,1255,122,1592,2068,944,791,594,1275,528
360,2068,991,791,958,99,871,823,227,944,1447,444,1439,1156,1995,174,2054,236,378,2013,1750
361,174,1869,1447,99,1581,2013,591,378,861,1156,1937,2054,227,990,1781,1933,958,581,823,1750
362,531,1692,1624,691,719,963,434,1018,1684,1718,1522,1064,991,806,375,172,1480,1750,378,791
363,958,44,2054,31,1869,174,1937,35,2037,1588,156,327,1637,871,1995,870,798,561,195,977
364,444,1214,823,861,1933,1995,1541,1581,1156,456,1637,35,1993,1447,357,1133,31,958,8,498
365,1751,1054,1764,1010,1355,1058,582,1705,1512,1111,1283,43,109,168,1405,93,376,712,749,738
366,410,1588,861,444,1995,1214,1933,823,1541,171,1447,1781,1869,1156,799,870,6,561,2013,174
367,1447,1480,174,991,944,2068,227,791,1869,871,591,99,1750,1559,697,870,713,1781,531,1995
368,958,1588,410,561,1621,1440,1781,870,1637,174,799,2054,99,1869,327,6,1640,1796,456,977
369,301,1721,1183,763,1649,1961,679,2002,95,1923,1381,759,621,1118,903,1529,1520,422,1725,1592
370,861,444,1995,1541,1933,1156,1214,823,1783,2054,1588,513,1621,1581,1322,227,410,327,7,171
371,1214,444,823,1995,1541,1156,1933,861,1522,227,1581,378,531,1770,888,1652,2012,1488,846,990
372,1447,174,1869,958,2054,444,31,591,1559,1993,823,1581,227,991,713,1933,1214,1350,1937,870
373,1054,1355,1751,1283,1058,582,1010,1705,1512,1764,43,1649,95,712,128,1844,1961,670,93,1211
374,1621,561,1640,1322,6,1440,958,1699,174,1637,1588,1404,456,31,35,1796,1197,8,410,44
375,174,799,1869,697,1781,227,1712,99,1133,870,2034,513,1783,1201,171,1588,1509,1921,1332,1186
376,301,1721,1183,763,1649,1961,95,1923,1111,2002,1286,1856,1000,1725,1274,1577,14,738,1910,779
377,1581,561,958,1640,174,1322,99,870,2054,1995,1621,1440,1447,444,6,1869,861,823,581,1781
378,1621,193,410,1588,99,1969,1640,713,798,1541,1440,195,1384,1581,1511,205,1781,1322,870,156
379,444,1156,861,1541,1995,1214,1869,958,823,2013,99,1933,1581,174,1973,1404,525,227,8,1197
380,1806,414,448,1149,1512,337,274,255,168,1873,128,670,474,358,1405,575,1832,912,440,1534
381,1640,561,1322,799,1588,171,2034,7,513,6,1440,1447,1621,174,327,1783,870,410,958,193
382,799,327,1783,2034,513,171,7,410,1350,2013,2054,1588,1581,591,1583,1937,1201,227,1022,1325
383,1355,1751,1010,1283,582,1512,1058,1054,1764,1705,1149,448,1806,414,1539,1961,43,95,1649,483
384,679,839,1108,991,528,1219,905,1800,1898,871,422,1275,1035,759,2043,621,1793,2065,1255,122
385,2054,1937,561,1440,1350,1640,1541,1995,1621,861,1322,6,1699,444,870,1439,1214,1581,1853,1056
386,1581,1995,861,1214,823,1156,1588,1541,444,410,1621,2054,1933,513,1640,1869,99,174,6,1447
387,444,861,1214,1933,1541,1995,958,456,823,1156,1581,1447,1637,1439,31,289,92,713,8,1404
388,1447,591,1559,444,804,958,1023,1567,174,1869,698,1342,113,227,696,991,475,2068,1032,357
389,1869,174,2054,524,327,1447,698,513,799,7,1567,465,1439,1559,2013,677,713,697,571,18
390,31,410,1588,35,1637,513,1583,1796,456,787,2034,1993,1783,861,357,498,7,92,405,1022
391,740,1779,1387,1951,117,1009,1796,1993,1534,819,1557,1873,31,1672,1637,474,731,358,523,357
392,861,1541,1995,1156,1933,823,444,1214,719,1624,1692,691,531,434,963,1581,1937,1332,2054,958
393,799,513,1712,1588,2034,145,1783,410,1056,171,7,327,174,1241,1762,1869,671,68,753,697
394,727,1833,221,14,93,852,1396,749,403,1703,265,881,1958,132,718,1551,1577,429,1740,2037
395,1725,1856,727,1281,1396,168,323,1274,364,1749,711,1696,14,1665,483,1186,1863,1381,1721,1289
396,168,799,513,753,1712,1588,2034,1876,1192,1551,1783,410,1056,145,171,7,327,174,437,2070
397,168,1783,799,364,1551,1115,832,609,327,1779,1512,740,730,210,117,513,483,688,2034,904
398,861,958,1156,1541,1447,444,1933,1995,174,977,1214,713,823,1937,410,591,1869,2013,1588,1581
399,1833,727,14,221,1396,93,852,749,1703,1672,763,1749,1183,881,1387,299,718,738,117,523
400,1621,1640,1440,1322,6,1699,561,958,1869,591,1581,174,2034,2054,1937,804,1447,1588,1350,870
401,31,456,1796,1637,498,92,8,357,1993,35,74,1197,958,289,1097,444,2037,1995,1719,1332
402,861,174,2013,1869,1214,1621,6,444,1995,1440,410,1640,1541,1156,1322,44,1712,1581,591,958
403,1921,327,1056,289,31,1581,958,171,1783,44,2013,677,513,456,410,1533,1061,2053,1315,1206
404,958,1637,1796,456,8,1993,35,357,92,31,1197,498,74,289,1869,444,44,1995,174,1447
405,444,861,1995,1156,1541,1869,174,1214,1933,823,1581,753,2054,524,1447,1066,1932,696,1559,99
406,2054,1056,1350,1869,174,1937,753,713,227,377,1447,1332,697,1588,1100,1439,790,410,1581,1948
407,1621,1322,6,1640,1699,1440,561,2054,1937,1350,2034,804,171,1559,7,799,1342,513,113,1447
408,799,513,7,1783,2034,1322,1588,327,1440,171,105,168,753,609,1876,519,733,1350,1461,650
409,168,1721,1783,1551,2002,609,832,7,1115,344,221,410,327,483,171,1921,1833,1183,646,210
410,958,2037,44,289,31,456,1637,1197,1993,1796,35,8,357,1447,1023,696,1932,1559,113,1869
411,958,444,1541,861,1995,1581,171,1214,823,1156,799,327,1869,525,410,1933,513,2034,174,2054
412,168,740,1951,410,1779,1009,1387,117,2053,364,730,1551,1721,1740,1781,2070,1315,221,581,904
413,727,1833,14,221,1396,852,93,749,1749,1923,881,1703,718,1856,1664,711,403,1775,738,1958
414,958,195,1588,410,513,205,23,193,1640,798,571,1637,561,262,156,1322,794,1869,1447,1384
415,958,444,861,1214,1156,1995,1541,823,1933,31,92,1197,1637,591,456,1993,8,2037,357,44
416,1559,804,1342,2059,193,465,1969,262,156,113,1144,696,195,1023,798,1932,174,23,1032,205
417,861,1541,1995,1156,444,1214,1933,823,174,1869,958,2054,1581,870,99,581,1937,2013,1750,2059
418,958,444,861,823,1995,1214,1541,1156,1581,1447,1933,44,591,31,227,2054,1637,561,410,1322
419,1322,6,561,1621,1640,1699,1440,289,1056,713,1404,1439,1100,1870,1581,1937,1948,1869,1973,1325
420,513,799,171,327,2034,1783,7,410,1588,1712,909,68,1066,804,1869,958,1032,1583,1144,44
421,174,1869,1559,2013,465,804,1621,68,99,513,524,870,1588,1640,698,113,909,6,995,1144
422,991,791,944,1750,871,1133,1480,2068,677,1684,1718,375,227,806,531,444,1995,1221,823,679
423,7,171,2034,513,799,327,1783,1581,1640,1995,861,1621,410,1156,1588,44,1056,1440,1719,753
424,8,1637,92,1796,35,31,1993,1197,456,357,74,498,958,1032,1567,289,804,1023,113,1342
425,958,1621,1322,561,1640,1440,6,289,1588,456,174,1637,410,31,35,1100,1796,1699,1197,1056
426,1796,456,1637,958,357,31,8,92,1993,35,1197,74,498,1995,444,1933,823,289,1156,861
427,1869,174,697,2059,1322,6,1066,1032,1023,1915,909,465,113,2034,1586,1932,1621,696,99,1342
428,1995,1581,1214,444,861,823,1156,1541,1933,1869,410,174,1783,1447,513,1588,99,2013,713,591
429,1637,31,8,92,456,958,1796,35,1993,74,2054,561,357,1197,498,6,1322,1719,977,289
430,174,1869,1342,1559,804,465,861,1066,1156,444,1023,1144,524,298,909,1915,1046,2059,591,1214
431,327,513,7,799,171,2034,1783,1588,410,1712,1322,1621,1640,561,870,1440,1937,99,6,794
432,456,1637,35,1993,357,31,8,958,498,74,1796,561,92,1197,1322,1440,1133,1621,6,1718
433,444,1637,1995,92,456,357,35,1214,1796,1993,1933,1156,8,498,31,861,1541,1197,74,823
434,1214,444,1581,1541,861,823,1995,1933,591,1156,1869,1447,227,174,99,2054,1937,513,1439,581
435,31,456,1796,1637,498,92,8,357,1993,35,74,1197,444,1995,861,958,1214,1933,823,1541
436,1214,456,1993,1637,498,861,1869,1995,174,357,74,31,8,1796,2054,6,1197,561,99,1332
437,174,1969,195,1511,156,1869,262,23,193,1384,571,798,934,794,205,861,444,1156,1022,1214
438,1447,591,1559,561,1440,1322,804,1621,6,1023,1567,698,1342,113,696,475,1032,916,1640,524
439,1640,1322,1440,1621,6,1699,561,1781,870,465,753,1144,2013,1201,99,995,193,1332,298,1032
440,1355,1283,1751,582,1512,1054,1010,1705,1058,1764,1149,448,414,1806,1649,43,1400,712,93,483
441,444,1541,1995,1933,861,823,1214,1156,1750,791,991,871,1581,174,2068,958,1480,1869,944,691
442,1995,958,444,1637,861,357,456,35,1581,823,1993,92,1796,1214,74,31,1541,1156,498,1933
443,958,444,823,1995,1214,1541,1156,861,1933,591,44,2054,1869,31,174,1937,227,1447,35,1350
444,168,1783,799,410,1551,1588,513,171,561,870,327,1115,153,448,2034,2053,1512,749,364,7
445,1581,444,823,1214,1995,861,1933,227,1447,1156,958,1541,531,1064,1869,591,1133,375,1718,1018
446,1779,1951,740,1387,117,1009,1796,456,1056,65,1534,74,819,237,200,1438,35,1557,948,1873
447,174,1869,99,2013,870,1781,861,1559,444,995,1066,804,1032,958,909,68,1995,1541,1342,696
448,871,1480,991,944,444,1750,791,2068,861,1541,1718,958,1869,1684,1995,1581,1156,227,1064,375
449,1796,1637,92,8,456,1993,31,357,498,35,1995,1197,958,74,444,861,1581,1541,1156,823
450,1064,991,1750,1684,375,1108,839,1718,2068,871,2065,1018,944,791,122,679,806,1219,594,621
451,1064,1718,991,1018,1684,375,839,2068,871,791,679,806,1108,1750,1219,944,1692,621,2065,759
452,1355,1751,1010,582,1054,1283,1058,1512,1705,1764,1149,448,414,1806,95,1961,1649,1539,43,712
453,958,2037,44,1995,861,444,1156,289,1447,456,1023,696,591,995,1541,1932,1559,1637,909,1869
454,168,43,1512,171,799,2053,1832,1315,1115,1705,1783,483,749,327,105,337,364,1283,210,1111
455,1440,1640,1621,561,1699,6,1322,1870,113,116,1350,2037,2034,804,1100,289,799,958,1308,1581
456,861,1156,444,1581,1995,958,823,1933,1541,1214,227,44,2037,99,2054,525,1869,2013,1404,174
457,456,1637,958,1796,31,8,92,1993,35,1197,357,74,498,1995,444,1933,289,823,1156,861
458,727,1833,14,221,93,1396,852,749,1749,1703,738,711,1923,881,265,1664,718,1183,403,1740
459,1559,804,1032,1932,113,696,995,475,1066,68,698,524,909,465,1046,1567,1342,1023,1869,2059
460,991,1750,2068,871,944,791,1480,227,444,1995,531,823,1933,1692,1541,1214,1064,861,1156,236
461,1637,357,456,35,1993,92,1796,74,31,498,8,1197,958,289,444,2037,1995,44,1342,1541
462,1721,1542,377,437,1206,753,1418,1308,1806,544,420,1397,153,801,1832,817,6,1322,1461,43
463,301,1721,1183,763,1649,1118,621,1381,679,1520,1286,1529,1910,819,1010,1923,2002,1961,422,852
464,174,2013,1869,861,444,513,1995,1156,327,1214,697,7,2054,1350,1541,1937,799,1783,2034,99
465,1995,958,444,861,823,1214,1541,31,1156,1933,1637,456,35,357,1993,1447,2037,44,92,8
466,1783,410,327,513,799,171,2034,6,1588,1322,1621,7,193,195,23,934,1440,1640,561,1969
467,513,171,1783,7,799,327,2034,753,1581,1447,1588,410,1621,2013,591,1201,227,1100,323,1712
468,958,456,1637,31,1993,1796,8,1197,2037,35,92,74,44,498,357,289,1869,444,1995,174
469,1869,174,1581,1156,1447,444,1937,1995,861,823,227,1214,958,591,1541,1933,991,2054,2068,99
470,168,327,171,2034,7,1783,799,513,715,973,1461,904,1806,832,323,1308,2006,1268,688,1097
471,1869,174,958,1995,1156,444,1214,861,1559,1933,823,581,99,2013,1583,995,870,1915,787,1144
472,444,174,1214,1869,1156,1995,861,1541,799,513,327,823,1581,1750,871,958,171,791,1783,1932
473,727,1833,221,14,1396,93,852,749,1703,1749,1856,1183,881,1664,738,763,1649,1725,948,109
474,958,31,1637,456,1995,8,1993,92,444,823,1197,35,1933,1796,357,1156,74,861,1581,1214
475,444,861,1933,1214,1995,1541,1581,823,1156,99,958,174,227,1993,1869,2054,1937,1197,8,74
476,513,799,171,1783,7,327,2034,410,1581,1995,1588,958,1214,1712,861,591,1156,1541,823,1350
477,227,991,1480,2054,1937,944,2068,1447,444,1541,798,1750,934,1156,1995,193,205,861,871,591
478,168,1783,1551,1115,1865,799,171,289,105,1507,1315,1503,740,1779,965,870,337,489,327,2070
479,513,7,799,171,2034,1588,327,410,870,1783,1581,99,1201,1781,958,1869,1712,44,1559,571
480,958,525,2054,357,870,1559,977,524,174,1480,68,1588,99,1937,1640,698,1350,444,1023,410
481,410,444,1156,1995,1588,870,99,1869,174,861,1581,513,2013,823,1933,1781,581,958,1559,1541
482,799,2034,327,1783,513,171,7,1056,870,1712,581,977,1588,1781,1201,713,289,1404,753,323
483,1581,378,861,1156,1869,1750,227,990,791,2068,1933,958,1447,823,1214,871,1652,444,591,942
484,531,1692,719,691,1624,434,963,991,1480,1750,791,378,798,1488,193,944,195,1522,871,2068
485,958,456,1993,1796,8,357,1637,31,92,1197,74,498,35,1214,823,1995,591,444,1933,561
486,958,1995,861,444,1156,289,327,1541,1637,44,823,456,1796,35,2054,1214,1197,8,31,977
487,1355,1751,1283,1010,1054,1512,582,1058,1705,1764,1149,414,1806,448,95,1649,43,1961,712,1539
488,1064,1718,375,1018,1684,806,1133,677,958,839,1221,621,444,1255,1488,1750,236,871,1108,791
489,1796,92,1993,35,456,357,1637,31,1197,8,498,74,958,444,1995,1933,861,823,1156,174
490,456,1637,1796,74,357,1993,498,8,35,31,1197,92,958,861,823,1214,1447,444,1933,2054
491,1214,823,444,1933,1995,991,861,1541,791,2068,1750,531,944,871,958,1480,1447,1156,719,691
492,991,871,2068,1480,791,944,1750,1447,1869,227,531,591,958,823,861,444,1541,1156,2013,174
493,1355,1751,582,1283,1512,1054,1010,1705,1058,1764,1149,448,414,1806,670,819,1405,274,358,65
494,444,958,2037,861,1995,1869,1156,44,174,1541,995,1214,1581,696,870,1933,99,289,113,1559
495,1581,1640,561,1995,1440,1322,1621,823,861,6,1869,1156,444,1214,591,174,1447,2013,1933,958
496,444,1214,1541,861,1933,1156,1995,823,958,1581,1637,1993,35,456,227,92,31,8,2037,44
497,1640,6,1322,1440,1581,1699,1621,602,2054,1097,1350,7,1937,1268,268,519,410,2034,1507,799
498,1869,174,787,1022,2059,870,1796,1144,35,1032,958,456,405,1322,498,581,1350,524,156,561
499,991,871,1750,2068,791,1480,944,903,227,531,444,1718,1684,621,1581,594,942,1064,378,861
500,444,1995,861,958,1214,1541,1933,1156,823,1993,1796,1197,8,31,92,1637,456,1581,357,174
501,410,1588,171,1783,327,513,2034,799,7,1712,804,1869,958,977,68,1144,995,44,289,1066
502,991,2068,1480,944,871,1750,791,1133,1064,524,1447,1684,227,1718,1559,375,1567,677,113,696
503,1869,174,99,1581,410,1144,1583,1022,870,581,696,1447,995,2059,1781,1559,909,1032,465,958
504,301,1721,1183,1649,763,621,14,679,1396,1592,1520,759,852,2043,1961,839,1054,1108,1833,422
505,1796,92,1993,35,456,357,1637,31,1197,8,498,74,958,1995,1933,444,823,1156,861,289
506,489,1876,1551,1056,1396,965,210,1665,1749,1950,1775,727,684,1000,799,1853,1188,174,852,648
507,1995,444,1214,1541,861,1156,1933,823,958,1581,1637,44,1796,8,2013,525,1993,1197,31,289
508,1581,6,1640,1440,1621,591,1322,561,1699,1783,1995,327,227,861,1214,513,2034,1447,171,1325
509,95,1923,14,763,1649,1856,1705,1958,1833,221,738,1961,648,236,1054,1183,1522,403,1725,1010
510,513,799,7,1322,1640,327,561,2034,171,1440,1783,1621,1201,870,1699,6,1581,1712,804,1559
511,799,1783,7,513,171,2034,327,1156,591,1056,444,1308,116,1995,713,525,1588,1559,1325,1509
512,1539,299,1749,1396,852,1958,221,1143,109,1111,1856,582,1381,1725,1281,403,881,1665,727,712
513,1480,991,2068,944,871,1750,791,531,1692,691,1592,378,903,679,1133,422,1064,719,2065,1108
514,168,1507,1783,1315,1779,740,799,1664,1551,738,364,1721,210,171,1101,337,749,1111,153,529
515,2054,1350,1447,174,1937,1869,289,1640,2013,1581,977,1022,870,561,2037,591,958,44,713,1056
516,301,1721,1183,763,679,621,422,575,1529,2043,1592,1649,1520,759,523,1800,903,819,905,1961
517,1751,1058,1010,1984,1542,38,1512,403,1042,582,1577,145,727,1870,1764,1274,337,646,1283,138
518,1355,1283,1665,1010,1000,881,1211,153,648,43,1058,582,1512,197,684,120,1764,1111,1950,274
519,958,456,1637,1993,31,1796,8,444,1197,1995,35,357,289,92,74,2037,498,1869,1541,174
520,168,1396,1833,727,852,221,1281,14,1749,799,1516,715,1381,1551,93,171,1775,43,1183,718
521,301,1721,1183,1649,1725,621,14,1856,2002,763,168,679,648,1592,1923,903,1286,422,905,403
522,799,513,1783,870,1322,171,2034,561,7,99,1440,1588,410,581,1640,6,1621,327,861,1214
523,1214,1995,861,444,1933,1156,1541,823,958,1581,1637,456,1796,1993,31,1197,8,35,1869,74
524,168,1315,1115,364,358,1405,105,1783,1111,1507,153,1551,738,1101,790,1721,749,489,575,1779
525,8,456,1993,357,1197,1796,92,1637,31,74,498,35,958,870,2054,236,378,823,1115,846
526,444,1214,1995,861,823,1933,1541,1156,958,1581,1993,456,1637,1197,35,31,2013,8,498,174
527,168,171,561,1783,1115,1699,1621,2034,1551,327,799,7,1865,410,364,1322,1440,43,1640,513
528,958,444,1637,1796,1995,35,1869,31,289,1993,1197,92,456,8,1156,861,357,1933,1214,1439
529,174,1869,1621,1342,1559,804,1322,6,698,1440,193,1032,1640,561,465,909,410,1046,1915,1699
530,799,513,753,1712,1588,2034,965,1783,410,1056,171,7,327,174,1336,1869,168,68,688,1206
531,357,92,1993,1796,35,456,8,31,74,1197,1637,498,958,289,2054,1350,1937,1869,44,174
532,376,1577,1111,1740,68,730,1144,909,23,113,1932,1284,1200,298,524,698,465,1567,1915,475
533,861,1581,958,1156,1541,1447,444,1933,1995,174,977,1214,713,823,1937,591,1869,2013,2054,1948
534,227,444,1995,823,1933,1541,1214,861,1156,1219,122,2068,991,1869,958,1447,1800,1221,1404,174
535,1869,1447,591,174,99,561,870,1322,1621,581,1440,958,1781,6,1640,713,2013,1699,1948,697
536,1995,1933,1869,444,174,823,1214,1156,861,1541,1350,1937,581,991,846,1853,2054,378,871,990
537,958,1156,444,1995,861,1993,1869,1214,174,1933,1796,44,1541,31,1637,92,456,823,2054,357
538,958,1796,1993,92,1637,8,456,31,357,498,35,1197,74,444,1995,861,1869,2054,1447,289
539,513,753,289,323,1712,116,1950,807,1115,1783,1853,1581,7,2054,1971,168,99,1937,327,1274
540,799,513,753,1712,1588,2034,1542,1950,965,1783,410,1056,171,7,327,174,249,1336,1188,1832
541,1322,1699,561,1640,6,1621,1447,1440,174,591,1869,995,1559,7,1332,171,698,1586,524,1046
542,1322,561,1869,6,1621,205,571,1440,934,195,1559,798,156,193,99,1511,1640,262,1384,870
543,174,1621,1342,1559,804,1322,6,1384,1869,1440,798,1640,561,861,156,205,1046,1699,1066,696
544,1581,1869,174,958,591,1350,1156,581,444,2054,1995,99,1447,861,6,799,1781,1541,1937,1440
545,513,171,2034,327,1783,799,7,410,1588,2013,2054,1712,1581,591,1201,227,1350,1325,1937,977
546,1869,174,2013,861,1156,444,99,1581,2054,1995,1781,1214,1937,1350,1541,1322,581,1022,870,1621
547,444,861,1995,1156,1541,1933,1214,823,1869,174,1581,524,1023,1284,958,1559,465,1066,696,2059
548,95,14,1183,523,1529,763,221,575,1833,1672,521,224,949,759,738,1740,2065,1396,912,1283
549,958,456,1637,1993,31,1796,8,444,1197,1995,35,357,92,74,498,1541,861,1156,2037,1933
550,444,1995,823,1933,1541,861,1156,1214,958,1637,1581,1951,44,2037,35,1796,498,1447,8,31
551,1581,1214,1156,823,1995,1640,1621,1933,1541,861,174,444,1869,2054,6,410,561,1322,1350,1712
552,168,740,1779,1783,1721,1387,1405,1865,1512,1951,117,1315,1115,1551,738,358,327,274,1101,171
553,444,1995,1214,1541,861,1156,1511,823,1933,1581,1869,156,798,174,205,958,571,870,1969,262
554,799,513,327,7,1783,2034,171,410,1588,1712,1350,2013,2054,1581,591,1583,1937,1201,227,1325
555,174,991,944,2068,1869,1480,791,871,327,1750,513,799,591,2013,1201,839,1783,1932,1712,995
556,6,561,1640,1621,1581,1322,1440,2054,1937,1350,1541,1995,861,1588,410,18,1699,444,870,1439
557,958,1447,1869,591,174,2068,1937,991,1214,823,791,1995,861,871,444,713,2054,227,944,1933
558,168,1779,740,1783,1009,799,1551,1951,117,1387,609,1115,337,1512,730,210,513,327,2070,483
559,1779,740,1951,1796,1387,31,1637,456,35,1993,92,117,8,357,1009,74,498,958,1197,44
560,327,513,1783,7,171,2034,799,2054,1221,1350,1712,753,1937,1551,1404,268,377,1971,832,1201
561,799,327,2034,1783,804,1581,174,171,513,68,475,1332,7,1869,1509,909,581,1144,870,713
562,513,327,171,799,7,1581,2034,1588,410,1783,6,713,1640,2054,958,1712,1621,561,1447,861
563,1869,174,1640,1621,1995,2013,958,1322,870,1581,561,6,1440,410,444,513,1156,171,1559,2054
564,174,1869,1581,1588,262,794,571,156,934,410,1511,2013,193,1969,713,798,195,205,23,870
565,171,799,513,327,2034,1783,7,1156,1214,1995,444,861,410,1933,1541,1588,1640,2054,753,2013
566,958,31,571,156,1993,174,262,35,1995,456,195,357,934,1869,1384,1559,798,1637,444,1969
567,561,1447,591,1322,6,958,8,456,1993,1621,357,1640,1197,1796,1699,92,1637,31,74,498
568,799,513,1588,7,1783,2034,116,1322,327,581,1440,171,410,1781,105,753,1971,525,1350,1699
569,444,1995,1214,357,1796,823,861,35,1993,1156,1637,1933,456,1541,92,8,31,498,1197,958
570,375,1684,1718,1064,1018,806,991,1750,871,944,791,1692,531,2068,1133,1480,719,677,691,1624
571,1637,31,8,92,456,958,1796,35,1993,74,357,1197,498,289,1995,2037,444,861,1933,1581
572,1796,1993,357,35,92,456,8,1197,31,498,1637,74,958,561,289,1322,1350,2054,6,1440
573,727,1833,221,93,14,852,1396,749,1958,1703,1551,1274,265,881,1964,718,403,1975,1000,1740
574,1796,456,8,1993,357,1637,92,31,35,74,1197,498,958,1995,1933,1869,444,1447,1214,1156
575,444,1995,823,861,1214,1541,1156,1933,1796,92,1637,1993,958,1197,456,498,357,35,1581,31
576,1581,1640,1621,591,561,1440,1699,1995,227,327,861,1214,1322,6,1447,1156,2054,7,958,444
577,327,513,1783,799,7,171,2034,2054,1350,1937,1588,713,227,1621,958,753,561,697,1440,870
578,444,1214,1995,1541,861,1933,823,1156,958,1581,1637,456,1993,1796,35,92,498,44,31,8
579,168,2070,410,1779,337,1111,740,1183,1512,730,749,1740,1551,1315,221,1725,210,1115,489,688
580,1796,456,1637,357,92,1993,8,35,1197,31,74,498,1779,1951,740,958,1387,444,117,1009
581,357,1796,456,1993,92,498,74,31,8,1637,35,1197,958,740,117,1009,1387,1779,1261,1814
582,958,1581,444,861,1995,2054,1796,1156,1637,1541,1869,31,1933,289,1993,1197,92,456,35,8
583,958,444,1995,1637,1796,1541,861,1156,35,1869,31,289,1993,1197,92,456,8,1933,357,74
584,6,1621,1640,561,1322,1440,1699,804,1559,1342,113,1046,698,916,1032,1023,465,1783,1066,1932
585,991,1064,1684,944,1750,1480,227,2068,444,1995,1018,871,1133,823,1933,1541,1214,1718,791,861
586,1869,958,870,174,1781,1581,99,581,1447,591,713,1023,1995,1559,44,444,1509,696,909,113
587,1559,174,1869,1032,909,698,1567,2059,1342,804,1144,1066,1932,1046,995,1322,465,475,1915,1023
588,444,861,1995,958,1933,1156,1541,1214,823,581,870,99,1869,1637,1781,1197,498,1581,1796,298
589,591,1559,1447,1322,561,804,1342,1440,698,6,1699,465,2059,1621,1032,1144,1023,298,1640,909
590,168,410,1588,1551,730,799,1783,364,1315,153,904,1115,2070,327,561,1910,221,870,1703,483
591,444,1214,1995,861,1541,1933,823,1156,958,1581,456,498,1637,35,1869,357,1993,8,1796,227
592,1133,677,1718,1018,1684,375,806,1064,958,1559,531,1221,1023,1261,1932,1439,804,1567,21,791
593,1581,1995,861,1214,444,1541,1156,823,1933,1439,958,1404,713,1869,1973,227,1621,1100,289,6
594,958,1156,444,1995,861,1993,1869,1214,174,1933,1796,1541,31,1637,92,456,823,2054,357,1197
595,1581,958,799,171,525,2013,410,513,2034,2054,870,327,713,1783,1588,99,7,1308,289,1995
596,444,1712,1439,1404,1995,1937,861,227,327,1156,1541,958,1214,7,513,823,591,977,799,1447
597,168,171,799,7,1783,2034,327,1551,513,648,1241,952,105,1283,268,891,489,1315,1664,442
598,1214,444,861,823,1995,1541,1156,1933,958,1588,2054,410,1937,581,1581,44,7,977,6,870
599,174,1869,410,99,870,861,1156,444,2034,1559,581,823,1781,2013,799,1581,171,1588,1541,116
600,1214,444,861,823,1995,31,1541,35,1637,1156,1933,958,1796,456,1993,591,357,498,44,92
601,1995,958,444,1637,861,357,456,35,1581,823,1993,92,1796,1214,74,31,1541,1156,498,1933
602,513,1712,174,171,799,327,1869,7,2034,1781,227,99,697,1201,870,1783,1588,1186,753,1332
603,1869,174,1440,958,561,1640,1621,1322,6,1581,1559,1447,1032,804,2054,696,99,1023,1699,1066
604,958,456,444,1995,1637,35,1796,823,1197,8,31,1933,591,1541,92,861,1993,1156,1214,357
605,168,740,1783,799,1551,1779,1115,117,609,327,364,483,513,1387,832,1951,440,1865,2034,1009
606,168,1775,711,727,1539,1118,1749,1751,1281,93,1705,1058,1143,1381,1923,712,1764,1512,1725,1111
607,1869,174,1559,1796,804,92,113,8,696,1932,465,870,31,99,1023,995,2059,561,498,35
608,456,8,31,1637,92,1796,35,1993,498,357,74,1197,958,289,1332,1201,444,2037,1995,18
609,958,444,799,2054,1541,861,327,171,1995,1581,1783,410,2034,1214,7,823,1937,513,1156,977
610,513,327,7,1783,2034,799,171,733,1712,1762,753,442,1937,1404,952,230,105,145,166,1201
611,168,1183,749,1551,153,1910,799,1009,210,1740,117,2053,1650,1111,1721,740,832,1664,1703,688
612,958,444,174,1869,1447,861,2054,1541,1995,1156,591,1559,44,1640,561,823,1214,227,1440,195
613,958,456,1993,1796,8,357,1637,31,92,1197,74,498,35,1214,823,1995,591,444,1933,1937
614,174,1869,1022,1621,1342,1559,1583,804,1322,6,405,698,1440,1032,1640,561,465,909,410,1046
615,174,1869,1447,513,995,804,68,591,916,1066,465,909,696,171,1915,698,1559,2059,1023,298
616,958,1869,909,174,870,113,1447,561,1023,1066,1032,1559,696,99,804,1781,995,698,581,1932
617,1355,582,1751,1283,1512,1054,1010,1705,1764,1058,1149,448,1806,414,43,95,712,474,358,274
618,171,2034,1783,513,799,7,327,410,697,1588,1056,1022,1322,1581,1869,6,1621,174,1640,977
619,1581,444,1995,1214,861,1541,823,1156,1933,958,1869,713,227,289,1197,1796,498,2037,1447,1439
620,958,2054,1937,591,6,561,1350,1621,1440,1640,1322,1447,861,174,1995,1699,1781,581,1869,444
621,2054,1937,1350,1640,561,1308,1621,1948,6,289,1440,1056,713,116,1404,1699,1439,1100,1581,227
622,31,456,1796,1637,498,92,8,357,1993,35,74,1197,958,444,1933,1995,861,289,823,1214
623,513,171,7,2034,1783,799,327,410,1640,1322,1214,1350,2054,1995,1621,1870,861,1712,6,1440
624,727,1833,14,1396,221,93,852,749,1958,718,265,1703,738,403,1207,1183,109,881,1664,1577
625,1869,174,1781,870,99,2013,581,1559,444,958,1995,1541,861,1156,1214,465,1621,1322,2059,6
626,410,1588,171,799,7,1783,2034,327,1101,513,852,1870,1315,602,1551,952,965,613,1865,255
627,1581,444,1995,823,1214,861,1541,1156,1933,1796,92,1637,1993,958,1869,1197,456,498,357,35
628,727,1833,14,221,1396,93,852,749,1703,1749,1664,718,738,265,1183,881,1289,1577,109,1649
629,236,378,531,1522,1624,1718,990,888,846,375,942,691,1692,1770,719,1800,1276,1898,1064,729
630,174,1869,1559,1022,1447,909,1032,804,2059,995,68,1583,1066,591,696,1586,1144,475,1342,916
631,174,1869,958,804,99,1447,113,1915,1023,465,2054,2059,696,697,1559,1932,1032,1046,6,1144
632,740,1779,1951,1387,1009,117,1796,357,1993,92,1637,8,958,1534,456,31,819,591,35,74
633,1624,1692,174,963,719,531,434,691,525,1581,1156,1869,958,444,733,1588,591,1100,1322,897
634,1814,21,1061,1261,1697,1133,1927,958,1492,1064,1018,1559,1439,1973,1404,1023,1684,677,1221,1718
635,168,1783,171,799,1551,327,1115,448,337,364,7,738,2070,561,1910,688,2002,153,904,1664
636,958,174,456,444,1637,1869,35,1993,357,99,1133,31,861,8,498,1796,74,1541,870,92
637,1581,2054,1937,958,991,871,1322,174,227,944,1869,1350,99,713,1640,1480,1621,561,1440,870
638,958,174,1447,1869,289,2054,581,870,113,591,1932,44,561,1023,698,995,1032,2037,6,909
639,861,2054,444,870,958,1214,2013,44,1581,1156,1995,174,799,1933,1541,99,823,1869,327,1640
640,410,1588,7,171,2034,513,799,327,1712,1783,44,1995,1541,1056,99,444,1581,861,525,1640
641,168,1551,749,1405,1183,1783,738,1833,1315,1115,221,358,1101,832,95,1721,489,711,1779,1089
642,799,1783,327,513,2034,1995,171,7,444,1214,958,1541,1156,861,1933,1581,823,1439,1712,977
643,1718,806,1018,375,1064,1684,1133,677,958,1559,1439,1973,1404,1221,1023,1932,1750,1480,804,1567
644,168,1783,327,171,7,799,2034,513,410,715,1017,1779,1588,249,832,753,1251,1921,1241,2014
645,405,1869,799,804,1022,1559,1342,581,1066,1932,1583,1023,779,909,298,609,262,465,916,713
646,1869,174,1937,1144,99,1322,1046,581,591,909,1915,1932,1066,697,696,2059,870,2054,1350,1447
647,958,444,799,327,2054,1541,861,171,1995,1581,1783,2034,7,1214,823,1937,513,1973,1156,977
648,444,861,1541,1995,823,1933,1156,1214,1447,591,1581,174,958,991,1869,8,227,35,1637,456
649,591,1447,958,92,1322,1637,74,498,1796,456,8,31,561,2059,1197,1921,465,696,1056,1915
650,31,1993,958,35,1637,357,92,456,444,498,8,591,6,1214,1796,1541,823,74,1197,561
651,168,740,1783,1779,1551,1009,1115,1951,117,799,289,1387,210,1507,1056,965,1832,1865,44,646
652,444,861,1156,1995,1214,1933,823,1541,1581,1447,591,227,958,1937,2054,2013,531,696,713,99
653,378,942,1522,990,1770,888,236,871,846,1276,2012,991,944,1652,2068,531,1750,1480,1624,791
654,168,1115,749,364,1551,1833,1315,105,1783,153,1507,1111,1640,602,870,832,221,489,738,2070
655,174,1969,195,1022,909,1511,1869,1559,262,2059,23,193,1447,1144,1583,1384,1032,804,571,798
656,6,1640,1621,1322,561,1440,1699,958,2054,174,977,591,1937,1447,870,2013,44,1869,289,1056
657,327,171,2034,7,1783,799,513,1516,715,952,210,268,832,965,1308,749,1252,1870,2006,429
658,1783,799,171,2034,327,7,168,513,1551,753,648,1350,2054,1115,145,323,952,1056,1315,1664
659,444,1995,861,1796,1214,1541,958,1933,92,823,456,1637,357,8,35,31,498,1993,1197,74
660,168,711,1539,1118,1775,1751,1281,1705,1749,799,1058,1143,1381,1764,1512,1010,1588,1355,2034,513
661,513,799,1783,327,171,7,2034,410,1588,1350,1712,2054,1581,2013,591,1937,1201,227,1308,116
662,1995,823,444,1933,1156,861,1581,1214,1541,958,1439,1921,1404,1332,918,1447,1097,977,1066,2059
663,2059,113,1567,68,696,1559,909,995,1032,1284,916,1779,1066,298,1915,1951,1009,1046,698,524
664,1447,591,2059,1023,1559,696,1342,524,909,1567,698,995,465,1046,475,1032,113,1586,804,1066
665,958,823,944,1447,1214,991,174,1933,2068,44,2013,1995,791,591,2037,1750,1133,1064,1869,1156
666,1480,991,871,2068,1750,944,791,174,1869,227,958,1559,1937,2054,1447,697,531,99,995,1581
667,727,1833,14,221,1396,93,749,852,1577,1703,1958,1749,1111,265,1740,738,1923,881,1964,718
668,44,327,1056,1933,1783,1156,861,958,823,1214,1995,444,1585,2037,787,378,1971,1346,289,807
669,740,1779,1951,1387,1009,117,958,1796,357,1993,92,1637,8,456,31,35,74,1197,498,1064
670,1621,513,1322,561,1640,1440,327,6,7,2034,171,1783,799,958,1937,1588,1948,1699,1447,2054
671,1581,1869,174,958,2054,1197,92,1796,1993,1439,2013,1567,1559,74,99,1023,444,227,861,1447
672,444,1933,861,823,1995,1214,1541,958,1156,1869,174,1447,591,1993,1637,1796,1559,357,498,31
673,31,35,1637,1796,456,1993,958,357,498,92,74,8,1197,870,2054,823,227,581,1438,1350
674,804,1559,113,696,1342,1932,1032,465,475,1023,698,68,909,524,1046,1066,298,1869,916,995
675,1214,444,861,823,1995,31,1541,35,1637,1156,2054,1933,1937,958,1583,1796,456,787,1993,591
676,1621,1322,6,1640,1699,1440,561,2054,1937,1350,2034,804,171,1559,7,799,1342,513,113,1447
677,1995,1993,1933,444,823,1796,1214,1156,958,861,1541,8,1447,1779,357,31,591,117,740,1637
678,444,958,1995,861,1156,1541,1933,1214,31,823,1637,1581,456,1197,8,1993,1796,35,227,357
679,1621,561,1440,2054,6,1640,1322,410,1588,2034,1937,1699,327,513,1948,1350,289,7,171,1783
680,1995,444,1214,861,1541,513,7,823,1581,1156,799,1933,2034,327,1783,171,2054,1640,1621,227
681,1447,591,444,958,357,1214,1995,1933,1541,823,92,861,8,804,498,31,1993,35,2059,1156
682,1559,1023,804,113,1342,909,465,1032,995,696,698,1567,2059,1932,1066,475,1586,1447,524,1046
683,1581,174,1869,1214,861,1156,444,1995,1541,1933,1447,823,2013,958,1439,227,99,2054,1332,1640
684,1796,357,1637,92,8,1993,74,35,456,1197,31,498,958,1387,289,1951,1779,117,1009,740
685,1637,31,456,35,498,8,1993,92,1995,1796,74,444,357,958,1197,861,1214,1156,823,1933
686,2059,1066,524,1032,995,1915,113,1144,1559,1869,465,804,1342,1567,1284,174,298,1586,696,68
687,174,1869,861,1156,444,1541,99,1559,823,2013,995,2059,696,870,799,1581,171,1447,804,524
688,561,1440,1621,804,1144,1342,1559,6,524,2059,1032,1932,1640,1586,465,1322,1915,909,298,1066
689,410,2034,799,171,1588,1712,804,513,1783,7,1581,174,327,1621,6,68,475,1322,1332,1869
690,444,823,531,1214,991,1447,861,1933,1995,591,1684,1692,1541,691,944,227,719,1869,1064,434
691,1054,1512,852,171,7,1058,1010,727,1783,1870,327,1856,513,1396,1042,582,1764,1283,489,1751
692,799,513,1783,410,1588,327,1712,171,1869,958,2034,44,977,7,1583,289,870,1056,1201,2037
693,958,1637,357,456,35,1993,92,1796,74,31,444,498,1933,1995,8,861,823,1197,1214,1156
694,444,1214,1995,861,1541,1933,823,1156,958,1637,35,1796,1993,92,1581,456,8,357,498,1197
695,799,513,753,1542,1712,1588,2034,965,1783,410,1056,171,7,832,168,327,174,1336,1188,807
696,513,799,171,1783,7,327,2034,1214,1995,444,1156,861,410,1933,1541,1588,823,1712,977,1581
697,740,1779,1951,1387,1009,117,1534,819,200,1796,948,1557,456,474,670,274,74,65,116,1873
698,174,1869,1447,1581,410,513,861,1588,697,327,7,2054,444,1439,571,1214,2013,171,1133,99
699,1869,174,1511,571,2054,193,205,1384,1969,156,798,1583,870,581,1332,958,1022,918,1156,444
700,1796,357,456,1993,1637,92,8,74,35,1197,498,31,1779,1951,740,958,1387,117,1009,1995
701,2054,1640,561,1440,1350,1937,1322,1621,6,1699,195,1948,262,289,1384,1056,713,934,1308,799
702,444,1214,1995,861,823,1933,1541,1156,958,456,1637,35,1581,8,1993,357,1869,92,498,74
703,513,7,1783,327,171,799,1581,2034,958,1447,861,591,227,1995,1214,1156,2054,823,1325,174
704,410,958,870,444,1588,1214,861,1781,99,581,44,1541,977,799,1869,823,1995,1156,174,698
705,1064,375,1718,378,1018,1684,942,1522,806,839,990,1770,991,1692,888,1219,1800,679,236,531
706,174,6,1322,1869,581,1144,870,934,1621,561,713,193,977,958,1022,1588,1332,1559,995,195
707,1581,513,713,174,799,1869,99,7,1588,410,327,1783,2034,861,870,227,1156,444,171,1781
708,456,1637,1796,958,8,31,1993,92,357,35,1197,74,498,1995,444,1933,289,1156,823,861
709,1156,444,823,1995,1541,1933,1214,861,1581,227,1404,1201,99,958,513,2013,1937,1719,327,799
710,958,1796,1993,92,1637,8,456,31,357,498,35,1197,74,1447,174,1995,1869,444,591,1156
711,1214,444,799,410,861,823,1995,327,1541,1588,31,1637,1783,7,1156,2054,1933,1937,513,958
712,410,1588,934,171,513,7,1384,753,2034,327,799,1969,571,193,156,713,1783,798,195,794
713,1869,174,1781,99,870,581,1559,995,1066,909,465,1046,2013,697,1932,804,524,1915,1586,1712
714,174,1869,444,861,99,1781,2013,1156,870,581,958,1214,1581,1937,823,1995,1933,2054,1447,697
715,958,444,1541,861,1995,1581,1214,823,2054,1973,1156,977,1869,1933,174,1439,1781,227,1221,1350
716,991,2068,871,1480,1750,944,791,227,958,1937,1447,1869,531,2054,1581,174,691,444,591,861
717,444,1995,1933,823,861,1214,1156,958,1541,1581,1993,2037,31,498,74,1796,1197,1404,456,44
718,958,444,991,861,2068,1993,1796,1156,1995,1869,1541,357,823,871,1197,1933,944,92,1214,174
719,444,1995,861,1214,1541,1156,1933,823,958,1581,1637,35,1993,498,456,357,227,1796,74,2037
720,444,823,1541,1995,1933,1214,861,1156,1133,1581,958,1993,1796,8,227,1197,1869,31,357,113
721,958,444,31,1993,823,591,1933,1214,1995,861,1541,357,8,1684,1796,1447,92,498,1637,1197
722,727,1833,221,14,1396,93,749,852,1703,1183,881,1958,1749,1649,1923,1672,1740,1577,1664,1961
723,1869,174,909,1559,1342,1066,1932,698,804,1915,465,1567,1144,1032,113,524,68,475,298,995
724,31,1637,456,958,1796,1993,1197,35,8,92,444,1995,498,357,74,823,1933,591,1541,861
725,861,444,1541,1156,1214,1933,1995,823,1581,1993,456,1637,1796,8,35,498,958,357,74,2013
726,958,591,1937,444,1156,410,861,977,2054,1933,799,2037,1447,581,1214,823,44,1995,1541,6
727,1869,289,2054,44,174,327,99,2034,1937,870,1350,1781,581,561,1440,6,1621,799,1719,2037
728,168,43,1551,153,221,832,799,289,904,749,817,2053,1111,960,1725,1721,740,1950,1507,489
729,958,31,1541,1214,1156,444,35,1995,1993,861,1637,99,2054,227,456,823,1937,1350,1781,92
730,958,2037,456,1637,44,1993,289,31,1796,8,444,1197,1995,35,357,92,74,498,1541,861
731,1559,465,804,1046,909,1342,174,2059,1023,1144,698,561,1932,1032,113,916,1440,524,1869,1066
732,799,410,327,1995,1588,1783,861,1214,823,7,1156,1541,513,444,2034,171,1583,2054,1022,1933
733,444,1995,1541,861,1156,1869,823,1933,1214,174,958,2059,1066,696,524,1032,995,1915,298,113
734,958,1869,444,174,861,1032,1023,696,113,1214,995,804,909,1156,1559,1567,1066,1995,1447,1932
735,1637,31,8,92,456,1796,35,1993,74,357,1197,958,498,289,444,2037,561,1097,1719,861
736,95,1923,523,1958,1529,575,1183,1672,14,221,403,1268,224,949,1833,738,912,1283,897,763
737,444,861,1995,958,1156,823,1541,1933,1214,1581,1869,1637,174,357,1993,498,92,1796,1197,456
738,171,799,513,327,2034,1783,7,1640,1588,1712,870,1350,1440,410,6,1621,1022,1206,1870,1308
739,1637,444,92,1541,456,357,35,1796,1995,1993,1933,1156,861,8,498,31,1197,1214,74,958
740,1796,1993,357,35,92,456,8,1197,31,498,1637,74,958,1684,289,1018,1133,1064,677,1718
741,227,991,1995,1581,1480,444,713,1937,944,2068,2054,1447,1156,1541,1973,1750,1404,861,871,591
742,799,513,327,7,1783,2034,171,1156,1640,1995,444,861,1214,6,1440,1699,1322,1621,2013,1712
743,456,1637,1796,74,357,1993,498,8,35,31,1197,92,958,1032,1567,1697,289,804,1927,1814
744,31,456,1796,1637,498,92,8,357,1993,35,74,1197,958,1995,1933,444,823,1214,1156,861
745,174,1869,1712,870,1588,99,2013,410,513,7,1559,171,44,581,799,68,156,1783,262,571
746,1064,1018,1718,1684,806,375,1133,677,991,227,791,531,871,1750,944,1581,1480,2068,1221,958
747,804,1583,68,1032,1022,1699,1342,1284,916,1932,1796,475,787,113,524,1559,677,465,1046,696
748,444,1214,1995,1541,1156,861,1933,823,958,1637,1993,1581,1869,456,8,357,1796,74,498,227
749,799,2037,327,2034,1783,171,44,513,35,7,1022,753,965,1350,1937,930,1583,74,2054,21
750,839,905,679,594,1108,1844,1219,621,122,1851,1035,1793,1898,1592,759,375,1800,172,2065,422
751,444,861,1995,1541,1214,823,1933,1156,1581,958,1404,174,1869,44,1637,456,1133,35,1439,2037
752,1322,561,6,1440,1621,1699,1640,804,1559,1342,113,1447,958,1046,698,7,174,916,1032,1869
753,1559,2034,1869,1046,327,2013,1783,799,804,1342,1915,174,1588,1023,513,7,475,171,1932,113
754,1779,740,1387,1951,117,1009,1534,474,200,819,1557,1873,65,670,912,224,948,731,523,1672
755,1581,444,1995,823,1214,861,1541,1156,1933,1796,92,1637,1993,958,1197,456,498,357,35,31
756,171,327,799,7,410,1783,513,1588,2034,1640,1621,870,1712,561,1937,99,1322,1440,6,2013
757,168,740,799,1783,730,832,1779,364,327,1551,1115,513,230,337,2034,7,817,1283,904,1101
758,1796,1993,357,35,92,456,8,1197,31,1637,498,74,958,561,1322,289,1621,6,1699,1440
759,727,1833,14,1396,221,93,852,749,1856,1703,738,1183,109,881,1961,1664,718,1577,153,299
760,799,327,1783,7,513,1156,1214,2034,171,1995,444,861,1583,410,1933,1541,6,1588,2054,870
761,31,456,1637,8,1796,1993,35,92,1197,498,444,74,1995,861,958,357,1214,1541,1933,823
762,1869,174,444,1156,410,2013,861,227,1933,1214,823,1995,1541,1581,991,1588,870,2068,934,958
763,1796,8,456,31,357,1993,1637,92,35,1197,444,498,74,1995,861,958,1214,1541,1933,823
764,174,1869,861,1156,444,561,6,1640,99,1541,1621,410,1322,1559,1440,823,870,1781,2013,1581
765,1796,1779,8,35,456,357,740,1993,74,1197,1637,1951,92,31,1009,958,1387,498,117,823
766,1054,1355,1751,1283,1058,582,1010,1705,1512,1764,43,1649,95,712,763,474,358,274,1923,670
767,444,1214,1995,1541,861,1933,1156,823,1993,456,1796,35,357,1637,8,498,958,1197,74,1581
768,1156,444,861,1995,1214,1869,174,1933,823,1541,1350,1581,531,1853,1332,1937,2054,99,581,1781
769,727,1833,1396,852,14,168,221,43,1183,1806,210,881,1649,1545,1703,448,414,1355,1461,1961
770,513,171,1783,327,799,7,2034,410,1588,2054,1350,1640,1621,1781,713,1937,99,870,958,1712
771,174,1869,1022,934,798,262,193,1511,195,23,156,794,1384,1583,205,1969,99,571,787,870
772,513,327,2034,7,1322,1640,799,561,958,1621,171,6,1699,1440,1783,861,1937,174,1156,193
773,958,1869,174,1995,2054,1541,444,1156,1993,1933,227,1937,1781,823,861,357,870,1350,99,1214
774,168,1322,1640,1621,1699,513,582,609,1751,1440,561,1937,1764,1283,779,1542,344,420,613,1054
775,1588,410,197,1740,1272,376,323,1581,168,1100,1241,105,1775,1111,68,145,442,727,648,1749
776,168,2034,7,1783,171,513,327,799,2013,1588,1507,410,1325,1056,1042,958,289,1542,904,870
777,1396,727,1186,221,1192,1833,323,197,613,1712,255,896,138,1725,14,1581,43,7,1272,440
778,444,1995,861,1214,1541,1933,1156,823,958,1581,456,174,1637,35,1993,357,31,1869,8,498
779,444,1995,1214,861,1541,1156,1933,823,1869,174,1581,1023,958,1559,1066,465,696,2059,298,804
780,1993,31,357,1350,8,35,92,1637,1796,456,2054,1097,1937,1719,2037,1100,498,977,74,1322
781,958,1581,1995,444,861,591,823,1993,1541,1404,1447,92,1933,1156,804,1197,2054,1133,1637,8
782,1718,1018,806,375,1064,1684,1133,677,958,531,1439,1973,1404,1221,1559,1750,1480,691,791,871
783,444,861,1995,1156,1541,1933,1214,823,1439,1581,958,1993,991,1796,8,1684,2068,1404,1197,1869
784,168,1588,410,1115,2070,221,210,730,740,749,1551,337,832,489,1315,1910,1017,14,1865,870
785,444,1559,1447,823,1214,861,227,991,1933,1995,591,677,1541,1064,804,1133,2054,1684,1567,944
786,1684,375,1718,1064,806,1133,1018,677,991,958,791,871,1750,944,2054,174,1869,99,1480,1581
787,444,861,1214,1933,1581,1541,1995,958,456,823,1156,1637,1404,1439,31,289,92,713,8,1993
788,444,1214,1995,1933,1541,823,958,1156,861,1783,327,171,1581,799,1097,174,2054,846,990,1719
789,434,531,1692,691,719,963,1624,958,227,1018,1559,871,1750,991,2059,804,861,1869,591,791
790,991,1750,944,791,871,2068,1480,531,1692,691,174,958,1624,444,1869,227,1541,823,1214,719
791,1869,174,99,156,2013,870,2054,193,1781,1511,1350,1640,571,958,1937,23,262,1621,6,1156
792,1995,444,861,1933,1541,1214,1156,823,958,1581,1637,35,1993,498,456,357,227,1796,74,2037
793,1064,1796,1018,806,1684,1993,375,1718,991,2068,31,1637,871,357,498,92,1133,1750,456,1197
794,519,753,1447,1512,1832,1581,1461,168,337,941,1251,1252,688,897,1964,1100,1806,1870,1516,1910
795,444,1995,1214,1637,92,1541,456,357,35,1796,1993,1933,1156,861,8,498,31,1197,74,823
796,1995,958,444,1637,861,357,456,35,1993,92,1796,74,31,1214,1541,1156,498,1933,823,8
797,1559,804,113,861,696,465,1023,995,1932,2059,99,698,475,1032,909,174,298,444,1567,1214
798,1796,456,1993,35,1637,8,92,31,1197,357,498,958,74,444,861,1214,1995,823,1156,1933
799,1995,823,444,1933,1156,861,1214,1541,958,1581,456,498,1637,35,357,1993,8,1796,31,2037
800,1869,174,99,2013,861,581,1156,444,1581,2054,1995,1781,1214,1937,1350,1541,958,823,1933,799
801,174,909,1869,1559,2059,1447,1144,1032,804,513,1066,591,696,1586,1342,1915,171,916,465,475
802,1995,1156,1214,1869,1581,444,2054,861,1541,823,1937,1621,1933,6,1440,2013,156,1350,958,1583
803,262,174,1322,1869,2054,1969,1699,571,561,870,1308,6,787,1022,1384,1937,156,465,2059,697
804,444,958,1541,1214,1995,171,1581,799,861,174,2054,677,327,1156,823,1869,513,1719,2034,99
805,861,444,1581,1156,1214,1995,1447,823,1933,1541,591,174,958,991,1869,8,227,35,1637,456
806,727,1833,14,221,1396,93,749,852,1749,738,1703,1751,1923,1355,1512,1958,881,1705,403,1664
807,1214,444,1995,1933,861,1541,823,1156,958,1581,2013,174,1637,498,456,44,2037,1404,730,236
808,513,410,7,171,327,2034,591,1581,1640,799,1783,1995,1588,2054,958,1712,1322,1440,1214,1350
809,799,513,1783,327,171,7,2034,753,1719,1581,1588,1097,715,289,579,410,1404,1712,1100,904
810,909,1342,1023,113,1284,1046,1559,475,804,1066,696,995,2059,1567,916,465,698,1144,1915,1588
811,1995,958,444,1637,861,357,456,35,1581,1993,92,1796,74,31,1541,1156,498,823,8,1214
812,168,1551,327,410,171,727,1865,1783,513,364,1721,7,749,799,832,1115,489,1251,730,1588
813,301,1721,1183,1649,621,1054,1010,763,1520,1381,1355,1833,738,679,1529,1751,1910,819,14,1923
814,513,799,1783,327,171,7,2034,958,410,1581,1588,444,1541,1439,1995,1156,861,1214,1712,977
815,2054,1350,174,1621,1447,1581,581,1322,1869,99,870,1440,561,958,713,1699,1781,1439,289,1404
816,1796,1993,357,31,456,1637,35,8,1197,92,498,74,958,289,1447,1322,677,1781,2054,561
817,1796,456,1637,35,8,958,1197,31,357,74,92,1993,498,1995,444,1933,823,1156,861,1214
818,174,1869,1781,99,1921,870,227,513,7,171,1712,1783,1588,327,1447,2034,904,581,1719,790
819,1064,1718,375,1018,991,1684,791,806,839,2068,871,1480,679,1692,1750,378,1108,1800,944,531
820,1214,444,823,861,1541,1156,1933,1995,958,1439,227,1581,18,991,871,677,174,237,1404,1133
821,991,1750,2068,944,1480,871,791,444,1995,227,1541,1156,2013,2054,823,591,1581,1488,174,861
822,1869,174,2059,1322,6,1066,1032,1023,1915,909,465,113,2034,1586,1932,1621,696,99,1342,804
823,171,1783,327,513,2034,410,799,7,1588,1712,2054,1581,2013,591,1937,1022,977,1056,1447,713
824,168,364,171,2053,799,1783,489,613,609,646,327,210,688,483,1507,870,1551,1588,448,440
825,1046,1559,1869,696,995,1932,174,1023,465,804,2059,1032,68,909,698,1915,524,1144,1066,1342
826,958,1624,1692,174,719,963,531,525,1973,434,691,1581,1156,1869,227,799,944,1447,697,977
827,1796,456,357,1993,1637,92,8,35,74,1197,498,31,958,444,1995,823,1933,1541,861,591
828,521,839,2065,1108,1800,1793,1219,1898,1750,122,1255,422,621,1592,1275,444,1064,905,2043,1214
829,168,1779,410,1115,740,1865,749,1551,832,489,1740,730,1557,1588,1951,337,870,1387,1183,2014
830,1796,357,1993,35,92,456,8,1197,31,1637,74,498,958,561,1322,1440,289,1621,6,1699
831,1750,791,991,871,1350,1937,1869,174,2054,2068,1480,944,990,531,513,942,799,1488,1332,1447
832,357,1796,1993,1197,31,92,958,1637,1581,456,174,8,35,1869,74,498,1447,591,1156,227
833,171,2034,327,6,513,1783,1621,1322,262,1440,1640,7,561,289,934,195,1588,799,2054,1511
834,513,1588,327,1783,410,799,2034,7,171,1995,1541,1214,870,1581,2013,958,444,861,561,2054
835,1833,727,14,221,852,1396,93,749,1703,1958,718,132,881,403,1207,429,1649,265,1964,1289
836,727,1833,14,221,1396,93,852,749,763,1183,1649,1672,1923,1703,1961,738,718,1749,711,523
837,1214,444,1995,1933,861,1541,823,1156,958,1581,1637,498,456,44,2037,1404,174,31,1869,1898
838,958,1995,456,289,44,1156,861,444,1933,2037,1541,1993,1637,31,1214,8,823,92,1197,35
839,799,327,2034,1783,171,513,7,753,44,1588,715,410,168,1461,1097,1973,2037,973,2013,289
840,444,823,1995,561,591,1541,861,1447,1214,227,1933,713,1156,6,1640,1581,1937,357,1796,2054
841,227,991,1995,1581,1480,444,2054,713,1937,944,2068,1447,1541,1973,1750,1404,327,861,871,591
842,1355,1751,1010,1283,1512,582,1058,1764,1705,1054,1149,448,1806,414,43,95,1961,1649,128,1400
843,1833,727,14,221,1396,93,852,749,1703,763,1856,1749,1725,711,1183,881,1664,718,738,358
844,799,1581,753,2034,513,1783,1056,1509,1322,1325,561,713,1640,6,174,1621,977,1870,2013,1440
845,958,1993,1637,498,456,92,31,357,74,375,1197,1796,1018,1064,35,8,677,1684,1133,1718
846,2054,1404,1439,1937,205,1581,1511,227,195,798,156,571,1869,193,1973,870,1969,753,1588,934
847,444,1214,861,1933,823,1541,1995,1156,958,525,1581,909,1869,1796,804,1284,1637,357,916,591
848,958,1796,1993,92,1637,8,456,31,357,498,1995,35,1197,74,1581,444,174,861,1541,1869
849,799,1583,327,2034,1022,1066,1783,1201,1342,713,804,870,1559,171,513,696,2059,405,787,1023
850,1640,1322,174,686,646,247,327,6,613,1699,1621,1503,1272,561,712,1542,513,171,1066,727
851,944,1480,2068,991,1750,871,791,1447,591,227,1133,679,1869,1255,531,1219,839,621,174,594
852,958,289,113,174,870,1781,1581,1637,1869,1559,1796,799,2054,99,327,92,995,456,1404,977
853,733,168,1461,1667,249,753,1806,519,1241,323,1542,832,1268,289,2053,1763,1585,973,166,1098
854,444,1933,1995,861,823,1214,174,1156,1869,1541,870,958,1781,977,581,1439,99,2013,1581,2054
855,174,1869,1322,410,99,1559,156,870,1621,444,698,861,1640,561,1144,6,193,1511,581,823
856,444,1995,1933,861,1214,1541,823,1156,958,1581,2013,174,1637,498,456,44,2037,1404,31,99
857,958,456,31,1637,8,1993,1796,1197,35,92,498,74,2037,357,289,44,444,1933,1995,861
858,1214,444,1995,861,1933,1541,1156,823,1581,958,1637,1993,456,8,357,1796,74,498,31,35
859,958,456,1637,1993,2037,31,1796,8,289,1197,35,357,44,92,74,498,444,1995,1933,861
860,958,327,977,1588,1995,410,2054,1937,444,1404,1097,861,870,1933,2013,581,1719,1581,99,513
861,444,1214,861,1995,1541,1156,823,1581,591,1783,1447,1640,1933,1322,6,958,1621,327,513,1440
862,1064,375,1718,1684,958,1194,823,1750,806,1018,1652,944,1447,378,1214,942,991,2065,174,236
863,513,1712,174,171,799,327,1869,7,697,2034,1781,99,544,1201,1921,753,870,1447,1783,1503
864,1447,591,1993,958,456,1995,74,31,2068,444,357,8,92,1637,1796,498,465,991,696,1197
865,958,1640,1588,174,410,1322,1404,289,1439,1056,6,1973,44,1100,1440,1206,799,171,1937,977
866,727,14,1833,221,93,1396,852,749,1703,881,1749,1958,1649,1923,1672,1577,1664,1961,265,738
867,168,1783,799,1551,1779,740,1507,1315,1705,1183,1721,210,171,749,817,337,43,364,95,1461
868,991,791,2068,871,1480,1750,944,378,942,227,2012,1770,990,846,1522,1488,888,679,122,823
869,1032,465,1559,1066,698,174,995,1023,113,524,696,1567,1932,804,475,909,1342,1869,298,1915
870,958,2037,289,31,456,1637,44,1197,1993,1796,35,8,357,696,1023,870,113,498,1995,1869
871,991,2068,1684,375,1718,1018,1064,871,806,944,791,1750,1133,1214,823,1480,677,903,444,1581
872,727,1833,221,14,1396,93,852,749,1183,1529,1703,1958,1207,1749,1649,1923,1672,1740,1664,1961
873,1993,31,357,8,35,92,1637,1796,456,1097,1719,2037,1100,498,977,74,1937,1322,117,1197
874,958,2037,44,1995,861,444,1156,289,456,799,1447,1023,696,995,1541,1932,1559,1637,909,1869
875,1796,456,8,1637,1993,31,35,357,92,1197,958,498,74,1447,174,1995,1933,1869,444,823
876,1779,740,1951,1387,117,1009,1534,474,200,819,1557,1873,65,670,912,224,948,731,523,1672
877,1621,6,1322,1640,1440,513,1699,561,1447,327,1937,1581,7,2034,591,171,1783,799,958,1588
878,1583,1022,405,794,1384,262,327,23,195,171,513,798,205,193,787,2034,571,934,156,799
879,991,1684,2068,444,1133,1480,1197,1993,944,871,1718,1581,35,677,498,1796,92,861,1064,357
880,444,156,1214,1995,1541,798,1144,1023,195,193,1559,99,1342,958,1032,861,2059,696,1969,1156
881,168,1551,1910,799,43,1183,832,1664,738,1427,1721,489,688,1115,171,153,904,1111,965,2070
882,375,1018,1064,677,1684,1133,1718,958,806,117,581,174,740,791,531,378,942,719,498,237
883,1869,1342,1023,174,1032,1567,1046,804,524,916,1915,1559,1144,1932,696,2059,1284,1586,1066,475
884,958,174,1973,697,525,1581,1156,1869,227,799,944,1447,977,444,1480,591,1056,1100,1322,1308
885,991,1064,1684,944,1750,1480,2068,1018,871,1133,1718,791,677,691,227,1624,958,375,531,99
886,839,1219,172,1800,594,122,1108,1793,2043,422,958,1592,1851,2065,679,1275,1898,905,759,528
887,1621,1064,958,561,1440,2054,1640,375,1699,1718,806,1322,1937,6,99,1684,2037,677,1133,1781
888,1322,561,591,6,1447,1621,1640,1699,958,1440,804,444,1796,2059,1342,696,92,1023,1066,713
889,327,1056,289,1064,410,1910,1581,958,171,1783,44,2013,677,513,1921,31,1427,1315,1206,1488
890,327,1588,799,410,513,2034,1783,7,171,1712,1056,870,581,977,1781,1201,713,289,1404,753
891,513,7,799,327,2034,1783,171,1588,1581,1712,410,1621,753,591,1201,1100,2013,1640,697,1869
892,174,6,1869,1621,799,2054,1937,2034,1640,713,1440,1350,1322,513,561,193,1581,7,1712,410
893,944,2068,991,1750,791,871,1480,1581,1869,1447,327,227,531,591,174,799,958,513,1133,2034
894,799,171,2034,7,513,327,1783,6,1621,1712,958,410,1322,1640,444,561,1588,861,1440,1699
895,861,2054,444,327,870,799,958,1214,2013,44,1581,1156,1995,174,1783,1933,1541,99,1640,823
896,1322,1640,561,2034,1588,1440,1621,870,799,513,327,1699,6,1783,171,7,410,2054,1559,1719
897,513,171,804,2034,1581,174,1783,1621,6,1712,68,475,1322,1869,7,909,799,1144,870,561
898,410,1588,7,171,1783,327,513,2034,168,1865,799,249,1516,852,609,613,1330,132,1404,1551
899,444,991,823,2068,1214,1995,861,1541,1018,227,1684,1581,958,1869,1933,1156,1133,944,871,1750
900,174,444,1156,1214,1869,823,1995,861,1541,327,1933,799,513,591,944,991,1581,958,2013,1480
901,1995,958,444,861,1541,1156,823,1214,1581,1933,498,456,92,1637,1447,1023,8,1993,357,1796
902,740,1779,1387,1009,1951,117,1534,474,200,819,1557,1873,670,224,948,731,523,1672,65,358
903,727,14,1833,221,1396,93,852,749,1749,881,1703,1923,711,1775,1664,403,1958,738,1281,1964
904,1581,2054,958,713,1640,1869,174,1621,1937,1350,1440,99,1447,1322,1439,561,591,870,227,1995
905,444,1995,1214,1541,861,1933,823,1156,958,1581,227,44,525,99,2054,1869,2013,798,733,174
906,444,357,958,861,1995,1993,1796,1197,1156,1541,1933,8,1214,498,1581,1869,456,31,823,35
907,1995,1933,444,823,1214,1156,958,861,1541,991,1993,1197,677,456,1637,2068,35,531,44,2054
908,727,1833,221,14,93,852,1396,749,711,1749,881,1183,1721,1281,109,1964,1703,1958,153,132
909,168,1783,327,799,171,513,1115,727,410,613,483,609,870,364,1551,2034,7,832,105,581
910,958,174,31,1637,456,92,1796,2054,1993,871,1581,1869,289,2013,991,1937,8,44,1197,35
911,991,1480,871,1750,2068,944,791,1447,1559,591,524,1937,571,1969,2059,995,698,262,696,174
912,1581,1995,823,861,1156,444,1214,1440,1640,410,1588,1933,6,591,958,1541,1937,1447,44,561
913,958,1995,1581,444,861,31,1197,1796,1541,92,1637,289,8,1156,357,456,35,44,2054,823
914,513,327,1783,171,799,1588,7,410,2034,1581,1712,1869,870,1214,1404,1583,2013,581,2054,1350
915,1581,1869,1621,958,410,174,561,513,1588,6,1640,2013,1712,156,713,1699,1322,804,195,1511
916,1833,727,14,221,852,1396,93,749,881,1958,1703,1964,403,132,265,429,1289,1961,718,688
917,1022,327,171,1583,513,2034,787,205,799,1712,405,156,1384,798,904,1232,7,1350,262,195
918,1559,1066,1915,909,298,1567,465,995,475,1932,524,1023,1032,1342,804,68,698,1325,916,2059
919,171,513,1783,327,799,7,2034,1588,410,2054,1937,713,1640,1621,289,227,1350,958,1712,561
920,1995,823,444,1933,958,1156,861,1581,1214,1447,591,1541,1439,1404,713,1973,1438,174,1197,918
921,174,1869,99,1781,870,581,697,2013,227,1559,1440,2059,1447,804,995,696,524,1915,1066,1586
922,168,1551,749,327,171,727,1512,1783,1751,364,513,7,1054,1705,43,1315,799,448,904,210
923,2068,944,991,791,1750,871,1480,1869,174,227,958,1937,2054,1447,1621,697,531,1440,99,1712
924,444,1541,174,1869,1915,156,1144,1156,1046,861,1995,1342,571,698,1214,1567,1066,1581,1559,2059
925,444,861,1214,1541,1995,1933,823,1156,958,1581,174,1869,2013,1637,498,1197,8,696,475,1447
926,719,1624,1692,691,531,434,963,1018,1684,1718,1064,991,806,375,172,1750,791,579,944,237
927,991,871,2068,944,791,1480,1750,227,1541,444,1447,1995,1156,823,1937,1770,591,1933,1869,1581
928,991,2068,871,1480,839,1750,791,944,594,621,2065,1108,1898,679,422,1219,1255,1793,122,172
929,513,1783,171,2034,327,799,7,2054,753,1937,1350,713,1712,1056,2013,561,1322,787,650,591
930,727,1833,14,221,1396,93,749,852,1703,881,1749,763,1958,1961,718,1964,1856,1923,132,109
931,861,444,1995,1214,1156,823,1541,1933,1581,227,2037,44,456,525,1197,99,2054,1869,156,92
932,1779,740,1951,1009,1387,117,1796,456,1276,1056,74,116,237,2012,1438,846,35,378,942,1652
933,1588,513,410,174,1783,7,698,799,327,995,2034,1869,171,1559,68,2059,113,697,871,1712
934,31,456,1796,1637,498,92,8,357,1993,35,74,1197,444,1995,861,958,1214,1541,1933,823
935,958,2054,357,1156,861,444,977,1588,1937,1350,410,1933,1995,1541,8,6,870,581,561,1214
936,444,456,8,1796,1995,31,1637,1197,1993,861,958,1214,1541,1933,35,1156,498,823,357,74
937,727,1833,14,221,93,1396,852,749,1703,1183,881,1749,1649,1740,1577,1664,1672,376,948,1961
938,1995,958,444,1993,1796,861,8,456,498,35,1637,92,1197,1541,31,357,1156,1581,74,823
939,456,1637,1796,1993,92,8,35,1197,357,498,31,74,958,444,1995,823,1933,591,1541,861
940,168,561,1783,1322,740,1115,1621,327,1779,513,870,799,7,1865,1315,1588,105,1832,410,1951
941,1559,2059,1342,804,1144,1032,465,1023,1066,68,698,909,174,524,995,113,298,696,1567,1932
942,1581,1995,861,1214,823,1156,1541,444,1712,2054,1933,1869,99,174,1447,1022,513,1350,1583,227
943,444,1995,861,1214,1541,1796,1156,1933,823,958,35,456,1637,357,8,1197,31,92,74,498
944,958,1581,174,1869,444,1995,1197,1541,31,1993,1796,8,1156,1404,1439,1637,861,227,456,2054
945,1851,2065,122,1035,679,621,839,1255,1898,594,528,729,1108,172,422,1800,1793,1219,1592,905
946,168,364,1783,105,1512,1115,1779,740,513,1751,819,575,799,1111,117,210,1551,327,171,790
947,1640,1447,1581,591,1322,1621,1869,713,174,561,804,1440,227,6,113,1559,958,2059,995,298
948,1995,958,1637,357,456,35,1993,92,1796,444,823,74,31,1214,1156,498,1933,8,861,1541
949,1869,174,1214,1995,1781,958,1581,2013,581,1559,444,1156,1541,1447,99,2034,861,799,870,465
950,168,364,1783,513,799,210,1551,327,171,1775,1461,749,686,1634,2034,1539,832,727,1308,1870
951,799,513,958,327,1640,7,713,561,1783,1322,1869,1447,2054,174,2034,1581,171,6,1440,1621
952,1588,410,1869,1581,870,327,804,1214,713,513,1404,7,171,2013,581,174,2054,1559,1350,1621
953,444,1995,958,1869,861,1156,174,1541,1214,2037,1933,99,1559,1447,1581,31,870,696,804,2013
954,2034,799,1322,7,1783,561,171,513,1640,327,1507,613,1551,965,1427,1876,1115,602,405,1542
955,1581,1447,2013,753,591,1201,227,1100,410,1781,1588,697,1973,1869,2054,713,2002,1439,870,1056
956,1581,444,861,1995,958,456,1541,1156,823,1214,1447,1637,1933,1133,1064,31,289,92,713,227
957,444,823,1541,174,1214,861,1581,1869,1933,1447,1993,31,227,1995,958,1796,591,1439,2054,1937
958,1796,456,1993,35,1637,8,92,31,1197,357,958,498,74,444,289,2037,1933,1995,861,174
959,1796,92,1993,35,456,357,1637,31,1197,8,498,74,958,444,1995,1933,861,823,1156,289
960,1322,1350,513,6,799,7,1640,2034,1937,1719,561,327,1621,171,1783,713,1699,1097,958,1100
961,799,327,171,1783,2034,7,410,513,1588,1350,2013,2054,1581,1937,591,650,227,1583,1308,116
962,861,1995,444,1541,1156,1214,174,823,958,2054,1781,581,1937,2034,1933,2013,99,327,44,1350
963,1995,1214,1156,823,444,861,1588,1541,410,1933,1869,1621,958,174,195,561,513,6,1640,156
964,870,171,99,1869,7,174,581,1781,2034,513,444,1214,1156,327,1350,958,1853,1206,799,531
965,171,2034,1621,410,7,6,1783,1322,327,561,1559,513,1640,1588,995,804,799,909,1144,298
966,1718,375,806,1064,1684,1018,839,991,1133,1108,871,1750,2068,1800,679,905,2065,621,594,422
967,1581,171,861,1583,31,1712,1156,327,2034,444,977,1197,1214,513,1022,1206,92,1796,1541,1933
968,1856,1725,299,727,1133,697,1065,43,590,1923,301,1336,616,1476,712,1111,197,91,23,1958
969,327,1783,513,2034,7,799,1588,171,410,1869,1640,958,1583,1621,1781,870,1022,1322,6,561
970,513,7,171,327,2034,1581,799,1783,861,1712,2013,591,44,1588,1995,1447,1201,753,1214,1332
971,958,444,799,798,1869,934,262,591,174,870,6,1511,2054,571,1583,193,1969,195,1384,99
972,1796,1779,31,1637,1951,456,740,35,1993,92,1387,8,357,74,117,1009,498,958,1197,289
973,227,991,1995,1581,1480,444,1937,944,2068,1447,1156,1541,1750,861,871,2054,591,823,791,1869
974,174,1869,1447,697,977,591,1588,958,444,1581,410,1214,7,1541,861,753,513,1156,571,227
975,1064,1018,806,1684,375,1718,1692,991,2068,434,944,719,871,1133,903,1750,691,963,531,791
976,327,561,513,861,1322,2034,193,571,6,1440,444,1621,1511,799,7,195,1995,823,1214,958
977,1621,1640,1322,561,1440,1699,6,99,1447,677,1581,174,444,1869,861,7,2034,513,799,2054
978,513,7,327,2034,861,193,1156,1621,444,561,1322,1440,1640,798,156,6,195,1214,1995,262
979,1684,375,1064,1133,1018,991,958,1993,806,1718,1197,677,1750,1404,456,1637,1973,2068,531,35
980,1581,227,531,2054,1447,591,378,1937,991,1770,1750,1869,697,1350,944,1624,1221,2068,691,1692
981,301,1721,1183,1725,14,1649,1856,903,621,2002,905,738,763,1833,679,1592,1923,422,403,1664
982,1995,861,444,1581,1156,1541,958,1214,1933,1621,1640,6,327,99,823,1440,1322,1869,2034,2013
983,1621,561,513,444,823,1640,1995,327,591,1322,1541,861,713,1447,1214,227,1440,1933,6,1156
984,444,861,1995,1933,1796,1214,8,1541,1156,357,1993,456,31,1637,823,35,92,1197,498,74
985,1796,8,35,456,357,1993,74,1197,1637,92,31,958,498,289,823,1933,1447,1995,1156,44
986,727,1833,221,14,1396,93,852,749,1703,881,117,740,1387,299,738,948,1856,1649,1664,109
987,727,1833,221,14,1396,93,852,749,1529,1405,1672,200,763,948,1703,1856,474,1520,1183,575
988,958,1581,1995,444,861,823,1541,174,2013,1933,1156,1404,375,236,1637,1064,99,1869,456,1973
989,174,1869,1022,99,156,787,1583,934,1511,794,1969,870,262,23,2013,798,193,1937,195,571
990,456,1637,1796,958,31,357,1993,8,35,1197,92,74,498,289,444,1995,1447,561,1156,861
991,1637,357,456,35,1993,92,1796,74,31,498,8,1197,958,289,804,113,1342,1023,1559,444
992,958,1995,444,1933,823,1156,861,1214,1447,591,1993,35,456,1581,31,1541,1637,92,289,8
993,991,871,2068,1480,791,944,1750,1447,591,99,870,958,1781,227,1869,1440,823,2054,861,444
994,174,1869,1796,92,8,31,498,35,1993,1197,1637,561,289,357,581,1447,456,1322,696,1032
995,727,1833,221,14,1396,93,749,852,1856,1703,1958,763,1749,1923,1740,265,1725,738,1672,1961
996,871,378,991,944,2068,531,1750,1522,1480,2012,236,791,1652,942,990,1770,1624,1718,846,1995
997,1796,35,357,1637,456,92,1993,958,8,444,1197,31,498,1995,74,823,1933,1541,861,1156
998,513,1712,753,790,544,1783,1507,1186,7,364,99,440,327,852,1499,93,1869,1542,1533,965
999,357,1796,456,1993,92,498,74,31,8,1637,35,1197,719,1684,1692,531,963,1064,1133,1624
