0,168,1281,711,1749,1721,1143,1961,1775,128,763,1727,1649,95,1042,1856,364,1118,301,788,247
1,301,1721,1183,109,168,1851,299,1108,221,93,763,1260,1954,1275,1592,429,1923,1844,759,621
2,727,1833,221,14,93,1396,749,852,1721,1703,881,1355,582,43,712,1512,1183,1751,1775,128
3,861,444,498,1156,1214,357,74,35,1637,823,1541,1993,8,92,456,31,1933,1995,1197,958
4,498,74,35,1637,1993,456,92,31,1197,357,8,1796,958,861,1156,1581,591,823,1214,444
5,498,35,74,1993,1637,31,1197,8,92,1796,357,456,958,861,591,1214,1156,823,1447,444
6,498,74,35,1637,1993,31,1197,8,357,456,92,1796,958,591,1581,289,861,1447,1156,44
7,74,35,498,357,92,1156,8,31,861,1637,1993,1197,456,823,444,1214,1796,1541,1933,1995
8,301,1721,1183,109,168,299,727,1923,93,1844,1108,546,759,1260,1275,221,1703,1851,122,1355
9,74,35,31,357,92,1197,1993,1637,498,8,456,1796,1156,861,1995,444,1214,1684,1541,1581
10,168,95,852,1961,1749,1281,788,1143,1727,153,1775,711,437,128,1539,1098,1042,1649,1721,1856
11,727,1833,221,14,93,1396,749,852,1721,1703,881,1183,712,1143,43,77,1355,1775,582,1844
12,1064,1684,944,806,1750,991,2068,871,35,1018,1480,74,498,1993,2012,444,1718,1637,1194,1581
13,168,1961,1721,95,711,788,1856,852,881,1649,1281,1749,523,1042,128,763,1557,1775,1650,474
14,498,74,958,2037,8,357,35,92,1637,1993,456,44,1796,1197,31,289,1581,861,823,444
15,591,1447,498,35,74,2059,1637,1993,958,92,456,31,1197,357,8,1581,861,1796,1559,68
16,1684,1718,1064,806,1018,375,35,74,944,1156,31,677,991,1750,357,2068,871,861,1995,1197
17,168,788,852,95,1281,1961,1721,247,1749,1539,1042,711,337,1856,1098,1143,153,1775,128,1763
18,1058,1512,1705,1054,1764,1355,582,1751,1283,1010,448,128,1149,1775,414,43,1118,1281,1539,1381
19,740,498,1779,1387,1951,1009,117,1637,35,1993,31,74,1197,1796,92,8,456,357,1447,591
20,498,74,35,1993,1637,31,1197,456,8,92,357,1796,958,591,1447,861,1581,1156,823,1214
21,1058,1512,1054,1705,1764,1355,582,1751,1283,1010,448,414,128,1149,43,1806,1775,712,819,109
22,727,221,1833,14,93,1396,749,852,1721,1703,881,1183,168,1923,712,43,128,1355,1143,1397
23,727,221,1833,14,93,1396,749,852,1721,1703,168,1923,881,1183,712,403,1355,128,43,1740
24,1058,1512,1054,1764,1705,582,1355,1751,1283,1010,1149,448,414,128,43,1806,1775,712,109,1539
25,727,1833,221,14,93,1396,749,852,1721,1703,881,1355,582,1512,1035,1183,1775,1844,1923,1255
26,168,1721,128,1961,1649,1650,95,763,364,93,1856,301,1672,788,403,749,221,881,1833,274
27,727,221,1833,14,1396,93,749,852,1721,1703,881,1923,1355,712,1183,1775,1143,128,168,43
28,498,74,1637,35,8,1993,1197,456,1796,92,357,31,958,861,289,1581,1156,823,2037,444
29,498,74,35,1993,1637,31,92,456,357,8,1197,1796,591,1447,958,861,1581,823,2059,1156
30,1058,1512,1054,1764,1705,582,1355,1751,1283,1010,128,448,1149,414,43,1775,1806,712,109,1539
31,1058,1512,1054,1705,1764,1355,582,1751,1283,1010,448,1149,414,128,43,1806,712,1775,2070,109
32,727,1833,221,14,93,1396,749,852,1721,1703,881,1923,1255,1183,1844,1035,712,43,1775,128
33,74,498,35,1637,31,8,1993,357,92,1197,456,1796,958,1156,1214,861,823,591,444,289
34,861,444,1156,823,1214,1541,1995,1933,357,92,74,1637,498,35,8,1993,1197,31,1796,958
35,498,35,1637,74,1993,92,8,31,1197,357,1796,456,861,1214,958,591,823,1156,444,1447
36,35,74,498,92,357,8,1197,1637,1993,456,1796,31,958,861,1156,444,1214,823,1541,591
37,74,35,498,1993,357,1637,1197,31,8,92,1796,456,958,1156,861,823,444,1214,1995,1541
38,35,74,1637,92,1197,1993,8,357,498,31,1796,456,958,861,1156,823,591,1214,444,1995
39,1512,1058,1705,1054,1764,1751,582,1355,1283,1010,128,1149,448,414,1775,43,1806,1381,712,1539
40,498,74,35,357,92,8,456,1993,1637,1197,31,958,1796,2037,44,289,1581,861,823,444
41,74,498,1993,1197,35,31,1637,8,456,92,357,1796,958,1581,861,444,1156,823,1214,591
42,1054,1764,1512,1705,1058,582,1355,1751,1283,1010,448,414,1149,128,1806,1775,43,712,1118,738
43,168,128,1749,1281,711,1961,1856,1775,1143,727,1721,95,1727,852,437,1763,749,788,1725,1042
44,1058,1512,1705,1054,1764,1355,582,1751,1283,1010,128,1149,448,414,43,1775,712,1806,2070,711
45,498,74,35,1993,1637,92,1197,8,31,357,1796,456,958,861,591,1156,1214,823,1447,1581
46,168,852,1961,1721,788,1649,903,128,763,1832,364,1325,1775,1098,711,1672,1749,153,460,1281
47,944,1750,991,2068,871,791,1480,1581,1684,1718,1064,806,1018,1447,1995,1438,444,861,591,227
48,168,95,1961,1042,1721,1649,1281,1832,1856,763,301,364,727,337,128,711,93,1749,852,1650
49,1058,1512,1054,1705,1355,1764,582,1751,1283,1010,128,1149,448,414,43,1775,712,1806,109,819
50,168,1961,1749,711,1281,95,1775,788,1649,1856,1143,128,1539,1721,840,763,1725,1118,153,1042
51,1058,1512,1054,1705,1764,1751,582,1355,1283,1010,128,448,414,1149,43,1775,1806,712,109,819
52,301,1721,1183,109,168,1355,582,1283,299,727,93,128,1260,364,221,1923,749,1512,1703,763
53,301,1721,1183,168,109,759,727,93,763,1108,221,1844,1275,1851,1923,621,1793,1961,299,1355
54,301,1721,1183,109,1355,168,582,1283,299,1260,1512,93,1764,364,1954,128,43,763,1703,727
55,168,1961,852,1775,1749,1649,1281,711,95,274,1721,523,1856,128,1143,788,1539,1672,474,1098
56,1058,1512,1054,1705,1764,1355,582,1751,1283,1010,448,1149,414,128,1806,43,1775,712,109,299
57,498,1993,1637,35,740,74,31,1779,1197,1951,1387,1009,1796,456,117,8,92,357,958,1447
58,168,1961,95,1649,274,523,788,1775,1856,1405,1098,474,1721,128,1672,1650,1749,1186,1281,852
59,727,221,1833,14,93,1396,749,852,881,1703,1721,1923,1844,1183,1035,168,1740,712,1143,1255
60,740,1387,1951,117,1009,1779,498,1993,35,1637,1197,74,31,1796,456,92,8,357,958,1447
61,74,498,1993,35,1637,8,92,357,1197,456,1796,31,958,861,1156,823,444,1214,2037,289
62,168,1961,128,95,788,1856,1649,1775,1281,1749,852,1721,1975,1727,840,1042,711,903,1650,153
63,1512,1058,1705,1764,1054,1355,1751,582,1283,1010,128,448,1149,43,414,1775,712,1806,2070,711
64,35,74,357,498,1637,8,31,92,1197,1993,1796,456,958,289,1156,861,444,823,1214,1933
65,1058,1512,1705,1054,1764,582,1751,1355,1283,1010,128,1149,448,414,1775,43,1806,712,1281,1381
66,1684,1718,1064,806,1018,1581,74,31,35,375,357,456,1197,92,1133,498,8,1637,1993,677
67,740,1779,1387,1951,1009,117,498,1993,1637,35,74,31,1197,1796,456,92,1447,8,357,958
68,1156,861,823,444,35,357,1214,498,74,1541,1637,92,8,1995,1993,1197,31,1796,456,1933
69,301,1721,1183,168,109,299,1355,763,727,1108,1260,1844,93,221,1851,759,1923,1275,1703,1793
70,498,35,74,31,1637,1993,357,8,1197,92,456,1796,958,591,1447,1156,1214,861,823,289
71,727,221,1833,14,93,1396,749,852,1721,1923,1703,881,1844,1255,1183,1035,594,168,1775,128
72,498,35,74,1637,1993,31,1197,8,92,456,1796,357,958,861,1214,591,1156,823,444,1447
73,740,1779,1387,1951,117,1009,498,1993,1447,2012,2059,1637,1197,35,958,990,591,1559,74,31
74,740,1009,1779,1387,117,1951,498,1993,1637,1197,31,2012,74,1796,92,35,806,958,1684,1064
75,301,1721,1183,109,168,1355,299,582,93,1260,1923,1283,763,221,1275,1703,1764,1577,1851,749
76,168,1961,1856,788,95,1649,1725,763,1650,903,523,1672,881,128,1721,358,274,474,1727,852
77,727,221,1833,14,93,1396,749,852,1721,1703,881,1923,168,1183,1856,128,1355,1512,1844,1649
78,168,1721,711,1281,1749,1961,95,1143,1775,1856,763,1042,852,1832,749,128,903,1118,1650,1667
79,1764,1705,1054,1058,1512,1355,582,1751,1283,1010,448,1149,414,128,1806,1775,43,711,109,738
80,498,74,35,1637,8,1993,92,357,31,456,1197,1796,958,1156,861,1214,591,823,444,1541
81,727,221,1833,14,93,1396,749,852,1721,1703,1183,1923,881,712,43,168,1355,403,128,109
82,236,2012,846,1488,990,1276,888,1770,1652,1522,942,378,944,1684,1064,806,375,2068,1018,991
83,727,221,1833,14,93,1396,749,852,1721,1703,1923,881,1844,1255,594,1035,1183,759,168,712
84,861,1156,444,823,1214,1541,1995,1933,8,357,74,1637,92,498,35,31,1197,1796,1993,456
85,498,35,1637,74,1993,31,1197,456,8,1796,357,92,1447,591,740,1779,1387,1009,1951,958
86,727,221,1833,14,93,1396,749,852,1721,1703,1923,881,1183,168,1355,712,1143,1775,582,1512
87,1684,1718,1064,1581,806,375,1018,958,357,74,31,1637,1197,861,8,498,444,1993,1156,35
88,168,1721,523,1961,474,274,1856,1672,1557,912,1650,852,819,95,358,1281,1405,711,1775,1520
89,301,1721,1183,109,1355,299,582,1283,1764,168,1954,1260,1512,1923,364,255,763,43,221,749
90,1684,806,1064,1718,1018,74,35,31,357,375,498,1637,1993,1197,8,1581,92,1796,456,1156
91,1058,1512,1054,1705,582,1764,1355,1751,1283,1010,1149,414,448,128,43,1806,712,1775,2070,109
92,498,35,1993,74,1637,31,1197,92,1796,8,456,357,740,1009,1387,1951,1779,861,117,1214
93,74,498,35,92,357,1637,8,1197,31,1993,456,1796,958,861,444,1156,1214,1581,823,591
94,74,35,1993,498,1637,357,92,8,1197,31,1796,456,958,861,1156,823,444,1214,1581,1995
95,727,1833,221,14,1396,93,749,852,1703,881,1721,712,43,1183,1775,1143,1923,1355,1281,1749
96,168,1961,1649,1856,95,128,788,1405,1098,763,523,274,1042,903,1721,881,474,1650,1672,749
97,301,1721,1183,109,1355,299,168,1260,582,1283,1954,1923,1764,1703,43,546,1058,763,93,255
98,727,221,1833,14,93,1396,749,852,1721,1703,881,1183,168,712,1923,43,128,403,1355,1143
99,727,1833,221,14,93,1396,749,852,1721,881,1703,1255,1844,1035,1183,168,1355,43,1512,582
100,1750,944,991,2068,871,791,1480,444,591,1684,1447,1064,1156,1844,1995,1438,1581,621,1018,861
101,74,498,357,35,1637,92,8,1197,456,1993,958,1796,31,861,44,2037,1156,823,289,444
102,1447,591,498,74,35,1993,1637,31,2059,456,92,357,1197,8,1796,1559,68,958,465,1586
103,1156,861,444,823,1214,1541,1995,1933,357,92,74,35,1637,8,31,1197,498,1993,1796,456
104,498,74,35,1637,1993,8,1197,31,357,456,92,1796,958,289,591,861,1581,1156,44,823
105,74,92,498,35,357,8,1637,1197,1993,456,1796,31,861,958,1156,444,823,1214,1541,591
106,168,95,1856,1721,1961,788,903,852,1727,1650,1832,247,1281,1725,711,539,437,881,153,1098
107,498,74,31,1637,35,1993,1197,8,357,92,456,1796,591,958,1447,861,1156,1214,823,444
108,1684,1064,861,1581,444,74,1156,1993,958,806,498,1197,1718,31,357,1018,1637,1214,823,8
109,727,221,1833,14,93,1396,749,852,1721,1703,881,1923,1183,168,712,128,1649,43,1775,1844
110,168,1281,1961,95,1721,1749,128,1775,1143,1649,711,763,1325,1727,1098,1042,788,1539,337,247
111,498,74,35,1637,1993,8,1197,357,92,456,31,1796,958,861,289,2037,1156,591,823,44
112,168,1721,1961,763,301,128,1649,1856,95,788,1749,711,1650,1832,1725,1042,1281,1143,1667,153
113,727,1833,221,14,1396,93,749,852,1703,1721,881,1923,1183,712,1775,1355,582,1512,1143,1035
114,74,498,35,1993,1637,1197,92,8,357,456,31,1796,958,861,1156,289,1214,823,444,1933
115,740,1951,1387,117,1779,1009,498,1637,1993,1197,35,74,31,1447,958,1796,456,2059,591,8
116,74,35,357,1684,31,1197,1718,8,1637,92,1993,498,456,806,1064,1018,1796,375,1133,1624
117,498,74,35,1637,1993,357,31,92,456,8,1197,1796,958,591,1581,1447,861,1156,1214,823
118,727,221,1833,14,1396,93,749,852,1721,1703,881,1183,1923,168,1844,712,1035,128,990,236
119,1750,944,991,2068,871,1480,791,1581,591,227,1447,444,1438,1684,174,861,1995,1064,2012,1718
120,498,35,74,1637,1993,31,357,456,8,92,1197,1796,861,1214,591,958,1156,444,1447,823
121,727,221,1833,14,93,1396,749,852,1721,1703,881,1923,1183,712,168,1775,128,1355,1143,1533
122,498,74,35,1637,1993,8,357,92,31,1197,456,1796,958,1156,861,1214,823,444,1541,1933
123,74,35,498,1637,357,456,8,1993,92,1796,1197,31,958,289,44,2037,591,2059,1056,861
124,498,35,74,456,1637,357,1993,8,92,1197,1796,31,958,861,1156,823,289,591,444,1214
125,168,1721,1961,1856,711,1281,852,128,1749,1775,763,95,1143,1649,1727,903,523,474,364,1539
126,727,221,1833,14,93,1396,749,852,1721,1703,1923,712,1183,881,43,1775,1143,1355,1281,1533
127,727,221,1833,14,1396,93,749,852,1721,1703,881,43,712,1183,1923,1355,109,77,1775,1143
128,498,74,35,1993,31,1637,1197,456,357,8,92,1796,958,591,289,1447,1581,1156,861,823
129,168,1961,95,788,1856,1649,1727,128,852,1650,1763,1721,437,1098,1042,460,903,1281,1749,763
130,1684,1718,1064,375,806,677,1133,1018,74,31,35,357,1197,1993,1637,456,8,498,92,1796
131,35,74,1637,498,92,1993,1197,31,357,456,8,1796,861,1156,958,823,444,1214,1995,1541
132,1058,1512,1705,1054,1355,1764,582,1751,1283,1010,128,448,1149,414,43,1775,712,1806,109,711
133,301,1721,1183,109,168,65,1557,299,221,582,727,546,93,1355,1283,474,1703,224,523,14
134,498,35,74,1637,31,1993,1197,8,357,92,456,1796,958,591,861,1447,1156,1214,823,1581
135,74,498,35,1637,357,92,861,8,1993,444,1197,31,1156,823,1796,456,1214,958,1541,1933
136,301,1721,1183,1355,109,582,1283,1764,299,1512,168,1260,763,1010,1054,1961,364,255,1058,1705
137,301,1721,1183,109,168,1355,1260,1923,299,763,1283,727,1703,582,93,128,1844,364,1275,546
138,35,444,74,1156,861,498,357,1214,92,823,8,1637,31,958,1197,1993,1541,1796,1995,456
139,301,1721,1183,109,168,221,1557,546,727,93,65,299,474,224,14,759,1649,1108,763,1961
140,727,221,1833,14,93,1396,749,852,1721,1703,881,1844,1035,1923,1255,1183,712,1775,43,1533
141,727,221,1833,14,93,1396,749,852,881,1721,1703,1844,1255,1035,1143,1183,1923,712,594,1775
142,168,852,1832,1721,788,727,437,93,1042,460,1763,1727,128,1961,1098,1867,1921,337,1649,1833
143,1058,1512,1054,1705,582,1764,1751,1355,1283,1010,128,1149,414,448,43,1775,1806,712,1118,1281
144,1064,806,1684,1018,1718,35,944,991,74,498,1750,1993,2068,375,2012,31,1637,871,1197,1194
145,168,1961,852,1721,95,1856,1042,1649,1672,523,1650,274,819,903,1281,128,727,788,364,474
146,301,1721,1183,168,109,1355,299,1108,1954,546,1260,429,364,1283,727,93,759,1703,1923,1851
147,740,1387,1779,1009,1951,498,117,1993,1637,31,35,74,1197,92,1796,8,456,357,1447,591
148,168,1721,1281,711,788,1749,95,1961,128,1727,437,1775,1143,1856,1539,93,852,727,881,1042
149,74,498,35,1637,357,1993,92,31,1197,8,444,861,456,1796,1581,958,1541,823,1156,1214
150,301,1721,1183,109,1355,582,1283,299,1764,168,1260,1512,1923,364,1010,255,1703,1054,1058,43
151,95,1923,1010,582,1283,1705,1512,1751,1355,881,1649,1054,1764,93,763,1856,711,1961,1111,1281
152,168,1961,1721,95,1856,274,301,1649,128,763,1672,523,1405,1650,474,364,912,903,1832,1557
153,1058,1512,1054,1705,1764,582,1751,1355,1283,1010,1149,448,128,414,1775,43,1806,712,1539,1381
154,301,1721,1183,109,1355,582,1283,299,1764,1512,168,1954,1058,1260,1054,1010,364,546,1703,255
155,74,35,498,1993,92,1637,357,1197,8,1796,31,456,958,861,1156,823,1214,444,1541,2037
156,727,221,1833,14,93,1396,749,852,1721,1703,881,1183,43,712,1923,1355,1255,1844,128,1035
157,1512,1058,1705,1054,582,1764,1751,1355,1283,1010,128,1149,448,414,43,1775,712,1806,2070,1118
158,740,1779,1387,1009,117,1951,498,1993,1447,1637,35,31,74,1197,591,1796,2059,456,92,1559
159,740,1779,1387,1009,1951,498,117,1993,35,31,1637,74,1197,1796,92,8,456,357,1447,591
160,1684,1718,806,1064,375,1018,35,74,31,1133,677,357,1993,1197,1637,8,456,92,1796,498
161,727,221,1833,14,93,1396,749,852,1721,1703,881,1183,1923,712,43,1143,168,1355,128,1844
162,1156,861,444,1214,498,74,823,357,35,1637,1933,1541,1993,92,8,1995,1197,31,456,1796
163,861,1156,1214,823,444,35,1541,74,357,92,1995,1637,1933,498,8,1993,1197,31,1796,456
164,727,221,1833,14,93,1396,749,852,1721,1703,881,712,1923,43,1183,128,77,1355,1740,168
165,301,1721,1183,109,1355,168,759,1851,1108,582,299,1283,1793,1275,364,763,93,1844,1592,621
166,1684,1064,1718,806,375,1018,1133,677,31,35,74,357,456,1993,1197,8,944,1637,498,871
167,168,1721,1961,128,1856,95,788,763,1649,749,1405,1667,1325,1749,1832,126,274,1775,301,523
168,1058,1512,1054,1705,1764,1355,582,1751,1283,1010,128,448,1149,414,43,1775,1806,712,109,2070
169,1058,1512,1054,1705,582,1751,1764,1355,1283,1010,128,1149,414,448,43,1775,1806,712,1118,1143
170,498,74,35,1637,31,1993,8,92,1197,357,456,1796,958,591,1156,1214,861,823,1447,444
171,498,74,35,1637,1993,8,456,92,1197,357,31,1796,958,289,591,861,1156,823,1214,44
172,861,1156,444,1214,1541,823,1995,1933,357,35,74,8,92,1637,498,31,1993,1197,1796,958
173,35,498,74,1637,1993,357,31,1197,92,1796,456,958,8,444,861,1156,1214,1581,1541,1064
174,727,221,1833,14,93,1396,749,852,1721,1703,881,1183,168,1923,712,1355,128,1143,1844,1775
175,1512,1058,1054,1705,582,1764,1751,1355,1283,1010,128,1149,448,414,43,712,1775,1806,2070,109
176,168,95,128,1281,1961,763,1721,881,1749,1405,1649,711,1832,1856,1672,749,727,1650,903,93
177,861,1156,444,1214,823,1995,1541,1933,357,74,8,1637,92,498,35,958,1796,31,1993,1197
178,168,1961,95,1721,523,1856,128,274,1775,1281,474,711,1749,1649,1143,912,1405,852,788,819
179,2034,799,171,7,1783,513,327,1588,410,1581,1712,174,697,918,753,1869,1350,1937,2054,1201
180,727,221,1833,14,1396,93,749,852,1721,1703,1923,881,712,1183,1355,1035,1775,43,1844,109
181,727,1833,221,14,93,1396,749,852,1721,1703,881,1183,168,1923,1355,1856,128,1512,1143,712
182,861,444,823,1156,1214,498,1541,74,357,35,1637,1933,8,1995,92,1993,1197,31,456,1796
183,498,740,1387,1637,1951,1009,1993,35,31,74,1779,117,1197,92,8,1796,456,357,1447,591
184,727,1833,221,14,1396,93,749,852,1721,1703,881,1183,1923,1355,712,1035,1775,1844,128,1649
185,740,1779,498,1009,1387,1951,1637,117,31,1993,35,74,1197,1796,92,8,456,357,1447,2059
186,727,1833,221,14,93,1396,749,852,881,1703,1721,1255,1923,1183,1844,128,1143,594,1035,1775
187,727,221,1833,14,93,1396,749,852,1721,1703,881,1923,1355,712,1183,1512,1775,582,43,128
188,301,1721,1183,109,1355,168,299,582,759,727,364,763,221,1260,1851,1108,93,1275,1961,1923
189,498,74,35,1637,1993,456,357,8,92,1197,31,1796,958,289,591,861,1581,1156,44,823
190,498,74,35,456,1637,1993,357,8,92,1197,31,1796,958,289,861,591,1156,823,444,1214
191,727,221,1833,14,93,1396,749,852,1721,1703,168,881,1923,712,1183,128,43,1355,1740,1856
192,498,35,74,1637,1993,92,31,1197,8,1796,357,456,958,861,591,1214,1156,823,1447,444
193,498,740,1779,1993,1637,35,74,1387,1009,31,1951,1197,117,456,1796,92,1447,8,357,591
194,740,1009,1387,498,1951,1779,117,1993,1637,31,35,74,92,1197,1796,8,456,357,1447,591
195,727,221,1833,14,93,1396,749,852,1721,1703,881,1923,712,1355,1512,1740,168,1143,1775,582
196,74,498,35,92,357,1637,1993,1197,8,31,456,1796,958,1156,861,444,1214,823,1541,591
197,1058,1512,1705,1355,1054,1764,582,1751,1283,1010,128,448,1775,1149,43,414,1118,1281,1539,711
198,727,221,1833,14,93,1396,749,852,1721,1703,1923,881,1183,712,43,1775,168,1355,1649,403
199,727,221,1833,14,93,1396,749,852,1721,1703,881,1183,168,1923,1355,1512,582,128,1649,712
200,95,1923,1010,1649,168,582,881,1856,763,93,1283,1961,1705,1355,1054,1721,1512,711,1751,1664
201,498,74,35,1637,92,1993,8,31,1197,456,1796,357,958,861,1214,591,1156,823,444,1447
202,168,852,1721,1727,1961,1832,93,1856,1649,1042,788,727,247,1143,1650,613,1867,128,711,1775
203,168,1961,95,1721,1749,1727,1143,788,1281,1856,711,1539,1042,1649,301,1775,1650,1725,128,437
204,168,852,1727,95,711,1650,1143,1281,1749,1042,1961,1721,1775,247,1975,1539,539,153,437,1856
205,498,35,74,31,1993,1637,1197,92,8,456,357,1796,591,958,1447,861,1214,1156,561,823
206,444,1156,861,1214,74,35,823,357,498,92,1541,1637,958,8,31,1197,1933,1796,456,1995
207,727,221,1833,14,93,1396,749,852,1721,1703,881,1355,582,712,168,1923,1183,1512,128,1751
208,498,74,35,1637,456,1993,8,92,357,1197,31,1796,958,1156,289,591,861,823,1214,444
209,498,740,1387,1951,1009,1779,35,1993,117,1637,31,74,1197,92,1796,8,456,357,958,2059
210,168,1961,95,1749,763,711,1281,1649,1721,128,1143,1856,1775,788,1650,1725,1727,1042,840,749
211,171,7,513,2034,799,1783,327,1588,410,1581,1869,958,174,99,1712,870,1214,918,861,8
212,740,1779,1387,1951,117,1009,498,1447,1993,35,1637,74,1197,2059,31,591,456,1796,1559,958
213,168,1961,852,128,1749,1775,763,95,788,1649,1721,727,1281,749,1143,711,1725,1832,1856,840
214,1058,1512,1705,1054,1355,1764,582,1751,1283,1010,128,448,1775,1149,414,1381,43,1118,711,1539
215,944,1750,991,871,2068,1480,791,1447,591,174,227,172,528,729,621,1350,1800,2054,1221,1844
216,861,1156,444,823,1214,92,1541,357,35,74,1637,498,8,1933,1993,1995,1197,456,31,1796
217,498,35,74,1993,1637,31,1197,92,8,1796,456,357,958,861,591,1156,1214,1447,823,444
218,727,1833,221,14,93,1396,749,852,1721,1703,881,168,1923,1035,1183,1844,1775,1143,1255,712
219,498,35,74,1993,92,1637,1197,8,357,31,456,1796,958,861,591,289,1156,1214,823,2037
220,740,1387,1779,1009,498,1951,117,1993,35,31,74,1637,1197,1796,92,456,8,357,2059,1447
221,740,1387,1779,1009,498,1951,117,35,1993,31,1637,74,1197,92,1796,456,8,1447,357,591
222,498,35,74,1637,1993,31,456,357,92,1197,8,1796,958,591,861,1447,1156,823,1214,444
223,498,74,35,1993,31,1637,456,1197,8,92,357,1796,958,591,289,1156,1447,861,823,1214
224,727,1833,221,14,93,1396,749,852,1721,1703,881,1183,168,1923,712,128,43,1844,1856,1255
225,1156,861,444,357,74,823,498,1637,92,35,8,1993,1214,1541,456,31,1197,1933,1995,1796
226,727,221,1833,14,93,1396,749,852,1721,1703,168,881,1183,1923,128,712,1844,43,1035,1856
227,168,1961,128,1749,763,1649,1281,1143,711,1775,1721,1727,1856,95,852,1539,881,364,1381,749
228,727,221,1833,14,93,1396,749,852,1721,1703,1923,881,712,1183,1775,1355,43,128,1512,168
229,301,1721,1183,1355,109,168,1283,582,1512,1764,299,1260,1058,1054,1010,1703,763,1954,128,364
230,498,74,35,1637,31,1993,8,357,92,1197,1796,456,958,1214,591,861,1156,823,444,1581
231,168,128,852,1961,1749,1281,1727,1775,1098,1649,1539,711,763,1763,1721,1381,1143,95,153,437
232,498,74,35,1637,1993,8,357,92,456,1197,31,1796,958,861,1156,1214,823,444,591,1541
233,727,221,1833,14,93,1396,749,852,1721,1703,881,168,1923,1183,712,43,128,1355,403,109
234,498,35,74,1637,31,1993,456,357,1197,8,92,1796,958,591,1447,861,1156,1214,444,2059
235,1621,561,1440,1322,1699,1640,6,2054,1350,2034,1937,1447,591,1588,918,513,1783,171,1869,1581
236,498,357,35,74,1637,1993,8,92,1156,861,1197,31,1796,456,444,823,1214,1541,1995,1933
237,1058,1512,1705,1054,1764,582,1355,1751,1283,1010,128,448,1775,1149,414,1118,1281,1381,1539,43
238,301,1721,1183,109,168,221,93,727,65,14,299,546,1923,1557,1703,224,474,1260,364,523
239,1156,444,861,1541,823,1214,1995,1933,357,8,74,92,35,498,1637,31,1993,1197,958,1796
240,1750,944,991,2068,871,791,1480,1447,591,1581,444,1684,1438,1064,963,1844,1995,227,174,1156
241,498,74,35,1637,1993,31,1197,8,357,456,1796,92,958,861,591,1156,1447,823,444,1214
242,861,444,1156,74,823,1214,498,35,92,357,31,1541,1637,8,1933,1993,1995,1197,456,1796
243,498,74,35,357,8,1637,92,1993,1197,444,861,1796,31,1156,958,823,1214,456,1541,1995
244,301,1721,1183,109,1851,168,1355,299,759,1108,763,1592,1275,582,93,1260,621,1793,1844,1954
245,727,221,1833,14,93,1396,749,852,1721,1703,168,881,712,1183,43,1923,128,1856,582,1397
246,944,1750,991,2068,871,1480,791,1581,1447,591,1684,227,1438,1718,1064,444,1018,861,806,237
247,168,1856,1961,95,274,903,1042,1649,301,912,523,128,1281,788,1672,358,711,852,763,1721
248,168,852,1721,1856,1727,1961,1832,1042,95,247,93,788,648,1649,1650,727,1938,337,1833,364
249,168,1961,1749,1775,1281,788,852,711,1539,1856,1143,1649,95,1721,126,128,523,1098,749,763
250,74,498,35,357,92,1637,958,8,456,1993,1197,1796,31,2037,44,861,289,1581,823,591
251,498,74,35,357,92,8,1993,1637,1197,456,31,1796,861,1156,823,444,958,1541,1214,1995
252,168,1721,1281,523,474,274,912,1961,95,711,1557,903,546,1520,1405,819,1672,1143,358,852
253,1054,1512,1764,1058,1705,1355,582,1751,1283,1010,448,414,1149,1806,128,43,1775,738,109,712
254,727,221,1833,14,93,1396,749,852,1721,1703,1183,881,1923,168,1355,712,43,128,1512,582
255,74,498,35,92,357,8,1637,31,1197,1993,1796,456,861,958,1156,444,1214,823,1581,1541
256,1156,861,444,1214,823,357,74,35,1933,1541,498,92,1637,1197,1995,8,1993,31,1796,456
257,727,221,1833,14,93,1396,749,852,1721,1703,881,1183,1923,712,1355,43,1775,1143,128,168
258,727,221,1833,14,93,1396,749,852,1721,1703,881,168,1183,1923,1355,128,1649,712,1775,77
259,498,35,74,1993,1637,31,456,1197,357,8,92,1796,958,591,1447,289,1156,861,1214,823
260,1512,1058,1764,1054,1355,1705,582,1751,1283,1010,128,448,1149,43,414,1775,712,1806,2070,1577
261,444,861,1156,1541,823,1214,1933,1995,357,958,591,35,1637,92,74,1447,498,8,1993,1197
262,168,1961,1856,1649,95,1721,763,1405,1186,788,274,523,1672,474,128,1749,749,440,1775,358
263,168,852,128,1721,1727,1961,1281,153,301,763,1143,1749,711,1649,1763,788,247,1775,95,1098
264,301,1721,1183,168,109,1954,1355,299,1283,582,93,727,1260,1703,546,128,1923,364,1512,429
265,727,221,1833,14,93,1396,749,852,1721,1703,881,712,1923,43,168,1183,1844,1143,109,1255
266,1058,1705,1512,1054,1764,582,1751,1355,1283,1010,1149,448,128,414,1775,43,1806,712,1381,711
267,498,740,1779,1009,1387,1951,1637,35,1993,117,74,31,1197,92,1796,8,456,357,1447,591
268,1718,1684,1064,806,1018,375,35,74,31,1133,456,357,677,1197,8,92,1993,1637,498,1581
269,727,221,1833,14,93,1396,749,852,1721,1703,712,1183,43,1740,881,1923,168,1577,1143,403
270,301,1721,1183,109,168,1355,299,1283,1954,1260,582,1923,546,1703,93,1764,1938,1592,1108,579
271,498,74,35,456,357,8,92,1993,1637,1197,1796,31,958,2037,44,1581,289,861,823,591
272,498,35,74,1993,1637,31,357,1197,92,8,456,1796,958,591,861,1156,1447,1214,823,289
273,1058,1054,1512,1705,582,1764,1355,1751,1283,1010,414,1149,448,128,1806,43,1775,712,109,1118
274,740,1779,1009,1951,1387,498,117,1637,31,1993,35,74,1197,1796,456,8,357,92,2059,958
275,301,1721,1183,109,168,1557,299,546,221,65,523,1672,224,93,474,763,1703,727,1260,1923
276,168,1721,1281,711,1856,95,1727,852,1143,1749,1539,1775,903,1672,912,474,1961,523,1725,1650
277,1156,861,823,1541,444,1995,1214,1933,74,357,92,1637,35,1197,8,498,1993,958,31,1796
278,301,1721,1183,109,1355,582,1283,168,299,1764,1512,1954,1260,1054,43,1058,763,546,1703,1010
279,301,1721,1183,109,1355,582,299,1283,168,1764,1512,1923,1260,1954,749,763,364,1054,1703,1010
280,1058,1512,1054,1705,1764,582,1355,1751,1283,1010,1149,448,414,128,43,1806,712,1775,2070,109
281,727,221,1833,14,93,1396,749,852,1721,1703,881,1923,1183,128,1143,1749,168,1775,1355,1649
282,35,74,498,1637,357,1993,31,1197,8,92,1796,456,861,1156,444,591,958,1214,1933,823
283,591,1447,35,74,498,31,357,561,1637,1993,456,8,1197,92,1621,1440,1796,1640,958,1699
284,591,1447,561,1440,1621,1640,1699,35,1322,6,498,357,74,31,1637,1993,1197,1869,92,456
285,498,35,1993,74,1637,31,1197,1796,456,92,8,357,740,1387,1009,1951,1779,117,958,861
286,168,1961,1856,1649,763,95,1281,128,1749,1098,1727,1650,523,1721,1672,788,852,881,358,711
287,727,221,1833,14,93,1396,749,852,1721,881,1703,168,1923,1577,712,128,1740,1183,1111,1143
288,498,74,35,1637,31,1993,1197,8,1796,456,92,357,958,591,1156,861,289,1214,1447,823
289,168,1961,1749,1721,128,1143,763,1775,1281,711,852,788,1649,1856,1539,95,301,1118,1727,1042
290,1684,1718,35,806,74,1064,31,357,1018,1993,1197,498,375,1637,456,92,8,1796,1581,958
291,1588,1783,171,410,799,327,513,7,2034,1581,1869,1350,2054,227,958,444,1621,1156,870,1712
292,1764,1054,1512,1355,1058,582,1705,1751,1283,1010,448,1149,414,128,1806,43,1775,738,712,2070
293,1156,861,444,823,1214,1541,1933,1995,357,498,74,92,35,8,1637,456,1993,958,1197,31
294,1684,1718,1064,806,1018,375,677,991,944,1750,2068,871,1581,1133,791,237,861,1995,444,1214
295,1869,174,1581,958,2059,870,1511,1586,2037,44,571,804,227,918,99,1066,156,1023,171,696
296,498,74,35,1993,31,1637,1197,8,92,1796,357,456,958,861,591,1214,1156,823,1447,444
297,301,1721,1183,109,1355,168,582,299,1764,763,1283,1923,1260,1512,1961,1938,1740,1703,1954,1010
298,301,1721,1183,109,1355,168,1283,299,582,727,1512,546,1764,1260,759,1923,128,1054,1703,1557
299,498,74,35,1637,1993,8,357,31,1197,92,456,1796,958,1156,1581,861,823,591,1214,444
300,861,444,1156,1541,1214,823,1995,1933,35,74,357,1637,92,1197,1993,31,498,8,1796,591
301,944,1750,991,2068,871,1480,791,1581,591,1447,227,1718,1684,1064,1438,444,861,1018,1995,237
302,1512,1058,1054,1764,1705,582,1751,1355,1283,1010,128,1149,448,414,43,1775,1806,712,1539,1381
303,727,1833,221,14,93,1396,749,852,1703,1721,881,1035,1775,712,1183,236,1923,1143,1355,1281
304,727,221,1833,14,93,1396,749,852,1721,881,1703,712,1923,43,128,1183,168,1355,1775,1281
305,168,1721,523,95,1961,1650,128,1672,852,819,301,274,788,1042,1649,1727,1856,474,1557,727
306,168,1961,95,1749,1721,763,128,711,1775,1649,1143,1281,1856,648,1650,1725,523,403,749,1539
307,740,1387,498,1779,1009,1951,1993,117,31,35,1637,74,1197,92,1796,8,456,357,2059,561
308,727,221,1833,14,93,1396,749,852,1721,1703,1923,881,1183,712,1035,236,168,1844,1577,1740
309,861,444,1156,823,1541,1214,1995,1933,357,92,1637,74,498,8,35,958,1993,1197,31,1796
310,74,498,35,92,1637,357,958,8,1993,456,1197,1796,31,2037,44,289,1581,861,591,823
311,498,35,74,1637,1993,31,1197,8,92,1796,456,357,591,1447,861,740,958,1387,1009,1214
312,1156,861,444,1214,823,1541,1933,1995,498,357,74,35,8,92,31,1637,1197,1993,1796,456
313,498,74,35,1637,31,1993,92,8,357,1197,1796,456,958,861,1214,1156,823,591,444,1541
314,498,35,74,1637,357,92,8,1993,456,1197,1796,31,958,861,1214,823,1156,591,444,1541
315,727,1833,221,14,93,1396,749,852,1721,1703,881,1844,1255,1035,1183,712,594,168,1143,1923
316,498,35,74,1637,357,1993,456,31,8,1197,1796,92,958,861,591,1156,444,289,2059,1447
317,727,221,1833,14,93,1396,749,852,1721,1703,881,1923,1775,1183,1143,712,1281,43,1749,1118
318,301,1721,1183,168,109,1954,299,1355,93,1923,1260,763,1703,221,429,546,727,749,1283,582
319,740,1779,1951,1387,1009,117,498,1993,35,1637,31,1197,74,1796,456,92,8,958,2059,357
320,301,1721,1183,109,168,299,1923,1260,1577,1954,429,1355,93,1111,1703,221,763,546,1108,1740
321,498,1387,740,35,1993,1637,1951,1779,74,31,1197,1009,117,456,1796,8,92,357,1447,591
322,727,1833,221,14,1396,93,749,852,1721,1703,712,43,1355,881,1183,1512,582,1751,1923,1775
323,498,74,35,1637,31,1993,8,456,1197,1796,357,92,958,591,861,1156,1214,823,444,1447
324,168,1961,788,1721,852,1098,1649,95,1727,128,1856,1763,1832,1325,763,1061,1650,337,523,274
325,727,221,1833,14,93,1396,749,852,1721,1703,881,712,1143,1183,1923,1775,1281,43,1533,1035
326,498,74,35,1637,357,31,1993,8,92,1796,456,1197,861,1214,958,1156,823,444,1581,591
327,168,852,95,1727,1856,1721,788,903,1961,247,1042,1667,711,153,1143,539,1281,1775,1832,1749
328,35,74,1684,357,31,1718,1197,1637,1993,92,8,806,498,1064,456,1018,1796,1624,375,531
329,35,498,74,1637,1993,357,31,92,1197,444,1581,1796,8,456,861,958,1214,1156,823,1541
330,498,74,35,1637,1993,31,1197,8,357,92,1796,456,958,591,861,1156,823,1581,289,1447
331,498,35,74,1637,31,1993,456,1197,8,357,92,1796,958,591,1447,289,1156,1214,861,823
332,727,1833,221,14,93,1396,749,852,1721,1703,881,1923,1183,1740,1035,712,1844,1255,1143,1775
333,301,1721,1183,109,168,299,1954,93,1355,1851,429,763,1260,1923,221,582,1108,759,1275,1577
334,301,1721,1183,168,109,221,546,1557,65,1703,727,763,299,93,474,1923,1355,523,224,749
335,168,1721,1856,95,1961,1650,788,274,523,1672,301,852,1098,1557,1873,247,763,749,1405,128
336,727,1833,221,14,93,1396,749,852,1721,1703,881,43,712,1183,1355,128,77,1844,1923,1533
337,861,35,74,1156,357,823,498,92,444,1214,1637,8,1993,1197,1995,1541,1933,31,456,1796
338,727,221,1833,14,93,1396,749,852,1721,1703,1923,881,1183,1355,712,168,43,128,1512,403
339,498,74,35,1637,31,1993,1197,8,92,1796,357,456,958,1009,591,861,1387,1951,1214,1156
340,168,1721,1143,474,852,95,1961,523,274,1281,1749,1650,711,763,912,1649,364,1520,648,819
341,861,1156,444,823,1214,1541,1995,1933,357,1637,92,498,74,8,35,1993,31,1197,1796,456
342,727,221,1833,14,93,1396,749,852,1721,1703,1923,712,881,1183,43,1355,582,1775,1844,1512
343,301,1721,1183,109,168,1355,299,749,1923,763,364,582,221,727,1961,1260,93,1283,1703,429
344,727,221,1833,14,93,1396,749,852,1721,1703,881,1844,1255,1183,1035,1923,43,712,1355,582
345,498,35,74,1637,31,1993,1197,456,8,1796,92,357,958,591,1156,1447,1214,861,823,444
346,727,1833,221,14,93,1396,749,852,1721,1703,881,1923,1775,1355,1183,1143,1649,1281,712,1749
347,498,35,74,1993,1637,92,1197,456,31,8,357,1796,958,861,591,1156,1214,823,1447,444
348,301,1721,1183,1355,109,582,1283,1764,1512,299,168,1058,1054,763,1260,1010,1961,43,546,1954
349,301,1721,1183,109,1355,168,582,1283,299,1764,1260,763,1512,1954,1923,1703,1938,1058,546,429
350,1058,1512,1764,1054,1705,582,1355,1751,1283,1010,128,448,1149,414,43,1775,1806,712,109,1281
351,74,35,357,498,1637,92,8,1993,1197,31,456,1796,861,958,1156,444,823,1214,1541,289
352,168,1961,1721,1649,852,788,1098,1749,1856,711,1727,274,1672,763,523,95,1281,1775,1539,1832
353,727,221,1833,14,93,1396,749,852,1721,1703,881,1923,1183,1355,1143,1775,1749,712,43,128
354,301,1721,1183,109,168,1355,299,582,1923,1260,1283,1954,1764,1938,1703,1512,763,546,429,727
355,74,498,35,8,357,92,1637,31,1197,1993,1796,456,958,1156,861,444,1214,823,1541,1995
356,727,1833,221,14,93,1396,749,852,881,1721,1703,1923,128,1355,43,1649,1183,1255,1512,1844
357,301,1721,1183,109,1355,582,168,1283,299,1764,1512,1260,1851,93,1954,759,1275,1592,763,1058
358,1058,1512,1054,1705,1764,582,1751,1355,1283,1010,414,448,1149,128,1806,43,1775,712,1539,1381
359,727,221,1833,14,93,1396,749,852,1721,1703,881,1923,43,1183,712,1035,1844,1255,1775,1355
360,727,1833,221,14,93,1396,749,852,1721,1703,881,168,1923,1183,1844,1143,1255,712,903,236
361,727,221,1833,14,93,1396,749,852,1721,1703,881,712,1923,1183,1355,43,1775,1143,1740,1512
362,301,1721,1183,109,1355,582,1283,1764,299,168,1512,759,1260,546,1108,763,1851,1592,1058,1793
363,168,1721,852,1961,128,364,301,1649,1832,763,788,727,1098,1727,93,1111,1650,1867,1833,95
364,1156,444,861,823,1541,1214,1933,1995,357,498,74,1637,35,8,92,1197,1993,31,1796,456
365,35,498,74,1993,1637,92,1197,31,456,8,357,1796,958,861,591,1156,823,1214,1447,444
366,861,1156,444,823,1214,1541,1933,1995,958,357,498,74,35,92,1637,8,1581,31,1993,456
367,301,1721,1183,168,109,1923,1577,763,376,93,1260,749,1355,221,299,1111,364,727,1740,1703
368,168,95,1961,788,1856,1721,903,128,1650,301,1098,763,1667,1832,1649,364,247,274,1405,489
369,74,35,357,498,1637,92,8,1197,456,1993,1796,31,958,289,2037,44,861,1156,444,823
370,1764,1054,1512,1705,1058,582,1355,1751,1283,1010,448,414,1149,128,1806,1775,43,1381,1539,109
371,168,95,1721,1961,1042,788,852,364,1649,437,1098,1281,1775,1727,1650,1749,247,93,128,1763
372,1718,1684,1064,806,1018,1581,375,74,35,31,357,456,1197,8,498,1133,92,1993,1637,677
373,168,95,1961,788,903,1042,153,301,711,1281,763,437,852,1749,1856,1649,128,1727,1938,1775
374,498,35,74,1993,1637,92,1197,8,31,357,456,1796,591,958,861,1447,1214,823,1156,444
375,168,1721,852,1727,903,1832,1672,474,523,1867,727,912,274,93,1650,788,1856,358,1557,95
376,498,740,1387,1951,1779,1009,1637,1993,35,31,117,74,1197,1796,8,92,456,357,1447,591
377,861,1156,444,823,1214,1541,1995,1933,498,357,74,92,35,1637,8,958,1197,456,1993,31
378,944,1750,991,2068,871,1480,791,1447,591,1581,227,1684,1718,1064,2012,1018,236,2054,806,1438
379,1058,1512,1054,1764,1355,1705,582,1751,1283,1010,128,448,1149,414,43,1806,712,1775,109,2070
380,301,1721,1183,109,168,299,1355,1923,1260,1954,582,93,1703,1283,1275,579,221,546,364,1764
381,1684,677,1718,1133,1064,375,806,31,74,35,1018,357,1197,1993,1637,456,8,92,498,1796
382,498,35,74,1637,31,1993,1197,8,456,1796,92,357,591,1447,958,1156,861,1214,823,444
383,861,444,1156,1541,823,1214,1995,1933,357,35,958,74,92,1637,498,1684,591,1993,31,1197
384,498,35,74,1993,1637,8,1197,31,92,357,456,1796,958,861,591,1214,1156,823,1447,444
385,727,1833,221,14,93,1396,749,852,1721,1703,881,1183,1923,712,43,128,1355,1143,1775,168
386,168,95,852,1650,247,1143,1098,1281,1042,364,1961,1749,1975,128,1775,1727,539,1763,153,788
387,168,1961,1721,1775,1281,1749,128,711,1856,1143,852,523,474,749,763,1672,1405,788,1649,1557
388,727,1833,221,14,93,1396,749,852,1721,1703,881,1183,1143,168,712,1923,1355,1775,43,128
389,74,35,1993,1637,498,92,357,8,1197,31,1796,456,958,861,1156,823,1214,444,1541,1995
390,498,74,35,1993,1637,456,92,8,1197,357,1796,31,958,861,1581,289,2037,1156,44,1214
391,727,1833,221,14,93,1396,749,852,1721,1703,881,712,1355,1923,582,403,1183,1775,43,1143
392,95,1923,1010,582,1751,1283,1512,1054,881,1111,1355,1705,1764,403,1856,93,168,1577,711,1649
393,7,171,799,2034,327,1783,513,1588,410,1712,918,697,1581,174,753,1869,1350,2054,1201,1937
394,74,35,1684,806,1718,1197,1993,31,456,1637,357,92,1064,8,498,1018,1796,375,1133,958
395,74,498,35,92,8,1637,357,1197,1993,31,1796,456,958,861,1156,444,1214,823,1581,591
396,168,1961,1856,1649,1725,95,1749,1042,763,711,1721,1727,788,1650,1281,364,1775,1873,523,1098
397,861,444,1156,823,1214,1541,1995,357,1933,498,74,35,8,1637,92,958,1993,456,1796,1197
398,727,1833,221,14,93,1396,749,852,1721,1703,881,1183,712,1355,1923,1775,43,582,128,990
399,1684,1718,806,74,1064,35,1018,375,31,1993,1197,456,357,1637,92,8,498,1133,1796,677
400,168,1961,1721,128,763,1649,95,523,274,364,903,474,788,852,1856,1281,1405,1927,711,1650
401,727,221,1833,14,93,1396,749,852,1721,1703,712,43,881,1923,1355,168,1183,128,582,1512
402,727,221,1833,14,93,1396,749,852,1721,1703,1923,881,1183,168,1775,1355,712,1649,43,1143
403,727,1833,221,14,1396,93,749,852,1721,1703,881,1183,712,43,1355,1923,1143,1775,128,1281
404,498,861,1156,74,35,444,1214,823,357,1637,31,8,92,1933,1541,1993,1197,1796,456,1995
405,740,1779,1387,1009,117,1951,498,1447,1993,1637,35,74,591,31,1197,2059,1796,92,1559,1214
406,1058,1512,1705,1054,1764,582,1355,1751,1283,1010,1149,448,128,414,43,1775,1806,712,109,1143
407,168,1961,1856,1749,95,1281,1649,1727,711,1539,1143,763,1775,788,1721,1725,852,1042,1098,364
408,727,1833,221,14,93,1396,749,852,1721,881,1703,1255,1035,1844,712,582,1775,43,1355,1512
409,498,74,35,1637,1993,357,456,92,8,1197,31,1796,958,289,861,823,591,1156,444,1581
410,727,1833,221,14,1396,93,749,852,1721,1703,881,1183,1355,1512,712,582,1751,77,1923,128
411,498,74,35,357,8,456,1993,1637,92,1197,31,1796,958,1156,591,1581,823,289,861,1214
412,861,1156,444,1214,1541,823,1995,1933,357,74,498,92,35,1637,8,1993,1796,1197,31,456
413,727,221,1833,14,93,1396,749,852,1721,1703,881,1183,1355,1923,1143,712,1775,168,582,43
414,727,1833,221,14,93,1396,749,852,1721,881,1703,1183,1255,43,1355,1844,1512,1923,168,712
415,861,1156,444,823,1214,1541,1995,1933,498,357,35,74,8,1637,92,456,1993,31,1796,1197
416,727,221,1833,14,93,1396,749,852,1721,1703,881,712,1923,1183,1355,43,128,403,77,168
417,35,74,357,31,498,1993,1637,1197,92,456,8,1796,1684,1718,1156,806,1064,591,1581,1018
418,168,1721,523,474,274,1557,912,1281,819,711,1672,358,1520,95,1143,1539,1405,852,546,1873
419,498,35,74,1637,31,1993,1197,456,8,357,1796,92,958,591,1447,861,1156,1214,823,444
420,168,1961,1721,1856,852,95,128,1649,1832,1042,788,1650,1672,274,727,1098,1749,763,1281,711
421,861,444,1156,1214,823,1933,1995,1541,357,35,1637,8,498,74,92,31,1993,1197,456,1796
422,727,221,1833,14,93,1396,749,852,1721,1703,881,1923,1355,1775,1183,168,1512,582,1649,1844
423,498,35,74,1637,1993,31,8,92,1197,357,1796,456,958,861,1214,591,823,1156,1447,444
424,861,1156,444,1214,1541,823,498,35,1995,1933,357,92,74,1637,1993,8,1197,31,456,1796
425,74,35,1637,498,92,357,1993,456,8,1197,31,1796,958,1156,823,861,1214,444,1869,174
426,168,95,1961,763,788,1143,1749,301,1856,1649,128,1281,1727,711,1111,1042,1775,1721,539,1725
427,498,74,92,35,8,357,1637,1993,456,1197,1796,958,31,2037,44,1581,289,861,823,591
428,944,1750,991,2068,871,791,1480,444,861,1581,1156,1995,1214,1684,823,1064,1541,1718,1018,806
429,498,35,1637,74,1993,31,1197,1796,92,456,8,740,357,1779,1009,1387,1951,1447,591,117
430,498,74,35,1637,1993,31,92,357,8,456,1197,1796,958,861,591,823,1156,1214,1581,444
431,301,1721,1183,168,109,221,93,727,299,14,1396,1557,1923,546,65,1703,749,224,1275,1833
432,168,1721,95,1961,523,128,474,763,1557,1856,1649,881,1650,274,1672,912,1405,1281,819,852
433,727,221,1833,14,93,1396,749,852,1721,1703,1923,881,1183,1355,712,1512,168,1740,1775,1143
434,1750,944,991,2068,871,1480,791,1684,1581,1718,1064,591,1438,1018,1447,444,806,237,227,1844
435,74,357,498,35,861,92,1156,8,1637,1993,1197,823,31,444,456,1214,1796,1541,1933,1995
436,168,1961,128,1749,1856,1281,1143,1727,711,95,1721,852,788,763,727,1649,1775,301,1539,1725
437,498,35,1637,74,31,1993,357,8,456,1197,92,1796,958,591,1447,1156,861,1214,823,444
438,35,74,498,92,357,8,1197,1637,456,1796,1993,31,958,1156,444,861,1214,823,591,1581
439,1058,1512,1705,1054,582,1764,1355,1751,1283,1010,128,1149,448,414,43,712,1775,1806,2070,1118
440,444,861,1156,823,1214,1541,1995,357,1933,498,35,1637,8,92,74,1993,958,1197,31,456
441,727,1833,221,14,93,1396,749,852,1721,1703,881,1355,582,1775,712,1923,1183,43,1143,1512
442,498,74,35,1637,456,1993,8,31,92,357,1197,1796,958,591,289,1156,861,823,1214,444
443,727,221,1833,14,1396,93,749,852,1721,1355,1703,712,1512,582,881,43,1751,1775,1183,77
444,74,35,498,1993,1637,1197,357,31,8,92,456,1796,958,1156,861,1214,823,444,1933,1541
445,498,35,1993,1637,74,31,1197,8,1796,456,92,357,740,1387,1009,1951,1779,117,1447,591
446,168,852,1721,128,1961,763,474,1649,1672,1763,749,727,788,1856,1727,274,1775,1281,1650,1405
447,1684,1718,806,1064,1018,375,677,1133,991,31,1995,74,35,1581,1637,357,2068,1156,1750,444
448,727,1833,221,14,93,1396,749,852,1721,1703,881,1923,1844,168,1183,1035,1255,594,712,1775
449,498,861,1156,74,357,444,8,35,1637,92,1214,823,1993,31,1197,456,1933,1541,1796,1995
450,301,1721,1183,168,109,299,1355,1923,1954,727,1260,93,763,582,1703,221,1938,429,1283,364
451,727,221,1833,14,93,1396,749,852,1721,1703,881,1923,1844,1143,1183,712,1035,1740,1775,594
452,498,35,74,1993,1637,31,92,8,456,1197,357,1796,958,591,861,1214,1447,1156,823,1581
453,1447,591,498,561,35,1581,74,958,1621,357,1699,31,1993,1440,1640,1637,92,456,1869,6
454,168,1961,128,1649,788,763,903,852,95,153,1098,1856,1763,1650,1938,1975,1727,1832,301,364
455,727,221,1833,14,93,1396,749,852,1721,1703,1923,881,712,1183,1775,43,1355,1035,1143,1281
456,168,1721,1961,1856,95,852,1749,788,1539,711,1775,1281,749,1725,1649,613,1042,1143,437,763
457,74,498,35,8,1637,92,357,1197,1993,31,1796,456,958,861,444,1156,823,1214,1581,1541
458,74,498,35,357,1637,456,92,8,1993,1197,1796,958,31,289,861,2037,44,823,1156,444
459,301,1721,1183,109,168,299,93,1577,1923,221,1108,763,1740,759,1111,1355,1954,1851,1275,1260
460,861,444,1156,1214,823,1995,1541,1933,357,74,92,35,1637,8,498,31,1993,1796,1197,456
461,168,1961,1721,95,1856,1749,763,128,711,1649,1281,1775,1725,648,1143,749,1539,1405,474,403
462,727,221,1833,14,93,1396,749,852,1721,1703,1923,43,712,881,1183,1844,1255,1355,109,168
463,74,498,8,35,357,1637,1993,456,92,1796,958,1197,31,289,2037,44,861,1581,1156,823
464,498,35,74,1637,357,1993,8,456,31,1197,92,1796,958,591,861,1156,823,444,1214,1447
465,301,1721,1183,109,1355,168,759,1283,1108,582,1851,1275,1844,364,1592,1260,1793,621,1961,727
466,35,31,74,1718,1684,357,456,8,1064,92,1197,806,1993,1637,498,1018,375,1796,1133,1581
467,861,444,823,1156,1541,1214,1933,1995,357,498,8,35,1637,74,92,958,1197,591,1993,31
468,498,35,74,1637,1993,456,31,1197,357,8,92,1796,958,591,1447,861,1156,1214,823,444
469,1058,1512,1705,1054,1355,582,1764,1751,1283,1010,128,448,1149,414,1775,1118,43,1281,1143,712
470,1581,74,35,31,357,1637,92,1684,1197,1718,498,861,456,1993,1064,1156,823,8,444,958
471,168,903,852,1961,128,95,1867,788,1856,839,153,1042,1721,1832,1098,1325,1775,1727,1281,1749
472,168,1721,523,1961,274,1672,95,1042,474,1649,1557,903,912,1281,819,1856,852,93,1650,1520
473,727,1833,221,14,93,1396,749,852,1721,1703,1355,881,582,1512,1751,1775,1183,1923,1844,1143
474,498,74,35,1637,1993,8,92,357,31,1197,1796,456,958,861,1156,1214,591,823,444,1581
475,301,1721,1183,1355,109,1283,582,168,1512,1764,763,299,128,1961,1054,1260,1010,364,1058,727
476,171,7,2034,513,327,799,1783,1588,410,174,1581,1869,1447,958,697,591,918,870,99,74
477,1512,1058,1054,1705,1764,1355,582,1751,1283,1010,448,1149,128,414,43,1806,1775,712,2070,109
478,301,1721,1183,109,1355,582,1260,299,168,1851,1764,763,759,1283,364,1275,1923,1108,93,1592
479,168,1042,1961,903,95,852,788,1856,1281,128,1923,727,364,1650,1832,839,711,1098,1749,1775
480,498,74,35,1637,1993,31,1197,92,8,1796,357,456,958,861,591,1214,823,1156,1447,444
481,740,117,1779,1009,1387,1951,1447,498,591,1214,1684,2012,444,1933,1637,2068,1993,1156,1559,1197
482,727,221,1833,14,93,1396,749,852,1721,1703,712,881,43,1923,1183,1355,77,1775,109,1844
483,727,221,1833,14,93,1396,749,852,1721,1703,1355,881,43,1512,712,1183,582,1775,1751,1143
484,727,1833,221,14,93,1396,749,852,1721,1703,881,1183,1923,168,403,712,1255,1844,582,1397
485,498,35,1993,74,1637,31,1197,456,92,8,357,1796,958,591,861,1447,1156,1214,823,2059
486,35,498,74,1993,1637,31,92,1197,8,456,357,1796,861,1214,958,1156,444,823,591,1447
487,498,35,74,1637,1993,31,456,357,8,1197,92,1796,958,591,861,1214,1156,1447,823,444
488,7,171,2034,799,513,327,1783,1588,410,1581,1712,918,1869,174,753,1042,99,790,1100,1201
489,301,1721,1183,109,1355,168,1283,299,582,1260,1954,1923,364,1703,1058,1764,1512,128,43,546
490,168,1721,1961,763,1856,1749,1649,1281,711,95,523,727,1143,301,1775,128,1923,903,852,1650
491,740,1387,117,1951,1779,1009,498,1993,35,1197,1637,74,31,1796,92,456,1447,8,357,2012
492,740,1387,1009,117,1951,1779,498,1993,35,1637,1197,74,31,1796,92,8,357,456,1447,1214
493,727,221,1833,14,93,1396,749,852,1721,1703,1923,881,1183,712,168,43,1844,1035,1255,990
494,727,1833,221,14,93,1396,749,852,1721,1703,881,1183,1923,1143,168,1577,236,1355,1740,1035
495,1684,35,1718,1064,806,74,31,1581,357,1018,1637,92,456,1993,498,1197,1995,1156,375,444
496,861,444,1156,1214,1933,823,1541,1995,357,498,1637,591,8,1581,35,74,1447,92,31,1993
497,301,1721,1183,109,299,1355,582,168,1283,1954,1764,93,1512,221,1260,727,364,1923,1851,1275
498,861,1156,1214,444,1933,823,1541,1995,498,357,35,74,1637,8,92,1197,31,1993,1796,456
499,301,1721,1183,109,1355,299,168,1283,582,1260,1954,546,1764,1557,1923,1703,43,763,1512,364
500,861,1156,444,1214,1995,823,1541,1933,35,74,357,92,8,1637,31,1993,498,1197,1796,456
501,727,221,1833,14,93,1396,749,852,1721,1703,712,43,881,1923,1183,1355,77,403,1512,109
502,727,221,1833,14,93,1396,749,852,1721,1703,1923,881,1183,712,1775,1740,1035,594,1844,1143
503,168,1721,1961,1856,95,788,1649,903,1725,763,1042,128,1186,613,1098,301,1650,1749,1325,1192
504,1684,74,35,1718,357,806,31,1993,1064,498,1197,1637,92,1018,456,1796,8,1624,375,944
505,727,221,1833,14,93,1396,749,852,1721,1703,881,1923,1844,1035,168,1183,1649,712,1355,1775
506,727,221,1833,14,93,1396,749,852,1721,1703,1923,1183,881,712,43,1775,1740,1255,1844,1143
507,301,1721,1183,109,168,299,1355,1260,1923,93,1275,1954,1108,1844,1703,1851,1283,546,582,1592
508,498,35,74,1993,1637,31,1197,456,8,92,357,1796,958,861,1214,591,1447,1156,444,823
509,168,95,852,1961,1721,1727,301,1042,903,788,1281,1975,1649,128,153,727,247,1143,711,763
510,1684,1718,1064,806,1018,1581,375,677,1133,74,35,31,357,991,444,2068,456,1995,861,1197
511,498,35,74,31,1637,1993,456,357,1197,8,92,1796,958,591,1447,1581,1156,2059,861,1214
512,498,591,35,74,1447,1637,1993,31,357,92,1197,8,456,2059,1796,958,861,68,1559,1586
513,168,1961,95,1281,1749,1727,1649,247,1856,711,128,1143,1098,1721,1775,763,1539,1650,1042,903
514,168,95,788,1961,1856,437,301,1042,852,1098,1281,1650,1186,903,153,1727,126,711,128,1649
515,301,1721,1183,1355,582,109,1283,1764,1512,1058,1010,299,1260,1054,1705,364,168,763,255,1961
516,727,221,1833,14,93,1396,749,852,1721,1703,881,1355,128,1923,1512,1183,43,168,582,712
517,727,221,1833,14,93,1396,749,852,1721,1703,881,1923,1183,168,712,43,1844,990,1577,1255
518,861,1156,444,1214,1541,823,1995,1933,357,35,74,1637,92,31,8,1197,1993,498,958,1796
519,301,1721,1183,109,299,1355,168,582,1954,1283,1260,1923,1764,1703,364,255,1512,546,221,93
520,498,74,35,1637,8,1993,31,357,92,456,1197,1796,958,1214,591,1156,861,823,289,444
521,301,1721,1183,168,109,1954,93,299,1108,1851,429,1923,221,1275,1260,1592,1844,727,759,763
522,727,221,1833,14,93,1396,749,852,1721,1703,881,1923,1183,1035,1355,1844,1649,712,1512,43
523,168,1961,95,1721,1042,788,1281,711,852,1749,1649,1727,153,93,1143,763,1775,364,437,1856
524,301,1721,1183,168,109,1355,1260,1923,763,364,93,582,299,759,1851,429,1275,1938,1954,727
525,168,1721,1856,1961,95,711,763,1281,1649,1143,1749,1725,128,301,1775,1923,852,881,474,1042
526,727,221,1833,14,93,1396,749,852,1721,1703,712,881,43,1923,1355,1183,1775,109,1512,1143
527,498,861,74,1156,1637,35,823,92,357,31,444,1993,1214,8,1197,1541,1796,456,1995,1933
528,35,31,74,1718,1684,357,1064,456,806,92,8,1993,1197,1637,498,1018,375,1796,1581,1133
529,498,35,74,1993,1637,31,1197,357,1796,456,8,92,958,806,1064,444,1581,1684,861,1214
530,1058,1705,1512,1054,582,1355,1764,1751,1283,1010,1149,128,448,414,43,1775,712,1806,109,1143
531,727,221,1833,14,93,1396,749,852,1721,1703,881,712,1183,1923,1035,1844,1775,43,1740,1255
532,444,861,1156,1214,823,1541,1995,1933,35,498,357,1637,74,958,92,1993,31,8,1197,1796
533,168,1721,523,128,1672,95,1557,274,1961,819,301,474,912,1405,1650,1649,852,763,1873,546
534,301,1721,1183,168,109,299,1355,727,1954,1283,1923,582,128,93,1703,546,221,1260,364,1108
535,727,221,1833,14,1396,93,749,852,1703,1721,881,1355,1923,712,43,128,1512,1183,1751,77
536,727,221,1833,14,93,1396,749,852,1721,1703,881,712,1923,1355,1183,1143,43,1775,1512,77
537,301,1721,1183,168,109,1355,1283,1260,582,1923,1844,93,1954,299,1703,546,727,1592,1512,1108
538,727,1833,221,14,93,1396,749,852,1721,1703,43,712,1355,881,1775,1923,1512,582,1183,1751
539,727,221,1833,14,93,1396,749,852,1721,1703,1355,1183,881,43,712,1512,128,1923,582,168
540,498,74,35,1637,1993,31,1197,8,357,92,1796,456,958,861,591,1156,823,1214,1447,444
541,498,74,35,1993,1637,92,8,357,31,1197,456,1796,958,591,1156,861,823,1214,1581,1447
542,301,1721,1183,109,1355,299,168,1283,582,1260,1764,1923,1954,1703,364,546,1512,1058,255,1010
543,740,1009,1951,1387,1779,117,498,1637,35,1993,31,74,1197,92,1796,8,357,456,591,1447
544,74,498,35,92,1993,31,1637,357,1197,8,456,1796,861,1156,444,823,958,1214,1541,1933
545,498,74,35,1993,1637,8,357,1197,92,456,31,1796,958,861,1156,1581,289,823,1214,444
546,498,35,1637,74,1993,31,1197,8,92,456,357,1796,958,591,861,1447,1214,1156,823,444
547,861,92,498,74,357,1637,35,1156,444,1214,8,823,1993,31,1197,1541,1796,456,1933,1995
548,301,1721,1183,109,168,221,93,14,763,299,727,1923,65,749,1557,546,1703,364,1260,224
549,498,35,74,1637,1993,31,1197,456,8,357,92,1796,958,591,1447,1156,861,289,1214,444
550,727,221,1833,14,93,1396,749,852,1721,1703,881,168,1923,1183,712,1355,128,43,1751,1143
551,444,861,1156,1214,823,74,357,35,92,1541,498,8,1933,1197,1637,958,1796,456,1993,1995
552,727,1833,221,14,93,1396,749,852,1721,1703,881,1355,582,1512,1183,1856,1143,1923,1255,1751
553,498,35,1637,1993,74,31,1197,92,8,1796,456,357,740,1387,1009,1951,1447,591,1779,117
554,727,1833,221,14,93,1396,749,852,881,1703,1721,1923,1183,128,168,1355,1649,1856,1512,1775
555,498,35,74,1637,1993,357,92,456,8,1197,31,1796,958,861,1156,823,1214,444,591,1933
556,727,221,1833,14,1396,93,749,852,1721,1703,881,1183,1923,712,1143,1355,1775,168,1533,403
557,1058,1054,1512,1705,1764,582,1751,1355,1283,1010,128,414,1149,448,43,1775,1806,712,1118,109
558,7,171,513,2034,327,799,1783,1588,410,1581,958,1869,174,918,99,1712,870,753,1332,2037
559,2034,7,171,799,513,327,1783,1588,410,1581,174,1869,958,918,1447,591,99,753,1201,870
560,1156,861,444,1541,823,1214,1933,1995,357,35,92,74,8,498,1637,1197,31,1993,456,1796
561,861,444,1156,823,1214,1933,1637,1541,1995,357,74,92,498,35,8,1993,31,1796,1197,456
562,727,221,1833,14,93,1396,749,852,1721,1703,881,1923,1740,712,1577,1183,1111,376,1143,43
563,727,221,1833,14,93,1396,749,852,1721,1703,881,1183,712,1923,43,1143,1775,1281,128,1355
564,958,1581,1588,1869,74,498,357,8,591,410,31,174,1637,92,456,156,1969,35,1796,2054
565,727,221,1833,14,93,1396,749,852,1721,1703,1355,712,881,43,1183,1512,1923,128,582,1775
566,301,1721,1183,109,1355,1283,582,168,299,1260,364,763,1289,546,1923,1764,1961,1649,759,43
567,35,498,1637,74,357,1993,31,1197,92,456,444,8,1796,1214,861,1156,1541,1995,823,958
568,168,95,1961,1721,1281,128,1749,1856,788,1775,1042,711,763,749,1143,1649,903,523,1832,437
569,444,1156,861,1541,1214,823,1995,1933,498,357,35,74,1637,92,8,1993,1197,1796,456,31
570,727,221,1833,14,93,1396,749,852,1721,1703,881,1183,1923,712,168,1143,236,1844,1255,1035
571,498,1156,861,823,357,444,1214,35,74,8,1637,1541,92,1933,1993,31,1197,1995,1796,456
572,498,740,1387,1993,1009,35,1951,74,1637,31,117,1197,1779,92,1796,456,8,357,1447,861
573,727,1833,221,14,93,1396,749,852,1721,1703,881,1923,712,1183,43,1775,1143,1281,128,1749
574,498,35,74,1993,1637,1197,31,8,92,1796,357,456,958,861,591,1156,1214,1447,823,444
575,861,444,1156,1214,823,1541,1995,1933,1581,357,74,35,958,1637,498,8,92,31,44,1993
576,498,35,74,1637,31,1993,8,357,456,92,1197,1796,591,958,1214,1156,1447,861,823,444
577,727,1833,221,14,93,1396,749,852,1721,1703,881,1355,1183,1143,1923,1775,1512,712,43,582
578,2034,171,7,513,799,327,1783,1588,410,1581,174,1869,958,99,92,74,8,35,918,870
579,727,1833,221,14,93,1396,749,852,1721,1703,881,1923,1844,1255,1183,1035,168,712,43,594
580,1447,591,2059,498,1559,465,68,35,561,74,804,1993,1586,698,1144,696,1066,1637,958,113
581,727,221,1833,14,93,1396,749,852,1721,1703,712,881,1183,1740,1923,168,43,77,1143,1035
582,1750,944,991,2068,791,871,1480,1581,444,1684,1064,1995,861,1718,1156,1018,823,1214,1438,806
583,168,1961,1856,1649,95,1721,128,1749,763,788,1281,1725,1042,1650,301,840,711,93,1975,1143
584,301,1721,1183,168,109,1355,1283,299,582,1954,1703,128,1260,546,1512,1923,727,763,364,749
585,727,221,1833,14,93,1396,749,852,881,1721,1703,1355,1512,1775,1143,1281,1923,1751,1749,582
586,168,788,95,1856,1281,1539,1749,1961,711,1721,1143,852,1775,437,903,128,839,1405,126,274
587,168,95,128,1961,788,1856,523,763,274,1721,711,1281,474,1042,1672,301,903,1649,247,912
588,1058,1512,1054,1705,582,1764,1751,1355,1283,1010,1149,128,448,414,43,1775,1806,712,2070,1143
589,727,221,1833,14,93,1396,749,852,1721,881,1703,1035,1751,1844,582,236,1775,128,712,1923
590,1156,861,444,823,1214,1541,1995,1933,357,35,498,74,92,1637,1581,31,8,1197,1993,456
591,727,221,1833,14,93,1396,749,852,1721,1703,881,712,1923,43,1183,168,1143,1740,1397,128
592,1156,35,357,74,92,861,498,958,8,444,1214,1197,1637,823,1993,456,31,1796,1541,1995
593,498,35,74,1637,1993,92,8,456,357,31,1197,1796,958,591,861,1156,823,1214,1447,444
594,498,74,35,1637,1993,8,31,1197,357,92,1796,456,958,591,1156,861,1214,823,1447,444
595,74,498,35,92,1637,357,8,1197,1993,31,456,861,1796,444,823,1156,958,1214,1541,1933
596,498,35,74,1993,92,1637,31,8,1197,357,456,1796,958,591,861,1447,1214,823,1156,1581
597,727,1833,221,14,1396,93,749,852,1703,1721,881,1183,712,1923,1143,43,1355,1775,1281,990
598,444,861,1156,1214,823,1541,1995,1933,357,1637,35,498,74,8,92,958,1581,31,1993,1197
599,1156,861,444,1214,35,74,823,357,498,92,8,1541,1933,1197,958,1637,1796,31,1993,456
600,168,1961,1749,1281,95,1775,128,711,1649,1856,1721,852,1143,903,788,1539,1727,1325,763,1118
601,727,221,1833,14,93,1396,749,852,1721,1703,881,1183,712,1923,43,168,128,1775,1035,1355
602,727,221,1833,14,93,1396,749,852,1721,1703,881,1923,1740,712,1143,1183,1775,1355,236,1035
603,74,498,35,1993,1637,1197,357,92,8,31,456,1796,958,289,1156,861,1581,823,1214,591
604,944,1750,991,871,2068,1480,791,1447,591,227,1581,1800,1844,172,528,1592,729,531,621,1108
605,301,1721,1183,109,168,299,1923,1355,546,582,1954,1260,1283,1703,1557,1764,523,429,65,1938
606,168,1961,95,727,301,128,1721,763,1281,1856,788,1649,1975,852,1749,1763,1650,1143,126,523
607,498,1581,74,31,1993,1197,92,1637,35,357,8,456,1796,958,861,823,1214,444,1156,591
608,498,35,74,1637,1993,31,456,1197,8,92,357,1796,958,591,1447,1156,861,823,1214,289
609,95,1010,1923,582,1283,1705,763,881,1054,1649,1512,93,1751,1355,1856,1961,1664,1764,168,1449
610,74,498,35,92,1637,357,8,1993,31,1197,861,958,456,1796,1156,823,1214,444,1541,591
611,168,128,1281,1961,1749,711,1143,763,1775,1721,1649,95,1118,1539,1381,364,1727,1856,852,881
612,727,1833,221,14,93,1396,749,852,1721,1703,881,1183,1923,168,1143,1844,1255,1035,594,1775
613,727,221,1833,14,93,1396,749,852,1721,1703,881,1844,1355,1775,1255,1923,1035,712,582,43
614,498,740,1387,1779,1993,1009,1951,35,117,1637,74,31,1197,1796,456,92,8,357,1447,591
615,861,444,823,1156,1214,1541,1933,1995,357,498,8,74,958,1637,35,92,1581,1197,1993,456
616,168,1961,763,1649,128,1749,95,1721,852,1775,881,788,749,1281,1856,1975,1727,1405,1143,1098
617,498,35,1993,1637,74,31,1197,456,8,1796,92,357,740,1387,1951,1779,1009,1447,591,117
618,168,1961,1856,128,95,1749,788,711,763,1281,1775,903,1649,1042,1725,1143,852,153,1923,437
619,727,221,1833,14,93,1396,749,852,1721,1703,1923,881,712,43,1775,1355,1183,1143,1118,1844
620,168,1721,1961,1143,1749,95,711,763,1281,1775,128,301,523,1649,1539,1856,474,852,1650,1923
621,444,861,1156,1214,823,1541,1933,1995,357,1637,35,74,498,31,1993,8,92,1197,958,456
622,498,35,74,1993,1637,1197,92,31,8,456,357,1796,958,591,861,289,1447,1156,1581,823
623,727,1833,221,14,93,1396,749,852,1721,881,1703,168,1923,1183,1740,1844,1255,1143,1035,594
624,861,1156,444,1214,1933,823,1541,1995,357,1637,35,498,74,8,92,31,1993,1197,1796,1581
625,727,1833,221,14,93,1396,749,852,1721,1703,881,1856,1183,168,1355,712,1143,128,1923,1512
626,498,74,1637,35,1993,1197,31,8,92,1796,456,357,958,861,591,1581,1447,823,1214,444
627,74,498,357,35,958,1637,92,456,8,1993,1197,1796,31,861,2037,44,823,444,1156,289
628,74,35,357,31,1197,456,498,8,92,1993,1637,1581,1718,1684,958,1796,806,1064,1018,174
629,498,74,35,1637,1993,31,1197,92,8,456,357,1796,958,591,861,1214,1156,823,1447,444
630,727,1833,221,14,93,1396,749,852,1721,1703,881,1183,1923,128,1355,168,712,1775,1143,1533
631,727,221,1833,14,93,1396,749,852,1721,1703,1923,881,1183,1844,168,1035,594,1255,1775,990
632,1684,1718,1064,806,1018,74,375,35,357,1581,456,31,498,1993,1197,958,1637,8,92,861
633,95,1923,1010,582,1751,1283,1512,1705,1054,1355,168,1764,881,711,1649,1856,1961,109,93,1111
634,168,711,1961,1749,1281,1143,95,788,1775,1539,1721,1649,852,126,153,1856,763,1186,1098,437
635,168,1721,95,1961,1042,903,1856,1650,788,523,1649,1281,301,274,1672,711,1749,474,128,763
636,727,221,1833,14,93,1396,749,852,1721,1703,881,1923,1183,168,1844,1740,594,1035,990,128
637,727,1833,221,14,93,1396,749,852,1721,1703,881,1035,1183,1844,712,1923,1255,1740,1775,594
638,35,2068,1750,944,2012,871,74,498,991,1993,444,1637,1480,1447,861,591,1064,1197,958,1214
639,301,1721,1183,1355,109,582,1764,168,1283,299,1512,1260,1058,1954,1923,1938,1010,1054,763,364
640,727,221,1833,14,93,1396,749,852,1703,1721,881,1183,128,1923,1355,712,168,77,236,1512
641,498,740,1387,1993,35,1779,74,31,1637,1951,1009,1197,117,456,1796,92,8,357,1447,2059
642,301,1721,1183,109,168,1355,299,582,1283,1923,1954,749,727,364,221,1764,763,93,1260,128
643,1684,1718,1064,1581,806,1018,74,991,1750,944,375,35,871,31,357,2068,498,861,1637,1197
644,1684,1718,806,1064,375,1018,677,1133,944,1624,991,871,531,2068,74,35,1750,791,691,1692
645,498,1993,35,31,74,1637,1197,1796,92,456,8,357,740,1009,1387,1779,1951,117,861,1447
646,168,1281,95,1961,128,1749,711,1775,1143,763,903,1721,1649,1539,881,1118,839,364,1832,1098
647,498,74,1637,35,8,1993,1197,456,31,357,1796,92,958,591,861,1447,444,1156,823,1214
648,301,1721,1183,168,1355,109,1283,582,1512,299,1954,128,1260,1764,546,727,1703,1054,1058,364
649,498,35,1993,74,31,1637,1197,456,1796,92,8,357,740,1387,1009,1951,1779,117,958,1447
650,95,582,1010,1751,1283,1512,1923,1054,1705,1764,1355,403,93,881,1111,1856,109,1058,711,1281
651,561,1621,1440,1699,1640,1322,6,591,1447,35,357,958,1869,31,498,174,1581,74,1783,1350
652,861,444,1156,1214,1541,823,1995,1933,1581,357,1637,958,74,92,35,8,498,1197,31,1993
653,727,221,1833,14,93,1396,749,852,1721,1703,881,43,1183,712,168,1923,128,1255,1844,1035
654,168,1856,1961,95,711,763,1281,1749,1143,1727,1721,1649,301,1775,788,128,1725,852,1923,539
655,1058,1512,1705,1054,1764,582,1355,1751,1283,1010,1149,448,128,414,43,712,1775,1806,2070,109
656,498,74,35,1637,31,1993,1197,8,357,92,456,1796,958,591,861,1447,1214,1156,823,444
657,727,1833,221,14,93,1396,749,852,1721,1703,881,1183,1923,168,712,1143,128,1740,1856,403
658,498,35,74,1637,1993,31,8,1197,92,1796,456,357,958,861,1214,1156,823,591,444,1541
659,727,1833,221,14,93,1396,749,852,1721,1703,881,1183,1355,712,1923,1512,1775,43,582,128
660,498,74,35,1637,357,456,1993,8,92,31,1197,1796,958,289,591,861,44,1581,1214,1156
661,498,35,74,1637,1993,31,1197,8,456,92,357,1796,958,591,1447,861,1156,1214,444,823
662,1684,1718,1064,806,1018,375,1133,357,74,35,677,31,944,991,1624,871,8,791,1197,531
663,74,498,1637,35,357,92,8,1993,456,1197,1796,958,31,861,2037,44,289,823,444,1156
664,168,1961,788,1856,95,1649,1721,1650,1042,711,126,1749,763,301,1832,1186,1098,1281,153,1775
665,727,1833,221,14,93,1396,749,852,1703,881,1721,1923,1183,1775,1143,712,1844,1035,594,1255
666,498,74,1637,35,357,1993,92,8,958,31,456,1197,861,1796,1156,823,444,1214,1541,1995
667,861,1156,444,1541,1214,823,498,357,1995,74,1933,35,92,1637,8,456,1993,1796,1197,31
668,498,35,74,1637,1993,456,357,31,8,1197,92,1796,958,591,1447,861,289,1156,1214,823
669,498,74,35,1637,1993,31,1197,92,8,456,1796,357,958,861,591,1214,1447,1156,823,444
670,727,1833,221,14,93,1396,749,852,1721,1703,881,1923,1183,168,1143,1775,1035,1844,712,1355
671,727,221,1833,14,93,1396,749,852,881,1703,1721,1923,168,128,1183,712,1649,1749,43,1143
672,727,1833,221,14,93,1396,749,852,1721,881,1703,168,1183,1844,1035,1255,1923,109,712,1355
673,740,1387,1779,1009,1951,117,498,1993,35,1637,31,74,1197,92,1796,8,456,357,1447,591
674,168,1721,128,1961,1775,1143,1281,95,1749,523,903,852,1042,1325,711,1867,1649,788,1832,1727
675,861,1156,444,1214,823,1933,1541,1995,35,357,92,8,498,1637,31,74,1993,1197,1796,958
676,168,1961,1721,95,1856,1649,788,852,523,763,711,1042,903,274,912,474,1186,881,1650,648
677,727,1833,221,14,93,1396,749,852,1703,1721,881,1183,1923,128,168,1844,594,1856,1143,1255
678,168,1721,1961,95,852,903,1649,93,1650,523,128,1727,763,1042,711,1281,247,1143,1856,1672
679,168,95,1961,788,1721,852,1856,1405,523,474,1042,274,128,903,546,1098,1650,1649,1672,881
680,727,1833,221,14,93,1396,749,852,1721,1703,881,1143,1183,1355,1775,582,712,128,1923,1856
681,35,74,31,357,1993,456,1197,1637,92,8,498,1684,1718,1796,806,1064,1018,375,958,1133
682,498,35,74,1637,1993,31,1197,456,8,1796,92,357,958,591,1156,1447,289,861,1214,444
683,498,74,35,1637,1993,31,8,357,1197,92,456,1796,958,591,1447,1156,861,823,1214,1581
684,727,1833,221,14,93,1396,749,852,1721,1703,881,1183,168,1923,1844,128,1035,1856,1255,594
685,1054,1705,1058,1512,1764,582,1355,1751,1283,1010,448,1149,414,128,1806,712,43,1775,2070,738
686,727,221,1833,14,93,1396,749,852,881,1703,1721,712,1775,1923,43,1844,1035,1255,1143,1183
687,727,1833,221,14,93,1396,749,852,881,1721,1703,1183,1255,1844,1035,1923,712,128,594,1143
688,727,1833,221,14,93,1396,749,852,881,1721,1703,712,43,1183,1923,1740,1844,77,128,1143
689,498,35,74,1637,1993,357,31,456,8,92,1197,1796,958,1156,861,823,444,1214,1933,289
690,861,1156,444,1214,1541,823,1995,1933,357,8,74,35,92,498,1637,1197,31,1993,456,1796
691,727,221,1833,14,93,1396,749,852,1721,1703,1923,1183,881,712,43,168,1355,1775,109,1844
692,861,444,1156,1214,823,1541,1995,1933,357,498,1637,74,35,8,1581,92,958,1993,1197,31
693,727,1833,221,14,93,1396,749,852,1721,881,1703,1035,1255,712,1183,1844,1775,43,1355,1923
694,727,1833,221,14,93,1396,749,852,881,1721,1703,128,1255,712,43,1775,1844,1035,1923,1281
695,727,221,1833,14,93,1396,749,852,1721,1703,712,881,77,43,1183,1740,168,1143,1923,128
696,1684,1718,1064,806,375,1018,677,1133,1624,944,74,35,531,357,991,871,31,2068,791,1750
697,727,1833,221,14,93,1396,749,852,1721,1703,881,1183,168,712,1923,43,1255,128,1035,1844
698,168,1961,95,1721,1856,1650,788,1672,474,274,1832,1649,1725,128,301,881,523,1749,912,903
699,727,221,1833,14,93,1396,749,852,1721,1703,881,1183,1923,712,43,1355,168,109,1143,77
700,1684,74,1718,35,806,1064,31,1197,1018,357,1993,456,498,375,1637,8,92,1796,958,1581
701,498,35,74,1637,1993,8,31,357,92,456,1197,1796,958,591,1214,1156,861,823,1447,1541
702,168,95,903,1721,1961,1856,788,128,1042,523,1281,301,274,1650,1405,1098,1975,474,1649,247
703,74,35,1684,357,1197,1993,498,1637,31,456,92,1718,8,806,1624,1796,1064,1018,2012,531
704,168,1961,1721,1856,1649,95,128,763,1650,301,788,852,1042,274,1672,749,1111,1725,460,1667
705,727,1833,221,14,93,1396,749,852,881,1703,1721,168,1183,236,1143,1844,1035,903,1923,1255
706,740,1779,1387,1951,1009,117,498,1993,1637,35,31,74,1197,2059,456,1796,1447,958,92,8
707,74,498,35,1637,357,1993,8,31,92,456,1796,1197,958,1581,2037,861,289,44,1156,591
708,498,74,35,1637,1993,31,1197,456,92,8,357,1796,958,591,861,1156,1447,1214,823,444
709,168,1961,1649,95,1721,128,711,763,1856,1749,788,1281,903,364,1042,523,1775,274,1727,1143
710,168,1961,95,1281,1721,711,1856,763,128,1649,1749,1042,788,301,903,1143,1923,1775,727,1727
711,35,74,498,1637,357,92,456,8,1993,1197,31,1796,958,1156,823,861,1214,444,1541,1933
712,498,35,1993,1637,31,74,1197,456,8,1796,92,357,740,1387,1951,1009,1779,958,117,2059
713,727,221,1833,14,93,1396,749,852,1721,1703,1923,1183,881,712,43,1844,1355,109,77,1775
714,727,221,1833,14,93,1396,749,852,1721,1703,1923,881,1844,1143,1035,1183,594,1775,712,1255
715,168,1961,95,1856,1721,903,788,274,523,852,1649,474,128,763,1650,1672,1042,912,437,1405
716,1684,1718,1064,806,1581,1018,74,35,357,31,991,375,456,1197,498,92,944,1133,8,1993
717,727,221,1833,14,93,1396,749,852,1721,1703,881,1355,1183,43,712,1923,1143,1512,1775,582
718,498,740,35,1637,1779,31,74,1009,1993,1387,1197,1951,8,1796,357,117,92,456,591,1447
719,1156,861,444,1214,823,74,357,498,35,92,1541,1637,8,1933,31,1995,1197,1993,1796,456
720,74,35,1637,357,498,92,8,1796,1993,456,1197,31,958,289,861,2037,44,1156,444,591
721,727,221,1833,14,93,1396,749,852,1721,1703,881,1183,712,43,1923,168,1844,1035,1255,1143
722,301,1721,1183,168,109,1355,763,727,93,582,299,221,1923,1961,1283,1260,1512,128,749,759
723,727,221,1833,14,93,1396,749,852,1721,1703,881,168,1183,712,43,1844,1923,109,1035,1255
724,727,1833,221,14,93,1396,749,852,1703,881,1721,128,1751,1183,1923,582,1355,236,1512,1035
725,168,1281,95,1961,1749,711,1856,1042,1143,788,1727,1649,1539,1725,1775,1721,301,763,247,128
726,168,1961,1721,1042,95,1856,1650,1832,128,1749,763,93,1649,1725,1281,1143,711,903,727,749
727,35,74,31,357,498,1684,1993,1637,456,806,1197,1718,1064,92,8,375,1018,1796,1581,958
728,740,1387,117,1009,1951,1779,498,1993,1197,35,31,1637,1447,74,1796,92,591,1064,561,2012
729,498,35,74,1993,1637,31,1197,8,92,456,1796,357,958,591,861,1447,1214,1156,823,444
730,498,74,35,1637,1993,31,456,8,357,1197,92,1796,958,591,1156,823,861,289,1581,1214
731,74,35,1993,498,1637,1197,357,92,8,31,1796,456,1156,861,958,823,1214,444,1541,1995
732,498,35,74,1637,1993,31,357,8,456,1197,92,1796,958,591,861,1214,1581,1156,823,444
733,1684,1718,1064,806,1018,375,74,677,35,1133,944,991,357,1624,871,31,2068,791,1993,456
734,727,221,1833,14,93,1396,749,852,1721,1703,43,881,1183,712,1923,1355,1255,582,1775,1512
735,498,74,35,1637,1993,8,31,357,92,1197,1796,456,958,861,1156,823,591,1214,1581,444
736,301,1721,1183,109,168,299,1355,1954,1260,1283,582,1851,93,1923,1275,1592,1108,546,1703,1844
737,1750,944,991,2068,871,1480,791,1581,444,1684,591,227,1438,1995,1214,861,1156,1064,1447,1718
738,498,35,74,1637,31,1993,1197,92,8,1796,456,357,958,591,1156,1214,861,1009,1447,823
739,168,1721,274,128,852,1727,523,474,1557,1143,546,711,1405,1672,1867,1281,912,301,1749,1961
740,168,95,1961,1856,1721,763,903,852,1281,1539,881,1725,93,711,1749,1143,1649,1650,788,1775
741,861,1156,444,823,1214,1541,1933,1995,498,1637,357,35,74,92,8,1993,31,1197,1796,958
742,301,1721,1183,109,1355,1283,582,299,168,1512,1764,1954,1260,1058,1108,546,1054,1010,1592,759
743,498,35,74,1637,31,1993,1197,8,456,92,357,1796,958,591,861,1447,1214,1156,823,444
744,498,35,1637,74,1993,92,1197,31,8,1796,357,456,861,958,1214,1156,823,591,444,1541
745,7,171,513,1783,2034,799,327,1588,410,1581,958,174,1869,99,918,1201,870,1447,591,1712
746,498,74,35,1637,1993,31,92,1197,456,357,8,1796,958,591,1447,861,1156,823,1214,1581
747,727,1833,221,14,93,1396,749,852,1703,881,1721,712,1355,582,1775,1512,1751,77,1844,1143
748,727,221,1833,14,93,1396,749,852,1721,1703,881,1355,712,1775,582,1512,1183,1143,43,1923
749,168,1721,1961,1856,95,1727,1649,763,1650,1832,301,852,128,247,727,1143,274,711,1672,93
750,168,95,1961,903,1856,1281,788,1042,128,1721,839,1725,711,1749,749,881,437,763,474,1672
751,168,1961,763,1649,95,852,1650,128,1749,1856,1042,711,364,788,1143,1727,1281,1775,1975,648
752,168,1721,1961,95,523,274,1405,903,1672,1042,912,1186,1281,788,301,1856,711,1975,839,1649
753,727,1833,221,14,93,1396,749,852,1721,881,1703,1355,1512,582,1775,1751,128,712,43,1143
754,301,1721,1183,109,1355,763,299,582,1260,168,1764,1851,429,1961,1283,1923,759,1954,364,1108
755,498,740,1387,1993,1637,35,1951,31,1779,1009,74,1197,117,456,1796,92,8,357,1447,2059
756,727,221,1833,14,93,749,1396,852,1721,1703,712,43,881,1355,168,1183,1923,403,582,109
757,7,171,513,2034,327,799,1783,1588,410,1581,174,1869,958,870,918,99,1447,1712,591,753
758,498,74,35,1637,31,1993,8,357,1197,456,92,1796,958,1581,591,861,1156,1214,1447,823
759,168,1961,1721,95,711,1143,763,1281,1749,301,128,1649,1775,1856,788,1727,1042,1539,153,1975
760,861,1156,444,823,357,74,1214,1637,1541,498,35,92,1995,8,1993,1933,31,1197,1796,456
761,168,1961,1727,1281,1749,1649,128,711,1856,1721,95,763,1098,1143,1775,247,1650,852,788,1763
762,74,498,35,92,357,8,1993,1637,31,1197,1796,958,456,861,1156,823,444,1214,1541,1995
763,498,35,74,1993,1637,31,92,8,357,1197,456,1796,958,591,861,1214,823,1156,1447,444
764,727,221,1833,14,93,1396,749,852,1721,1703,881,1183,1923,712,1143,43,1740,1281,1775,1355
765,727,221,1833,14,93,1396,749,852,1721,1703,1923,881,1183,168,1844,594,1035,1143,1255,1856
766,727,221,1833,14,93,1396,749,852,1721,1703,881,712,1183,1355,43,1923,128,582,1143,1775
767,498,74,35,1637,31,1993,357,8,92,456,1197,1796,958,591,861,1214,1581,1156,1447,823
768,727,1833,221,14,93,1396,749,852,1721,1703,881,1183,1923,43,1775,712,1143,1355,1281,1749
769,727,221,1833,14,93,1396,749,852,1721,1703,881,1923,1844,1775,1255,1035,712,1118,43,582
770,727,1833,221,14,93,1396,749,852,1721,1703,881,1183,1923,1844,168,128,1255,712,1035,1856
771,168,1721,711,1143,1281,95,1749,1775,1961,852,763,1856,1539,1727,1649,1381,301,1975,247,903
772,498,35,74,1993,31,1637,1197,8,92,456,1796,357,958,591,861,1214,1447,1156,823,444
773,301,1721,1183,109,168,299,1355,93,582,1954,1260,1923,1275,1851,221,1283,727,1844,1764,1108
774,727,221,1833,14,93,1396,749,852,1721,1703,881,1183,168,1923,712,1577,128,1844,990,1035
775,727,221,1833,14,93,1396,749,852,1721,1703,1355,712,881,43,1512,582,1183,1923,1775,1751
776,727,221,1833,14,93,1396,749,852,1721,1703,881,1923,1183,990,236,128,1281,1255,1143,712
777,35,498,74,1993,1637,1197,92,8,31,357,456,1796,958,591,861,1214,1156,1447,289,823
778,168,1961,1721,1856,474,128,852,95,274,788,1649,1281,912,153,523,1749,1405,763,711,1098
779,168,1961,1721,95,1649,1727,763,128,301,1281,1975,788,1856,1749,1143,840,903,727,852,711
780,740,1951,1387,117,1009,1779,498,1637,1993,1197,74,31,35,1447,1796,1214,591,1933,92,8
781,168,852,788,1042,153,95,1763,2034,1727,1650,1721,1883,1975,126,1667,1098,437,93,1921,247
782,727,221,1833,14,93,1396,749,852,1721,1703,168,881,712,1183,128,1923,43,77,1856,1740
783,727,221,1833,14,93,1396,749,852,1721,1703,881,1923,168,1355,1183,128,712,1775,1143,77
784,168,128,1721,1961,852,1856,95,788,903,474,1649,763,727,1281,1763,437,1650,523,1727,1725
785,1058,1512,1054,1705,1355,1764,582,1751,1283,1010,128,1149,448,43,414,712,1775,1806,2070,1118
786,727,221,1833,14,93,1396,749,852,1721,1703,168,881,1740,1844,712,1923,1255,403,1397,43
787,861,444,1156,823,74,1214,1541,498,357,8,1995,1637,35,92,31,1197,1933,1993,1796,456
788,861,444,1156,823,1214,1541,1933,1995,357,1637,498,74,35,8,92,1197,1993,456,958,31
789,727,221,1833,14,93,1396,749,852,1721,1703,881,1923,1183,1775,1035,168,1844,712,1255,43
790,168,852,1961,523,1775,1143,474,95,1672,1281,788,274,1721,1557,819,1749,1405,128,903,1975
791,740,1951,1387,1779,1009,117,498,1993,1637,35,74,1197,31,456,958,1796,2059,1447,92,8
792,498,35,74,1993,1637,31,92,1197,8,456,1796,357,958,861,591,1156,1214,823,1447,444
793,35,1541,944,1447,74,591,444,1684,991,1750,1064,1194,1156,2068,1637,498,1993,871,1214,357
794,727,221,1833,14,1396,93,749,852,1721,1703,881,1183,1355,1923,1512,712,1649,1775,1035,1751
795,727,221,1833,14,93,1396,749,852,1721,1703,1923,881,712,1775,1355,1143,1183,168,43,1281
796,498,74,1637,35,1993,8,31,357,92,456,1197,1796,958,1581,861,289,1156,2037,591,444
797,168,1961,1856,1649,95,763,788,364,1721,1042,128,1725,1650,903,1281,711,301,126,1749,460
798,727,1833,221,14,93,1396,749,852,1721,881,1703,1844,1255,1035,1183,168,712,1923,43,594
799,944,1750,871,991,2068,35,1480,1064,498,74,1684,444,2012,357,1993,791,806,1018,591,1447
800,861,444,1214,1156,1541,1995,1933,823,1684,1581,1750,944,2068,991,871,1480,1718,1064,357,791
801,35,31,74,357,498,1718,1684,456,1197,8,92,1637,1993,1064,1581,806,1018,1796,375,591
802,740,1779,1387,1951,1009,117,498,1637,1993,31,35,2059,1447,74,1197,591,561,1796,456,92
803,727,1833,221,14,1396,93,749,852,881,1703,1721,1183,1923,712,43,128,1355,1751,1512,990
804,74,35,1637,357,498,1993,8,31,92,456,1197,1796,1156,958,861,444,823,289,1214,1933
805,498,74,35,1993,1637,456,1197,8,357,92,31,1796,958,861,591,1156,823,289,1581,1214
806,74,498,35,1637,1993,357,456,8,1197,92,31,1796,958,289,591,44,2037,861,1156,823
807,1512,1058,1705,1054,1764,582,1751,1355,1283,1010,128,448,1149,414,43,1775,712,1806,2070,1381
808,727,221,1833,14,93,1396,749,852,1721,1703,881,1355,712,1183,1923,1775,43,1512,582,1143
809,35,74,357,498,1993,31,1637,1197,92,456,8,1796,1684,591,1624,1718,1156,806,958,1214
810,498,74,35,1637,456,1993,92,357,8,1197,31,1796,958,591,861,1156,1447,823,1581,1214
811,168,1961,1721,1650,95,1856,274,301,1672,912,1649,1098,128,1061,1727,1405,788,523,126,1832
812,498,591,35,74,1447,1993,31,92,1637,357,456,958,1197,8,1581,1796,2059,561,861,1156
813,727,221,1833,14,93,1396,749,852,1721,1703,881,168,1183,1355,712,1923,43,582,1649,109
814,168,1961,95,128,1281,788,1721,852,1143,1749,763,301,1649,364,1042,903,711,1775,840,1856
815,498,74,35,1637,1993,31,92,1197,8,1796,456,357,958,861,591,1214,1156,823,1581,1447
816,74,498,1637,1993,35,31,8,357,1197,92,456,1796,958,1581,289,591,1156,44,2037,861
817,861,1156,444,823,1214,1541,1933,1995,357,92,8,74,498,35,1637,1993,1197,1796,31,456
818,498,35,74,1637,1993,92,1197,8,31,357,456,1796,861,958,1214,591,1156,823,444,1447
819,168,1961,1856,95,788,1721,301,128,1042,1727,727,852,1832,1867,903,1098,1649,437,1650,763
820,168,1721,711,1281,1143,1749,1775,1961,852,95,128,763,153,1727,1042,301,1539,1649,788,1381
821,1058,1512,1054,1705,1355,1764,582,1751,1283,1010,448,1149,128,414,43,1775,1806,712,109,749
822,944,991,1750,2068,871,1480,791,1581,444,1684,1064,1718,861,1447,1018,591,1156,357,1995,227
823,861,444,1156,823,1214,1933,1541,74,1637,498,357,35,1995,8,92,31,1993,1197,1796,456
824,498,74,35,1637,1993,1197,92,8,31,456,357,1796,958,591,861,1156,289,1214,823,444
825,168,852,1721,1961,1856,788,95,1832,1727,128,1775,711,1649,153,1749,1281,903,1098,1763,763
826,498,35,74,1637,31,1993,357,1197,8,1796,92,456,861,958,1156,591,444,1214,823,1447
827,1058,1512,1054,1764,1705,582,1355,1751,1283,1010,414,448,1149,128,43,1806,1775,712,819,109
828,74,498,35,1637,92,456,1993,357,8,1197,31,1796,958,861,289,1156,823,44,444,2037
829,498,74,35,1993,1637,31,1197,8,92,1796,456,357,958,861,591,1156,1214,823,444,1447
830,498,74,35,1637,1993,92,8,357,31,1197,456,1796,958,861,1156,823,591,1214,1581,444
831,1156,861,444,1214,1541,823,1995,1933,357,498,1637,74,8,92,1197,31,35,1993,1796,958
832,727,221,1833,14,93,1396,749,852,1721,1703,712,1923,881,168,1183,43,1775,1143,1355,1740
833,74,498,35,92,1637,357,8,1197,31,1993,456,1796,861,444,1156,958,823,1214,1541,1933
834,727,221,1833,14,93,1396,749,852,1721,1703,881,1355,1923,712,128,168,1183,1512,1775,77
835,727,1833,221,14,93,1396,749,852,1721,1703,881,1183,1923,1355,1775,1649,128,712,1143,1856
836,498,35,74,1637,1993,31,357,8,456,1197,92,1796,591,958,1447,1156,823,861,2059,444
837,168,1961,1749,128,763,95,1042,1725,1856,1649,1775,903,881,1721,711,852,749,1143,788,1281
838,861,1156,444,1214,823,1541,1933,1995,357,1637,498,92,35,8,74,1993,31,1197,1796,958
839,168,1281,711,95,1961,1749,788,903,1143,301,1775,763,1721,852,1042,437,128,126,1098,153
840,740,498,1387,1779,1951,1009,117,35,1993,1637,31,74,1197,1796,92,8,456,357,958,1447
841,727,221,1833,14,93,1396,749,852,1721,1703,881,1183,1923,1740,712,1355,1143,1577,43,168
842,498,74,35,1637,357,8,1993,92,1197,456,1796,31,958,861,1156,444,823,1214,591,1541
843,301,1721,1183,109,1355,582,1283,299,168,1512,1764,759,1260,1054,727,1961,1108,1954,1010,364
844,498,74,35,1637,92,357,456,1993,8,31,1197,1796,958,591,861,1581,1214,1447,823,1156
845,861,1156,444,498,1214,74,823,1637,1541,35,357,31,1933,1197,1993,92,8,1995,1796,456
846,498,74,35,1637,1993,1197,8,31,456,357,1796,92,958,861,2037,289,1156,44,444,823
847,861,1156,444,1214,823,357,498,1637,74,1541,8,35,1995,92,1933,1993,1197,1796,31,456
848,301,1721,1183,168,109,1557,546,474,221,65,727,93,1672,299,224,523,1703,763,1108,759
849,944,1750,991,2068,871,1480,791,1581,1447,591,1684,444,1718,1064,861,1018,227,1156,357,1995
850,168,1961,301,95,128,763,788,1856,1649,1721,1650,1727,1938,903,727,840,126,1667,1183,489
851,35,357,92,74,498,861,444,1156,8,1214,1637,1197,823,958,456,31,1796,1993,1541,591
852,74,498,357,35,1637,8,92,456,1993,1197,958,1796,31,289,861,44,2037,823,1156,444
853,727,1833,221,14,93,1396,749,852,1721,1703,881,1923,1844,1255,1775,1183,1035,1143,712,594
854,35,74,357,31,498,1197,92,1637,1993,456,8,1684,1796,1581,1718,991,1624,591,806,944
855,944,1750,871,2068,991,1480,791,1447,591,74,958,861,444,1995,1581,1197,498,1684,1844,357
856,301,1721,1183,109,1355,582,299,1283,168,546,43,221,1764,1703,1557,224,93,1512,364,1260
857,861,1156,498,444,357,74,35,823,1214,92,1637,8,1541,1933,1993,31,456,1796,1197,1995
858,74,35,498,357,92,861,1637,8,1156,1197,823,456,1993,31,444,1214,1796,1541,958,1933
859,861,1156,444,1214,823,1541,1995,357,1933,74,498,1637,35,8,92,31,1993,1197,1796,958
860,168,1721,1856,95,1961,852,763,1650,474,1649,788,1725,1281,523,1672,711,903,1539,247,274
861,861,444,1156,823,1541,1214,1995,1933,357,498,92,8,958,74,35,1637,1993,1197,456,1796
862,1447,591,498,2059,74,35,1637,1993,31,958,561,1197,357,92,1559,456,68,8,1586,804
863,301,1721,1183,109,1355,299,168,582,1923,1260,1764,93,1283,763,1954,221,1703,364,749,255
864,727,1833,221,14,93,1396,749,852,1721,881,1703,712,43,1844,77,1255,582,128,1512,1355
865,861,1156,444,74,823,1214,35,1637,357,1541,92,498,1993,8,1197,31,1995,456,1796,1933
866,740,1779,1951,1009,1387,117,498,1993,1637,35,1197,74,31,1796,92,456,8,357,958,2012
867,498,35,74,1993,1637,1197,8,92,456,31,357,1796,958,861,1156,591,1214,444,823,1447
868,727,221,1833,14,93,1396,749,852,1721,1703,168,881,1183,1923,128,712,1035,77,236,1844
869,498,35,1993,740,74,1197,1637,1387,31,1951,1009,117,1779,456,1796,92,8,357,1447,591
870,1156,861,1214,444,1933,823,1541,498,74,357,1995,35,1637,8,92,1197,1993,31,1796,456
871,35,74,31,1637,1197,1993,357,498,92,456,8,1156,1796,861,444,1995,823,1214,1541,1684
872,35,74,357,31,498,1684,92,456,1197,1637,1993,1581,8,1718,1064,806,1796,591,1018,1447
873,168,1961,1721,1649,1856,1042,523,1749,128,852,763,1867,749,1672,274,1405,1650,1873,1775,912
874,168,95,1856,1961,903,1727,1281,852,763,881,1832,128,1650,788,437,1721,247,93,727,711
875,727,1833,221,14,93,1396,749,852,1721,1703,881,1183,1923,712,43,1355,1775,128,1143,582
876,35,74,1993,31,456,498,1197,357,1637,1684,92,1718,806,8,958,1796,1064,1018,375,591
877,727,221,1833,14,93,1396,749,852,1721,1703,168,881,712,1183,1923,403,1355,582,43,1143
878,944,1750,991,2068,871,1684,1064,1194,791,1480,806,444,1018,1541,1995,1718,1447,861,1156,1214
879,168,1961,1856,128,1721,1749,711,1649,1727,1775,95,1281,1143,763,523,274,1405,1725,1650,852
880,168,852,95,1721,1856,1727,788,1961,1832,1042,763,247,1281,153,539,93,460,1098,1725,1143
881,35,74,31,357,1993,1637,1197,456,498,92,8,1684,1718,1796,806,1064,1018,375,1133,1156
882,168,95,788,1961,1856,437,301,852,1727,1649,903,1098,1721,1042,1975,1281,763,126,881,274
883,498,74,35,1637,1993,1197,31,456,8,92,357,1796,958,861,1156,444,1214,591,823,289
884,498,74,35,1993,1637,1197,31,92,8,357,456,1796,958,861,591,1156,823,1214,1447,444
885,727,221,1833,14,93,1396,749,852,1721,1703,881,1923,1183,168,712,128,1143,43,1355,1856
886,74,35,31,1993,357,456,1197,1637,8,498,92,1796,1684,1718,806,1064,1018,375,958,1133
887,498,74,35,1637,1993,92,8,31,357,1197,456,1796,591,958,1447,861,1214,1581,823,1156
888,168,1721,523,1405,95,1281,274,1775,1143,128,1961,1749,788,819,474,711,903,1672,1557,1098
889,498,74,35,1637,1993,1197,31,456,8,357,1796,92,958,861,591,1156,289,444,823,1214
890,168,1721,523,1672,95,274,819,1281,903,1557,128,474,912,1405,852,1143,1650,1873,1961,881
891,727,1833,221,14,93,1396,749,852,1721,1703,881,1183,1255,1844,1923,712,1035,1143,43,594
892,168,1721,1961,1856,301,274,1672,95,1649,128,852,1650,788,1832,1405,474,912,358,1727,364
893,727,221,1833,14,93,1396,749,852,1721,1923,1703,881,1844,168,1183,1255,1035,594,759,712
894,168,1721,1961,95,1281,128,274,1856,788,1749,1098,474,711,1143,903,1672,852,1405,1649,912
895,498,74,35,1637,1993,8,357,456,31,1197,1796,92,958,861,1156,289,823,591,444,1214
896,498,74,1637,35,8,1993,31,357,92,1796,456,1197,958,1581,2037,289,1156,861,44,823
897,74,35,498,357,92,1637,8,456,1993,1197,1796,31,958,861,1156,289,444,823,1214,1541
898,301,1721,1183,109,168,1283,1355,299,582,546,1954,1703,128,1557,727,1260,1923,1764,65,1512
899,301,1721,1183,109,168,1108,1355,759,1851,1592,1844,1793,1283,1275,299,1260,1255,621,582,546
900,301,1721,1183,1355,168,109,1283,582,299,1954,1512,1764,1260,1058,1054,364,1923,1703,1010,1938
901,498,74,35,1637,1993,31,8,357,456,92,1197,1796,958,591,289,1156,861,1214,823,1447
902,74,35,1637,498,1993,31,357,92,1197,8,1796,456,861,1156,444,1214,823,958,1933,1995
903,168,1961,1281,95,1721,523,852,819,1649,1672,274,1749,1098,912,711,1727,1856,763,474,1650
904,727,221,1833,14,93,1396,749,852,1721,881,1703,1923,1355,128,1512,1751,1649,1844,1183,168
905,727,221,1833,14,93,1396,749,852,1703,1721,881,1183,1923,1143,1775,1255,1844,1355,1749,1281
906,168,1961,711,1856,1281,95,1749,1721,1143,852,1775,1649,763,1539,1727,93,788,903,437,1042
907,727,221,1833,14,93,1396,749,852,1721,1703,881,1183,712,43,1923,1255,1844,168,128,1143
908,301,1721,1183,109,1355,582,1283,299,168,1764,1512,1260,1954,1054,1010,1703,1058,1923,546,364
909,35,498,74,1637,1993,357,31,1197,8,92,456,1796,958,591,1447,444,1581,861,1156,823
910,1156,861,444,1214,823,1541,1995,1933,357,92,498,1637,8,74,35,1197,1993,31,1796,456
911,727,221,1833,14,1396,93,749,852,1721,1703,881,1923,1183,1355,236,1775,712,990,168,1035
912,861,498,1156,444,357,1214,74,823,1637,35,1541,8,92,1993,456,1796,1995,1197,1933,31
913,327,799,513,2034,171,1783,7,561,1588,1581,1621,591,1699,1440,958,1322,1447,6,1640,1869
914,1054,1764,1705,1058,1512,582,1355,1751,1283,1010,448,414,1149,1806,128,1775,43,712,738,109
915,861,444,1156,823,1214,1541,1995,1933,357,92,8,74,35,1637,31,498,1197,1993,1796,456
916,168,1961,95,1856,788,274,1405,523,903,474,1186,1672,912,358,1649,1098,128,763,301,1873
917,498,1993,35,1637,74,31,740,1197,456,1779,1951,1387,1796,1009,8,92,357,117,958,2059
918,301,1721,1183,109,299,168,1355,221,727,759,364,1923,582,93,763,1108,1260,1255,1557,1961
919,727,221,1833,14,93,1396,749,852,1721,1703,712,881,1923,43,1183,77,1775,1143,168,582
920,168,1721,852,1961,1856,93,763,95,711,788,1727,1143,1650,403,247,1775,648,1649,749,1186
921,35,74,31,1718,1684,357,806,1197,92,456,1993,1637,1064,8,498,1018,1796,375,1581,1133
922,168,1721,1961,95,128,763,523,1650,1649,274,1856,474,1557,1672,1405,247,1281,912,903,364
923,498,35,74,1637,357,31,1993,8,456,92,1197,1796,958,591,1156,289,1214,861,1447,823
924,498,740,1993,1637,31,35,74,1779,1009,1197,1951,1387,1796,456,92,8,117,357,958,2059
925,498,740,1637,35,1779,1993,1387,1951,74,31,1009,1197,117,456,1796,8,92,357,1447,591
926,1054,1764,1512,582,1058,1705,1355,1751,1283,1010,448,1149,414,1806,128,1775,43,738,712,1539
927,727,1833,221,14,93,1396,749,852,881,1721,1703,1183,1355,1035,712,1512,1923,43,1751,109
928,498,35,74,1637,1993,92,8,31,1197,456,357,1796,958,861,1214,591,823,1156,444,1447
929,444,861,1156,823,1214,74,1541,357,498,35,1933,1637,92,8,1995,958,31,1197,1993,1796
930,301,1721,1183,109,1355,582,1283,763,1961,759,299,168,1764,1260,364,1649,546,1512,1108,429
931,168,1721,852,1856,1961,95,788,1281,711,763,1649,749,1749,247,1725,474,128,1143,93,903
932,1684,1718,1581,1064,74,806,35,31,1018,357,498,1197,456,1637,92,1993,375,8,591,991
933,1684,1718,1064,806,1018,375,677,1133,1581,944,861,991,1750,1995,74,1156,871,2068,444,31
934,498,74,1637,35,31,8,1993,357,456,1197,1796,92,591,1447,958,2059,861,1156,1581,823
935,727,1833,221,14,93,1396,749,852,1721,1703,881,1183,1923,712,1355,43,168,128,1512,1751
936,301,1721,1183,109,299,1355,168,582,1923,1764,1260,1283,93,221,1954,546,763,364,1703,523
937,498,74,591,35,1637,1447,1993,31,357,8,1197,456,92,1796,958,2059,861,1581,1156,823
938,168,1961,95,1721,1856,128,1650,1649,523,274,788,301,1672,763,1405,474,852,819,1775,1098
939,498,74,35,1993,1637,31,1197,8,92,357,456,1796,958,591,861,1156,1447,823,1581,289
940,35,74,498,1637,357,31,1993,1197,8,92,456,1796,958,289,1156,861,591,444,823,1214
941,727,221,1833,14,93,1396,749,852,1721,1703,881,1355,1923,1143,712,43,1183,1775,1512,128
942,168,1721,1961,1856,1281,852,95,523,711,1749,1649,763,128,727,274,1042,474,1775,788,819
943,168,903,95,1721,852,523,1961,474,1727,274,912,1042,1975,1856,1672,788,1098,1281,1143,153
944,727,1833,221,14,93,1396,749,852,1721,1703,881,168,1183,1923,236,712,1035,1844,990,1355
945,498,35,74,861,357,92,1637,8,1156,444,1214,823,31,456,1993,1197,1541,1796,1933,958
946,727,221,1833,14,93,1396,749,852,1721,1703,881,1844,1183,168,1923,1035,1255,1740,712,594
947,1705,1054,1058,1512,1764,582,1751,1355,1283,1010,448,1149,414,128,1806,1775,1381,1118,711,43
948,498,74,35,1637,1993,31,357,8,92,1197,456,1796,958,861,591,1156,823,1214,1447,444
949,301,1721,1183,1355,109,582,1283,1764,168,1512,1260,299,1058,763,1010,1923,1054,1938,1705,1703
950,168,852,1961,1721,788,95,1042,1727,763,1649,301,128,437,364,1763,337,1650,1098,460,1281
951,1058,1054,1705,1512,1764,1355,582,1751,1283,1010,448,414,1149,1806,128,1775,43,109,712,738
952,168,1961,95,788,128,852,763,1721,1649,1727,301,1856,1098,1832,364,1650,460,727,1763,1042
953,1684,1718,1064,806,1018,375,677,1133,1581,991,944,1750,237,2068,871,861,1995,903,1438,444
954,498,35,74,1993,1637,31,8,1197,92,456,1796,357,958,591,861,1156,1214,823,289,444
955,727,221,1833,14,1396,93,749,852,1721,1703,881,1183,712,1923,1355,43,128,77,990,1775
956,727,221,1833,14,1396,93,749,852,1721,1703,712,43,1183,881,1355,1923,128,77,109,1143
957,498,74,35,1637,1993,8,31,357,92,1197,456,1796,958,861,1156,591,1214,823,444,1581
958,727,221,1833,14,93,1396,749,852,1721,1703,881,1183,712,1255,1844,1923,43,1355,1035,582
959,168,1961,788,1749,95,1856,852,128,1143,1281,763,1649,749,1721,1042,1775,1539,711,727,1975
960,727,1833,221,14,93,1396,749,852,1721,1703,881,1183,1923,712,43,128,1255,1355,1751,1512
961,168,1961,852,1721,95,1856,788,903,1098,274,301,1832,1667,128,727,1867,763,1281,1405,126
962,301,1721,1183,109,168,1355,1260,1283,763,1844,1851,299,1108,582,1592,1703,1275,1793,546,759
963,727,221,1833,14,93,1396,749,852,1721,1703,1183,881,712,43,1923,168,1355,1397,128,109
964,727,221,1833,14,93,1396,749,852,1721,881,1703,128,168,1844,1923,1035,712,1512,1355,1255
965,498,35,74,1637,1993,31,8,456,357,1197,1796,92,958,591,1156,861,1214,1447,823,444
966,727,221,1833,14,1396,93,749,852,1703,1721,881,1355,1923,712,1183,1775,43,1512,128,1143
967,740,1779,498,1009,1387,1951,117,35,1993,1637,74,31,1197,1796,456,92,357,8,1447,591
968,727,1833,221,14,93,1396,749,852,1721,1703,881,1035,1923,1844,1183,712,1255,1775,594,43
969,168,852,1650,1721,95,474,1961,1042,1143,1281,711,1749,364,523,1775,274,1867,437,1557,912
970,727,221,1833,14,93,1396,749,852,1721,1703,1923,1183,881,712,168,43,1740,77,1143,1355
971,168,1961,95,301,1749,1281,1143,711,788,763,1042,1649,128,1727,1721,1856,1775,1539,437,337
972,168,95,1856,1961,788,1042,1650,1721,1098,523,1763,128,1727,301,1649,1281,1749,1186,1143,126
973,1684,1718,806,1064,375,1018,74,35,357,31,1993,1197,1637,1133,8,498,677,92,456,1624
974,727,221,1833,14,93,1396,749,852,1721,1703,881,1923,168,712,1183,128,1355,77,1740,1143
975,168,1856,95,1961,788,128,1727,1649,852,763,437,1098,1650,1749,1281,1832,903,1667,711,460
976,498,74,35,1637,1993,92,8,456,357,31,1197,1796,958,861,1156,591,823,1214,444,1447
977,727,221,1833,14,93,1396,749,852,1721,1703,1923,881,1183,1355,712,43,1775,1143,1512,1740
978,727,221,1833,14,93,1396,749,852,1721,1703,881,168,1923,712,128,1183,1844,77,1035,1355
979,727,1833,221,14,93,1396,749,852,1721,1703,881,1255,1844,582,1035,1923,712,128,1183,1775
980,1581,1869,174,958,591,1783,1447,513,2037,35,498,44,74,92,7,1588,171,2034,8,227
981,498,35,74,1637,1993,456,357,8,1197,31,1796,92,958,861,289,1156,591,444,823,1214
982,301,1721,1183,1355,109,582,1283,1260,168,364,763,1764,1961,759,1512,299,1108,1851,128,1923
983,727,221,1833,14,93,1396,749,852,1721,1703,1923,881,712,43,1775,1183,1143,1355,1281,1118
984,1684,1718,1064,806,1018,1581,375,991,1750,944,2068,871,861,677,1995,444,791,237,1156,823
985,168,1721,1961,95,1856,301,1649,763,788,274,1672,128,1975,1650,1727,1098,126,1405,852,1186
986,168,1961,95,1721,128,903,788,274,852,523,1672,1649,763,1405,1042,364,1650,1098,1775,1281
987,727,221,1833,14,93,1396,749,852,1721,1703,1923,881,712,1183,43,1775,1355,1281,1035,1143
988,727,221,1833,14,93,1396,749,852,1721,1703,881,1923,1740,712,1183,1577,1355,1844,1143,43
989,301,1721,1183,168,109,727,221,93,1557,299,546,1703,474,65,1396,224,523,1844,763,14
990,727,221,1833,14,93,1396,749,1721,852,1703,1923,881,1183,168,1856,1844,594,1649,1355,1035
991,727,221,1833,14,93,1396,749,852,1721,1703,881,1923,712,1183,1355,1775,43,128,1143,168
992,727,1833,221,14,93,1396,749,852,1721,1703,881,1183,128,1923,1856,168,1355,712,1512,1725
993,861,444,1156,1541,823,1214,1933,1995,357,498,8,74,35,1637,92,456,1197,31,1993,1796
994,740,1779,1387,1951,117,1009,498,1993,35,1447,1637,1197,74,31,2059,591,456,1796,2012,1559
995,168,1143,852,1749,1042,1721,1281,1867,711,95,1727,1650,1961,437,1775,1832,128,1649,474,126
996,74,498,35,1993,1637,92,357,31,1197,8,456,1796,958,861,1581,1156,444,823,1214,44
997,498,35,31,74,1993,1637,1197,8,92,357,1796,456,591,958,1447,1009,861,1387,1214,1156
998,168,1042,1961,95,1749,1281,711,788,1856,1649,763,301,1143,93,126,437,1775,1186,1725,1650
999,74,498,35,1637,1993,1197,8,92,357,456,31,1796,958,1156,861,1214,823,289,444,1933
