0,958,823,1933,861,1995,444,456,1993,31,35,1214,1637,1197,1796,1156,498,8,1541,1581,1440
1,444,861,823,1933,1541,1214,1995,1156,456,1197,8,1581,1796,1637,31,958,74,35,498,357
2,591,1447,174,1869,1581,823,561,444,1621,1995,1350,861,2054,958,1322,1214,1541,1640,581,1933
3,327,513,1933,7,2034,1581,410,1783,861,171,1541,1214,799,823,444,1156,1588,1995,958,2013
4,861,444,1933,1995,1214,1541,1156,823,958,456,1993,31,35,1637,1197,1796,498,8,1581,74
5,327,7,171,1783,1281,513,1143,799,2034,727,711,1539,14,1751,1764,1381,1118,1058,749,881
6,456,958,1796,35,1993,8,1637,357,74,31,498,92,1197,1783,327,513,2034,444,799,823
7,444,823,740,1779,861,1933,456,1995,1197,1387,1214,498,31,35,1993,1951,1009,117,357,1156
8,1511,156,1384,193,205,798,195,262,794,23,934,1969,571,561,787,1621,405,1583,1640,591
9,823,1933,444,1995,861,1541,1156,1214,958,1581,92,8,1197,591,1993,456,1796,35,357,1637
10,621,1219,1898,1275,521,905,1793,679,422,2043,1851,172,759,1844,2065,1800,1592,729,1035,528
11,791,871,2068,521,759,944,1750,1275,621,1480,991,1219,905,729,594,1851,1793,679,1214,2043
12,871,791,1995,1750,444,740,1214,1197,456,498,1933,861,1480,1541,944,1973,1796,2068,1993,35
13,440,1186,1192,483,2037,609,613,255,958,44,727,1665,1697,2054,684,21,965,977,1937,840
14,1583,156,405,787,195,1511,794,23,1384,1022,193,205,591,934,561,262,798,571,1447,1969
15,327,1577,376,1783,7,799,513,171,2034,1740,1111,1581,410,1588,1869,174,1712,1541,1721,1512
16,327,2034,410,1581,561,1640,171,1541,1588,861,823,1783,1214,513,1621,1440,7,1933,444,1156
17,823,444,861,1933,1995,1214,1541,958,1156,44,1581,2037,289,591,1637,1322,35,1197,1056,1621
18,823,444,861,958,1933,1214,1541,1995,1156,44,1581,2037,1927,289,1261,591,1697,1637,21,1322
19,1692,1624,531,691,963,719,434,1541,1350,444,823,861,1214,1156,2054,1440,1933,1018,1995,357
20,1933,1541,1214,823,861,1156,444,958,1581,1995,581,870,1712,410,227,1783,794,513,2034,1869
21,1796,456,357,1197,44,35,958,1993,31,1637,823,8,498,1995,2037,289,1214,444,74,1156
22,561,1581,1621,1322,1440,1640,1699,6,916,995,410,298,958,1023,1144,1915,698,1932,804,1583
23,410,1214,1588,861,174,1933,1869,823,444,1581,1712,958,2034,1995,1156,1541,591,1783,581,1621
24,571,1511,156,195,205,1915,1032,1969,934,1567,193,794,113,23,1932,909,1384,262,698,1066
25,2034,7,1783,1588,410,327,171,513,799,43,712,798,581,934,1969,1640,1447,1712,790,6
26,823,1933,444,1995,861,1541,1156,1214,958,1581,92,35,8,1197,591,31,1993,456,357,74
27,444,670,912,224,65,546,200,1529,948,523,1520,823,1672,358,1534,731,1541,1933,274,1873
28,1581,1933,444,1541,823,1197,1214,35,1796,861,1995,31,1993,498,1718,958,1637,8,74,456
29,861,444,823,1933,1995,1214,1541,35,1197,1156,1993,456,92,357,8,1796,958,561,1637,591
30,958,1581,1933,1541,1214,823,861,1156,444,1995,581,870,1712,227,44,1056,513,1937,1869,1350
31,1289,1583,156,671,405,787,195,1511,794,23,1384,1022,193,205,591,934,561,262,798,571
32,456,1197,1796,35,31,8,92,74,1993,1637,1018,498,357,1718,1684,1064,375,806,1621,561
33,1197,35,1993,444,823,1933,31,8,861,456,357,1541,74,92,1995,1637,740,1214,498,1796
34,327,513,1783,2034,799,410,7,171,1588,1581,861,1156,823,1933,1541,1214,958,227,1973,1056
35,561,1783,327,6,1699,405,2034,1640,1621,591,513,7,1583,799,1440,171,1322,787,1581,410
36,963,1018,1718,958,691,1993,719,434,1624,1933,1214,1684,1064,375,823,806,31,531,1692,1156
37,1783,327,1856,7,799,171,1588,95,513,1725,337,410,2034,646,43,128,1951,712,1789,265
38,444,823,861,1933,1995,1214,35,1197,357,1156,74,1993,456,1541,31,1796,1637,8,498,958
39,727,221,14,1833,93,1396,749,852,1649,1764,1961,1856,299,1054,168,1283,1355,1664,763,582
40,1010,1283,1355,1054,1058,1512,1705,1751,1764,582,1775,1143,1281,711,1749,1539,1381,448,1118,414
41,740,1779,1387,1951,117,1009,1197,35,958,1796,8,1214,92,498,1993,1637,31,456,44,444
42,1621,561,1640,591,6,1322,861,958,1447,444,1440,823,1699,1581,1214,1995,1933,1712,581,1541
43,410,1588,7,1783,2034,327,171,799,1581,513,697,1973,790,1056,1439,405,870,1583,1712,581
44,1197,456,1993,31,357,1796,35,444,8,823,1933,861,1637,74,1541,92,498,1995,740,1214
45,791,944,1750,871,1933,2068,991,444,1480,1156,1541,823,1214,861,990,1995,1652,1712,581,378
46,327,1783,2034,513,171,1933,1581,1541,444,7,799,823,1156,227,1588,1214,1995,861,44,871
47,1355,1010,1054,1283,1751,1512,1764,582,1705,1058,1281,711,1775,1143,448,1749,1381,1118,1539,414
48,128,1143,1281,1010,711,1749,582,1355,1381,1764,1118,1283,1751,1775,1539,1058,1512,1054,1961,1705
49,561,1440,6,1621,1322,1308,1583,1699,156,1640,1870,405,787,195,1511,116,794,23,1384,1022
50,823,444,1933,1995,958,1214,861,35,1541,1993,74,456,1156,1197,31,1637,1796,357,92,44
51,1054,1010,1355,1283,1764,1705,1751,582,1058,1512,1775,711,1281,1749,727,1539,1806,93,1118,1381
52,405,787,1022,1583,794,156,1511,571,262,195,193,1384,934,798,6,23,1869,205,1440,1969
53,6,561,1621,1783,1440,1322,1640,2034,327,1699,171,513,799,7,410,1712,1588,301,1973,2054
54,958,823,1933,861,1995,444,456,1993,31,35,1214,1637,1197,1796,1156,498,8,1581,74,1541
55,31,1581,1796,8,1869,456,174,35,498,799,327,444,1993,1637,1783,357,1197,561,861,92
56,1440,1621,6,1322,561,1640,1699,174,581,958,156,794,1869,99,262,798,23,1511,1712,934
57,444,823,861,1933,1995,1214,35,1197,357,1156,74,1993,456,1541,31,1796,1637,8,498,958
58,174,1869,410,1214,1933,1712,1581,861,1995,444,823,327,958,1783,581,1588,1541,1156,794,798
59,861,444,823,1933,1995,1214,1541,35,1197,1156,1993,456,92,357,8,1796,958,1637,591,74
60,1581,1018,1718,1684,1064,375,806,1973,2034,1404,1439,1783,1869,513,327,561,1133,1588,171,799
61,823,2037,1933,444,861,44,958,1214,1995,1156,1541,1783,289,799,7,171,327,513,2034,1056
62,1054,1355,1283,1010,1764,1751,1705,1512,1058,582,1143,1775,1381,711,1281,1749,1539,1149,1118,1806
63,871,1480,944,1750,991,791,591,2068,1447,1032,1869,2059,1567,1214,1915,1932,465,1586,698,1046
64,958,823,1933,861,1995,444,1927,1261,1697,21,456,1993,31,35,1214,1637,1197,1796,1156,498
65,823,958,35,444,1197,861,456,1637,1933,31,1214,1995,1993,1541,1796,357,8,74,1156,498
66,621,1219,1898,1275,521,905,1793,679,422,2043,1851,172,759,1844,2065,1800,1592,729,1035,528
67,1197,1581,357,1796,444,92,35,823,861,498,456,1993,74,8,1541,327,1783,289,1995,1933
68,1581,958,1933,410,823,1783,861,1214,444,1995,1621,1541,591,1796,1588,1156,8,561,327,1640
69,1010,1283,1355,1054,1058,1512,1705,1751,1764,582,1775,1143,1281,1749,711,1539,301,1381,448,1118
70,444,1995,861,1933,1214,1541,823,1156,1581,958,581,591,1712,1781,870,1447,1056,227,1350,99
71,2034,7,1783,327,799,513,171,1581,410,1588,1933,823,1712,2002,581,444,2054,1156,958,1214
72,1993,1197,35,1796,456,8,1637,498,74,92,31,357,823,444,1933,1995,958,1214,861,1541
73,958,1995,444,823,1541,1214,1197,1581,861,1796,8,1993,1156,1637,1933,35,498,2037,2054,456
74,958,44,591,823,1933,1621,1640,444,2037,561,1581,1322,6,861,35,1214,1440,1699,1541,1995
75,1197,35,1993,958,444,823,1933,31,8,861,456,357,1541,74,92,1995,1637,740,1214,498
76,591,1447,2037,823,44,958,861,444,1581,1933,1214,1322,1541,1995,35,561,289,1621,1993,1056
77,444,1541,1440,823,1214,1621,410,561,1350,1933,1322,1640,1699,861,1156,1447,227,6,1995,2054
78,444,1783,327,513,958,1933,861,410,561,1214,1583,7,2034,794,823,1995,1581,1588,1440,156
79,6,1581,1621,1322,227,581,1640,561,2034,1440,1699,799,513,327,958,1712,174,1447,31,1796
80,861,444,823,1933,1995,1214,1541,35,1197,1156,1993,456,92,357,8,1796,958,1637,591,74
81,1440,561,7,2034,1783,6,327,1621,410,1699,1322,171,1588,513,799,1640,1281,1539,1751,1010
82,327,7,2034,171,513,1783,799,1588,410,364,6,1640,1621,1699,1440,561,1581,255,174,591
83,861,1214,444,1541,1581,1933,1156,410,823,1995,1783,2034,799,1712,1588,327,958,513,7,1056
84,2068,871,791,944,1750,1480,1718,991,375,1018,903,227,1064,806,521,759,422,1684,679,1275
85,1640,289,561,1621,44,6,2037,1322,1440,1581,1699,1056,958,99,870,581,591,298,804,1781
86,1725,1856,1697,727,1665,763,1863,1133,291,1186,1447,1927,168,138,1703,529,1814,646,749,299
87,871,2068,1480,944,791,991,1750,942,1800,1275,1276,1447,591,521,759,378,1851,990,1793,227
88,6,561,1440,1322,1621,1640,1699,794,156,1511,591,1447,571,262,195,193,1384,934,405,798
89,444,823,861,1933,1995,670,912,1214,224,35,65,546,200,1529,948,523,1520,1197,1672,357
90,1779,740,1951,1387,117,1009,1796,1197,31,456,92,8,1718,357,74,375,1993,35,1194,1692
91,823,861,1581,444,1933,1995,1541,1214,958,410,2037,44,1156,289,1588,591,581,99,1056,1447
92,1054,1010,1355,1283,1705,1764,1058,1512,1751,582,1775,711,1281,1749,1539,1118,1381,1806,301,1143
93,35,823,444,1637,456,1197,1993,861,8,958,1214,1933,357,1796,31,1995,74,498,1541,44
94,1933,861,1214,444,823,1995,1541,1156,1993,1197,74,31,8,498,92,357,456,958,35,1637
95,513,327,1783,7,799,2034,171,410,1705,1764,1751,1283,1058,1355,648,582,1010,1054,1512,1588
96,156,934,262,794,798,195,1511,571,23,205,958,1384,1969,44,193,2037,871,2068,791,1197
97,513,327,1783,799,958,2034,1995,444,823,1541,1214,1197,1581,861,171,1796,8,7,1993,1156
98,35,823,1637,456,1197,1993,861,8,958,444,1214,1933,357,1796,31,1995,74,498,1541,44
99,327,513,2034,7,1783,799,171,410,1588,1581,1712,1640,1719,561,1111,6,227,1699,1789,1405
100,7,327,1281,171,513,881,799,128,1775,1749,93,1118,1381,2034,1873,711,1289,1539,763,1923
101,1783,327,2034,513,7,799,171,43,1581,410,712,861,444,1588,1214,1933,1541,1156,823,1973
102,823,444,861,958,1933,1214,1541,1995,1156,44,1581,35,2037,1993,74,456,289,591,1197,1637
103,444,823,861,1933,1995,1214,35,1197,357,1156,74,1993,456,1541,31,1796,1637,8,498,958
104,871,2068,1750,791,942,944,990,991,236,888,227,378,1276,1480,1522,1770,591,1652,1488,410
105,410,444,1933,1214,823,861,1995,1588,1156,1993,1581,1973,1541,456,2034,35,1197,74,327,357
106,958,823,1933,861,1995,444,456,1993,31,35,1214,1637,1197,1796,1156,498,8,1581,74,1541
107,43,712,1387,1951,117,1779,1009,2034,1867,1381,171,1397,740,711,1665,2037,7,904,648,377
108,740,1779,1387,117,1951,1009,1197,35,958,1796,8,1214,92,498,1993,1637,31,1725,456,44
109,1779,740,444,1951,1387,117,1995,1009,861,1933,1214,1541,823,1156,1718,1194,1581,958,871,791
110,422,791,759,905,1275,521,1219,1793,621,944,1718,679,1480,1851,871,2065,528,1898,1035,2068
111,1581,958,1933,410,823,1783,861,1214,444,1995,1621,1541,591,1796,1588,1156,8,561,327,1640
112,1783,327,2034,799,7,591,513,1447,174,1869,171,298,410,1588,861,581,1581,1932,870,444
113,444,823,1541,1933,1995,861,1214,35,1197,31,1156,357,1993,456,74,1637,1796,92,591,1447
114,1186,1581,168,440,613,255,1447,591,7,171,327,609,1697,799,513,483,1783,1863,1665,2034
115,1993,1197,35,1796,456,8,1637,498,74,92,31,357,444,740,823,1214,1541,1933,1995,861
116,1281,711,1381,1118,1143,1749,1539,1775,1951,1995,1692,1541,1156,823,861,483,1214,440,609,444
117,958,456,1796,410,1993,1197,357,35,498,1214,8,1933,92,1637,31,1588,1995,444,823,1541
118,1718,375,1018,1064,1684,806,1933,861,823,1995,1214,1541,1156,444,1133,871,677,958,944,1750
119,444,1933,1541,1995,861,1214,823,1156,1993,1197,1796,8,357,92,35,456,31,498,74,1637
120,823,2037,1933,444,861,44,958,1214,1995,1156,1541,289,410,1056,1588,7,1783,2034,327,591
121,727,221,14,1833,93,1396,749,852,1649,1703,1764,1961,1054,1283,1664,168,763,738,1058,1355
122,1993,1197,35,1796,861,456,8,444,823,1933,1995,1637,498,1214,74,92,31,357,1541,1156
123,1993,1197,35,1796,456,8,1637,498,74,92,31,357,740,1214,444,1933,1995,823,1779,958
124,740,1779,456,444,1197,1387,498,31,1993,1951,35,1009,117,823,357,8,1796,1541,1933,1637
125,327,1581,1783,7,799,513,171,2034,1933,1541,444,1869,1156,861,1214,823,410,1995,174,1588
126,513,327,1783,7,799,2034,171,410,1951,1281,1995,711,1692,1749,1541,1156,823,861,1214,648
127,444,823,1779,740,1541,1933,1995,1951,861,1214,1387,117,35,1009,1197,31,1156,357,1993,456
128,1993,1197,35,1796,456,8,1637,498,74,92,31,357,740,1214,444,1933,1995,823,1779,958
129,861,444,823,1933,1995,1214,1541,958,35,1197,1156,1993,456,92,357,8,1796,1637,31,591
130,871,2068,1750,791,1480,942,944,990,991,236,1621,888,591,227,6,378,1276,1440,1522,1770
131,35,823,1637,456,1197,1993,861,8,958,444,1214,1933,357,1796,31,1995,74,498,1541,44
132,14,93,727,221,749,1783,852,1649,513,1539,1010,1283,1764,7,799,1355,168,1396,327,1512
133,410,2034,171,1721,327,1588,799,1783,513,7,128,591,1640,1973,749,1133,1447,1010,1396,1712
134,1993,1197,35,1796,456,8,1637,498,74,92,31,357,740,1779,1214,444,1933,1995,823,1951
135,1796,456,357,1197,44,35,958,1993,31,1637,8,498,2037,289,74,92,561,823,1640,1322
136,1281,711,1381,1118,1143,1749,1539,1775,1010,582,1355,1764,1283,1751,1058,1512,1054,483,440,609
137,1281,711,1381,1118,1143,1749,1539,1775,1721,1725,1856,712,1283,43,738,1183,483,440,609,1751
138,823,1933,444,861,1214,1995,1156,1541,958,8,1197,74,35,1993,357,1637,92,31,456,1796
139,1898,1219,172,1275,521,1851,1800,759,679,2065,905,422,528,1793,1035,2043,1592,729,1844,594
140,823,958,35,444,1197,861,456,1637,1933,31,1214,1995,1993,1541,1796,357,8,74,1156,498
141,1197,74,35,1796,92,31,456,1581,1993,1637,357,498,2034,1783,8,1697,171,513,410,1042
142,727,93,14,221,1833,1396,749,852,1649,1764,1961,1054,1703,1856,763,1355,1010,1725,582,1058
143,410,1588,327,2034,513,1581,1783,799,7,171,1933,444,823,861,958,1995,1712,1156,1214,2054
144,740,6,561,1951,1621,117,1387,1640,1440,1779,861,1712,1009,1322,958,823,1699,444,1995,1214
145,168,1856,1381,727,1281,414,763,1283,1961,489,1775,670,1703,1806,1705,299,166,364,1219,1539
146,1355,1010,1283,1054,1751,1512,1764,582,1058,1705,1281,1143,711,1775,1381,448,1749,1539,1149,1118
147,410,1581,513,861,327,1588,1783,1933,7,1541,799,1995,444,1214,823,2034,1056,171,1156,958
148,1951,648,740,1779,221,1387,1725,1764,1009,1283,376,1806,117,1396,1355,1856,14,1833,1206,727
149,410,1214,1588,861,174,1933,1869,823,444,1581,1712,958,2034,1995,1156,1541,581,591,1783,1621
150,168,1355,1283,727,1856,65,1592,763,1961,881,1923,1705,1066,1649,1308,1559,1381,364,200,1219
151,410,1588,174,1869,2034,327,1581,513,7,1783,171,799,1712,581,1439,1973,1699,958,561,1322
152,1783,2034,6,513,1621,327,561,799,7,1440,1640,171,1699,1322,591,1581,1712,227,174,581
153,1355,1010,1283,1054,1751,1512,1764,582,1705,1058,1281,711,1143,448,1775,727,1381,1749,1118,414
154,1214,791,1995,2068,444,871,1541,823,861,1750,1480,1156,1933,944,991,174,1652,378,1869,1488
155,621,1219,1898,1275,521,905,1793,679,422,2043,1851,172,759,1844,2065,1800,1592,729,1035,528
156,871,1750,791,1718,944,1194,1480,2068,1973,1214,861,1064,1404,991,1541,1018,990,1995,1522,444
157,1718,375,1018,1064,1684,806,1133,871,456,677,1197,944,1750,1796,791,2068,35,31,1480,521
158,823,444,861,958,1933,1214,1541,1995,1156,44,1581,2037,289,591,1637,1322,35,1197,1056,1621
159,1869,174,1583,156,405,787,195,1511,794,23,1384,1022,193,205,591,934,561,262,798,571
160,1581,1783,7,327,2034,799,174,916,1621,171,1586,513,591,298,1869,1915,1023,410,6,1046
161,791,871,2068,521,759,944,1750,1275,621,1480,991,1219,905,729,594,1851,1793,679,1214,2043
162,327,7,2034,513,799,171,1783,1186,609,440,1440,613,255,1588,410,1581,930,1192,483,1665
163,861,444,823,1933,1995,1214,1541,35,1197,1156,1993,456,92,357,8,1796,958,1637,591,74
164,1511,934,794,156,798,571,23,262,195,1384,193,205,698,561,1969,871,2068,916,1046,791
165,327,1783,2034,513,171,1933,1581,1541,444,7,799,823,1156,1588,1214,1995,861,44,410,2054
166,327,958,2034,7,1581,1783,1541,799,1156,513,823,174,861,44,1056,1588,1937,1933,171,561
167,958,823,1214,444,35,1995,861,1197,1796,2037,1261,1993,289,44,1056,1581,456,8,1637,1541
168,168,1856,1793,1219,1275,172,1183,1851,489,1396,759,1592,1725,145,727,670,881,1652,1381,422
169,440,1186,1192,483,2037,609,613,255,958,44,2054,684,965,977,1937,1948,1281,230,1853,1697
170,861,444,823,1933,1995,1214,1541,35,1197,1156,1993,456,92,357,8,1796,958,1637,1581,591
171,740,1779,1387,444,117,1951,1009,823,861,1933,1995,1214,35,1197,357,1156,74,1993,456,1541
172,2034,410,1588,327,1783,1933,513,1581,444,791,171,7,2068,871,861,823,1156,581,1750,944
173,958,1995,444,823,1541,1214,1197,1581,861,1796,8,1973,1404,2037,1993,1156,44,1637,1933,35
174,327,2034,1783,7,444,799,513,1933,171,1214,1995,1541,1156,823,958,2054,1796,1097,1719,861
175,410,1214,1588,861,174,1933,1869,823,444,1581,1712,958,2034,1995,1156,1541,591,1783,581,1621
176,861,444,823,1933,1995,1214,1541,35,1197,1156,1993,456,92,357,8,1796,958,1637,591,74
177,444,1933,1581,823,861,1197,1214,1156,1541,35,1993,1995,31,8,456,357,74,92,1637,740
178,513,327,1783,799,2034,1581,171,7,410,444,861,1933,1712,1214,1541,2054,823,1588,1156,1350
179,2034,327,1783,513,7,799,171,410,1588,1581,1447,1973,648,1640,1712,227,561,1699,1332,581
180,2034,1783,799,327,7,513,1712,171,561,195,794,1969,410,1621,6,23,581,1322,1384,798
181,327,2034,1783,7,513,171,799,1588,410,1581,1705,1764,1751,1283,1058,1355,582,1010,1054,1512
182,727,221,14,1833,93,1396,749,852,1355,1764,1283,1649,1703,1054,1010,1058,582,1664,1856,1961
183,168,1355,1705,1649,1961,1856,1066,1308,1559,1381,364,763,262,1284,1281,1586,1046,881,475,489
184,1010,1283,1355,1054,1058,1512,1705,1751,1764,582,1775,711,1281,1749,1143,1539,1118,1381,1806,448
185,1581,823,958,44,861,1933,444,2037,1214,1541,1995,1156,1197,410,1588,289,327,1056,1796,1637
186,1010,1054,1764,1355,1283,1705,1751,1058,582,1512,727,1806,93,749,448,852,1149,414,1143,1281
187,1783,2034,6,513,1621,327,561,799,7,1440,1640,171,1699,1322,823,2037,1933,444,861,44
188,410,1214,1588,861,174,1933,1869,823,444,1581,1712,958,2068,2034,1750,1995,791,1480,1156,944
189,1355,1054,1283,1512,1010,1764,1751,1705,1058,582,1775,711,1281,1749,1539,1118,1381,1806,1143,1149
190,1783,2034,6,513,1621,327,561,799,1440,7,1640,171,1699,1322,591,174,1581,581,1712,958
191,378,888,1488,942,1276,1770,990,846,236,2012,1652,1522,1933,791,1018,823,444,1684,1214,410
192,1933,1869,861,444,823,1214,410,1156,174,1995,1581,1588,1541,1783,591,2034,1447,581,7,327
193,444,823,1541,1933,1995,861,1214,35,1197,31,1156,357,1993,456,74,1637,1796,92,591,1447
194,410,1581,823,1541,1588,1712,2037,174,444,1933,2034,1869,1156,958,861,1447,1214,44,1783,581
195,168,1856,93,670,221,1703,166,763,881,1961,1183,43,727,1649,1308,1281,1492,1923,546,712
196,444,823,861,1933,1995,1214,35,1197,357,1156,74,1993,456,1541,31,1796,1637,8,498,958
197,1010,1355,1283,1705,1054,1764,1058,1512,1751,582,727,1749,1281,1539,1806,93,749,301,448,1381
198,1214,444,1933,861,823,1541,1156,1995,1581,2068,1480,871,1750,944,378,846,791,227,410,1652
199,740,1779,456,1197,1387,498,31,1993,1951,35,1009,117,357,8,1796,1637,92,74,444,1995
200,958,1581,823,1933,861,444,1214,591,44,1995,1541,1156,561,1447,1640,1621,2037,1322,35,1637
201,958,44,156,2037,591,934,1447,174,798,1581,1969,262,205,794,195,1640,1869,1511,23,561
202,168,1381,1281,1856,1143,711,1539,881,43,852,364,1775,1649,1961,670,1118,166,763,299,489
203,327,1783,513,7,2034,410,799,444,1588,861,1581,171,958,823,1156,1214,1541,2013,2054,1933
204,2034,1783,794,799,327,571,156,195,7,1511,934,513,262,1712,23,1384,193,171,798,1969
205,7,171,327,799,1783,513,2034,1440,1588,410,1581,1665,168,6,581,1056,1100,790,2054,1937
206,1783,327,2034,513,7,799,171,1581,410,861,1933,444,823,1214,1588,1995,1541,1156,1712,1973
207,1440,1322,1621,6,1699,174,561,410,1206,1640,227,1933,2068,2034,861,1214,958,1156,823,1869
208,456,357,35,1993,1796,958,1197,561,1637,92,1933,74,861,8,498,1621,1995,444,31,1440
209,410,1588,2034,958,1783,327,1712,513,791,1581,799,7,227,171,581,1097,1933,1214,871,1480
210,327,1783,2034,799,7,171,513,410,561,1640,1322,1440,6,1699,1588,1621,1581,1712,1973,2054
211,7,327,1281,171,513,799,2034,1783,1381,711,1539,691,168,582,1118,1705,1749,719,648,1143
212,327,7,2034,171,513,1783,799,1588,410,364,1699,6,561,1186,255,1640,1440,444,440,1581
213,727,221,1833,14,93,1396,749,852,1649,1856,1961,1725,763,1764,1054,299,1143,1010,1664,1751
214,958,823,1973,1404,2037,861,1541,444,44,1214,1581,1439,1995,1350,410,1588,1937,2054,1056,1156
215,513,327,1783,799,2034,1581,171,7,410,444,861,1933,1712,1214,1541,2054,823,1588,1156,1350
216,727,14,221,1833,93,1396,749,852,1649,763,1961,1764,1054,1703,712,1355,1010,1058,582,1283
217,327,1783,513,7,2034,799,171,410,1581,298,1032,1559,1588,475,1066,995,1023,1284,465,916
218,871,2068,1480,944,791,991,1750,227,1718,375,942,1800,1275,1018,1276,1447,903,521,591,759
219,6,561,1621,1640,1440,861,1712,1322,958,823,1699,444,1995,1214,1933,156,1156,591,1783,410
220,35,823,1637,456,1197,1993,861,8,958,444,1214,1933,357,1796,31,1995,74,498,1541,44
221,561,1621,1640,1440,1699,1322,6,410,174,1581,156,1869,794,1588,591,1511,798,958,193,2034
222,1197,1581,357,1796,444,92,35,823,1783,861,327,498,456,1993,74,8,1541,289,2034,513
223,410,1588,958,1447,823,861,1783,1214,444,2034,1973,2054,1056,1581,1995,1933,1541,799,168,7
224,1010,1355,1283,1705,1764,1058,1054,1512,1751,582,1143,1775,1381,711,1281,1539,1149,1749,1118,301
225,1995,1933,861,444,1541,1214,823,1156,1583,156,405,787,195,1511,174,794,23,1384,1022,193
226,1581,561,958,823,1621,861,444,44,1322,1440,1640,591,6,1933,1699,1214,1995,1637,2037,289
227,871,791,2068,944,1750,1480,991,521,759,1581,1275,621,1219,905,729,444,594,1214,1851,1793
228,791,871,2068,521,759,944,1750,1275,621,1480,991,1219,905,729,594,1851,1793,679,1214,2043
229,327,2034,1581,561,1640,171,1541,410,861,823,1783,1214,513,1621,1440,7,1933,444,1156,1699
230,958,823,1933,861,1995,444,456,1993,31,35,1214,1637,1197,1796,1156,498,8,1581,74,1541
231,1995,1933,444,823,1214,861,1541,1156,1993,958,1197,92,74,31,35,8,357,1637,591,456
232,513,327,1783,7,799,2034,171,410,648,440,1588,1332,591,1192,168,483,1640,255,613,1201
233,444,1933,1541,1995,861,1214,823,1156,1993,1197,1796,8,357,92,35,456,31,498,74,1637
234,444,823,1541,1933,1995,861,1214,35,1197,31,1156,357,1993,456,74,1637,1796,92,591,1447
235,1783,7,327,799,2034,513,171,410,1588,1581,561,861,444,174,1541,1640,1056,823,1933,1439
236,1581,1718,1064,1018,861,1541,375,1995,1156,823,1933,444,1684,1214,963,1624,691,1692,806,719
237,861,444,823,1933,1995,1214,1541,35,1197,1156,1993,456,92,357,8,1796,958,1637,591,74
238,861,444,823,1933,1995,1214,1541,35,1197,1156,1993,456,92,357,8,1796,958,1637,591,74
239,1869,1583,156,405,174,787,195,1511,794,23,1384,1022,193,205,591,1588,934,410,561,262
240,327,2034,1783,171,7,799,513,1640,1588,6,410,1621,591,561,174,1581,1440,1699,1869,1322
241,174,1869,591,1933,823,1214,410,1447,861,1995,1350,1541,444,1581,791,581,1712,1588,2054,227
242,1718,375,1018,1933,861,1064,823,1684,1995,903,1214,806,1541,2068,1156,444,871,944,963,791
243,156,794,262,1621,798,23,1511,6,1440,561,934,1699,193,1640,571,1384,1322,195,205,1969
244,410,1588,1933,861,444,1995,327,1869,1214,1156,513,174,1783,799,2034,1541,1581,591,1718,1447
245,861,444,823,1933,1995,1214,1541,35,1197,1156,1993,456,92,357,8,1796,958,1637,591,74
246,958,1995,444,823,1541,1214,1197,1581,861,1796,1933,8,1993,1156,1637,35,498,2037,2054,410
247,440,1186,1192,483,2037,609,613,255,958,44,1783,327,1856,7,799,171,1588,513,1725,2054
248,1010,1355,1283,1054,1705,1764,1058,1512,1751,582,1749,1281,1539,301,1381,1775,711,1143,1118,1149
249,1197,35,1993,444,823,1933,31,8,861,456,357,1541,74,92,1995,1637,740,1214,498,1796
250,1783,7,327,799,2034,513,1933,1581,410,171,861,1541,1214,823,444,1156,1588,1995,958,561
251,1869,995,174,916,1046,1783,591,1915,327,698,2034,298,1932,1023,1032,804,7,2059,1144,1559
252,405,787,1022,1583,1581,1869,513,23,193,171,327,205,195,581,1783,1511,798,561,1056,1712
253,410,1588,444,823,1933,861,1581,958,1541,327,1783,1995,1156,2034,513,1214,171,7,799,2054
254,1581,444,2068,1480,871,1750,861,944,791,1541,1214,823,410,1933,1995,991,1156,1869,174,1447
255,823,958,35,444,1197,861,456,1637,1933,31,1214,1995,1993,1541,1796,357,8,74,1156,498
256,727,14,221,1833,93,1396,749,852,1649,1856,1961,1725,763,1764,1054,299,1143,1664,1751,1283
257,444,823,861,1933,1995,1214,35,1796,456,1197,357,44,1156,74,958,1993,31,1637,1541,8
258,1583,156,1581,405,787,195,1511,794,23,1384,1022,193,205,591,934,561,262,798,571,1447
259,958,1995,444,823,1541,1214,2034,1197,410,1581,1588,861,327,1796,8,1783,1933,513,1993,1156
260,364,255,128,582,1958,1764,403,1406,1969,109,1397,738,483,609,43,1954,1667,168,613,1696
261,2034,327,1783,7,513,799,171,410,1588,1581,958,609,561,6,1640,1186,1712,1322,1056,697
262,1718,375,1018,1064,1684,903,806,2068,871,944,963,791,1480,691,227,434,1750,1624,422,759
263,740,1779,1387,117,1951,1009,1197,35,958,1796,8,1214,92,498,1993,1637,31,456,44,444
264,1480,944,791,2068,871,991,1750,990,679,1275,422,1652,378,942,621,759,1851,888,1276,172
265,727,221,14,1833,93,749,1396,1856,852,1649,299,1961,95,763,1764,1010,1725,128,168,1923
266,1197,1581,357,1796,444,92,35,823,861,498,456,1993,74,8,1541,327,1783,289,1995,1933
267,861,444,1933,1156,327,823,1995,1214,1783,1541,1712,958,513,1581,7,2034,1869,174,799,591
268,1214,444,1933,861,823,1541,1156,1995,1581,871,378,846,227,410,791,1652,942,1796,1276,8
269,1783,327,1869,2034,410,513,7,799,171,174,1588,1581,861,444,1214,1933,1541,1156,823,697
270,1718,375,1018,1064,1684,903,806,2068,871,944,958,963,791,1995,444,823,1480,1541,1214,691
271,1725,1697,1856,727,1665,1863,1133,291,1806,1186,1447,1927,1814,613,1551,1503,1261,677,1876,1516
272,958,1197,1995,444,823,1541,1214,1581,35,1993,861,1933,31,8,1796,456,357,74,92,1637
273,1355,1054,1010,1512,1283,1764,1705,1751,582,1058,727,1806,93,749,448,852,1149,414,740,1281
274,1010,1283,1355,1054,1058,1512,1705,1751,1764,582,1281,711,1143,1775,448,1381,1749,1118,414,1539
275,1541,444,823,861,1995,1933,1214,1156,958,1581,1993,456,1796,1197,8,35,92,357,74,1637
276,1581,1718,1064,1214,823,444,1995,1018,1993,1156,1933,1541,861,1197,375,74,31,8,498,92
277,727,14,1833,221,93,1396,749,852,1355,1764,1010,1283,1649,1054,1058,582,1664,1856,1961,1512
278,727,221,14,93,1833,1396,749,852,1649,1961,1764,1054,1703,763,1355,1010,582,1058,299,109
279,958,823,1933,861,1995,444,456,1993,31,35,1214,1637,1197,1796,1156,498,8,1581,74,1541
280,35,823,1637,456,1197,1993,861,8,958,444,1214,1933,357,1796,31,1995,74,498,1541,44
281,6,1581,1621,1322,227,581,1640,561,2034,1440,1699,799,513,327,1712,174,1447,7,591,1350
282,35,456,1796,31,92,1197,74,1993,1397,1637,8,357,1867,498,684,1948,1056,483,958,1665
283,444,1995,861,1933,1214,1541,823,1156,1783,1581,958,1447,2034,591,156,410,581,1712,1781,327
284,327,171,513,7,1783,2034,799,1186,609,440,613,255,930,1192,483,1973,1588,1439,648,1056
285,727,14,1833,221,93,1396,749,852,1355,1764,1283,1649,1054,1010,1058,582,1664,1856,1961,1512
286,958,444,823,1933,861,1995,1541,456,1993,31,35,1214,1637,1197,1796,1156,498,8,1581,74
287,561,1621,1640,1440,1699,1322,6,410,174,1581,156,1869,794,1588,591,1511,798,958,193,2034
288,958,823,1933,861,1995,444,456,1993,31,35,1214,1637,1197,1796,1156,498,8,1581,74,1541
289,327,2034,1783,171,7,799,513,1640,1588,6,410,1621,591,561,174,1581,1440,1699,1869,1322
290,444,823,861,1933,1995,1214,35,1197,357,1156,74,1993,456,1541,31,1796,1637,8,498,958
291,1581,861,405,561,444,1621,1933,1541,327,823,1783,1583,1156,591,1022,1440,1214,171,1322,787
292,1718,1927,35,1018,1814,74,1993,1684,375,456,1697,498,31,21,1796,806,1197,958,1064,1261
293,444,823,861,1933,1995,1214,35,1197,357,1156,74,1993,456,1541,31,1796,1637,8,958,498
294,1796,456,357,1197,44,35,958,1993,31,1637,8,498,2037,289,74,1214,92,823,444,1995
295,958,823,1973,1404,2037,861,1541,444,44,1214,1581,1439,1995,791,1350,410,1588,2068,871,1937
296,861,444,823,1933,1995,1214,1541,35,1197,1156,1993,456,92,357,8,1796,958,1637,591,74
297,1197,35,1993,444,823,1933,31,8,861,456,357,1541,74,92,1995,1637,740,1214,498,1796
298,1197,1927,35,1796,1814,357,1993,456,74,1697,498,31,21,8,958,1261,92,1995,1061,1637
299,1796,1197,31,456,92,8,963,357,74,375,1018,1718,1993,691,35,719,1692,434,1624,1684
300,35,823,1637,456,1197,1993,861,8,958,444,1214,1933,357,1796,31,1995,74,498,1541,44
301,871,1480,944,1750,991,791,1214,861,591,2068,444,1541,1995,823,1447,1933,1156,1032,2059,1567
302,1588,410,1783,327,513,2034,958,1056,364,171,1640,799,7,1699,1973,561,1581,444,1322,861
303,168,513,799,171,2034,327,1783,7,1856,1793,691,582,93,1705,727,1649,719,648,1219,1108
304,236,1770,1276,888,378,2012,990,1488,1652,942,1522,846,791,944,1750,871,2068,991,1480,759
305,1779,740,958,444,1581,1951,1387,117,1009,1993,456,1796,823,35,357,1197,861,1637,8,1541
306,958,823,1933,861,1995,444,456,1993,31,35,1214,1637,1197,1796,1156,498,8,1581,74,1541
307,289,44,357,958,1197,31,2037,1993,1796,74,8,35,456,498,1581,92,1637,823,1056,1933
308,378,888,1488,942,1276,1770,990,846,236,2012,1652,1522,513,327,1783,799,2034,1933,791,1581
309,1214,1933,444,861,823,1156,1541,1995,871,791,375,2068,1750,1718,1581,1018,1064,944,227,1973
310,299,109,128,1856,95,1396,1650,1833,221,749,1703,43,93,1664,730,903,1725,1923,337,1143
311,6,561,1621,1640,1440,861,1712,1322,958,823,1699,444,1995,1214,1933,410,156,1156,591,1783
312,1281,711,1381,1118,1143,1749,1539,1775,1705,1764,1751,1283,1058,483,1355,440,609,582,1186,1192
313,791,871,2068,1750,944,1480,444,227,1214,991,1973,1581,1541,861,823,1869,1447,1995,1350,591
314,410,1588,444,823,1933,861,1581,958,1541,1995,1156,1214,513,2034,7,327,2054,2037,799,581
315,1933,1214,410,861,823,444,1541,1995,1156,1018,1350,958,581,1937,378,888,2054,227,1718,942
316,444,823,861,1933,1995,1214,35,1197,357,1156,74,1993,456,1541,31,1796,1637,8,498,958
317,861,1933,444,1214,1541,1995,1581,958,823,1156,561,1350,44,791,410,1621,591,1640,1937,1322
318,1581,591,958,871,1447,410,791,1350,1588,2068,444,823,1214,2054,422,1973,759,905,1275,1750
319,1581,410,591,444,823,861,1588,1447,1995,1214,1973,1933,1541,2034,327,1404,1097,1156,958,1439
320,1692,1624,531,691,963,719,434,591,1447,1541,1350,444,823,861,1214,1156,2054,1440,1933,1018
321,410,444,823,861,1588,1995,2034,1581,327,1214,7,1783,1973,513,1933,1541,799,171,1404,1097
322,1355,1512,1283,1764,1751,1010,1054,1058,1705,410,2034,171,327,1588,799,1783,513,582,7,591
323,301,1721,1183,403,712,1958,787,1577,1289,1111,474,376,1512,6,1283,43,93,1740,1010,1672
324,1933,861,823,1995,1214,1541,1993,456,1796,31,1156,444,357,35,1197,8,498,74,92,1637
325,444,823,1541,1933,1995,861,1214,958,35,1197,31,1156,357,1993,456,1581,74,1637,1796,8
326,1783,2034,6,513,1621,327,561,799,7,1440,1640,171,1699,1322,591,1581,1712,227,174,581
327,2034,327,1783,7,513,799,171,410,1588,791,1581,871,1750,1480,1541,944,1933,2068,1214,1350
328,1750,871,791,1480,2068,591,298,1581,1032,1559,410,475,1066,944,995,991,1023,1284,465,916
329,794,571,156,195,1511,934,262,23,995,1384,410,193,798,698,475,1932,298,1915,1969,916
330,1355,1010,1283,1054,1751,1512,1764,582,1058,1705,1281,711,1143,448,1775,1381,1749,1118,414,1539
331,6,561,1440,1322,1621,1640,1699,591,1447,174,1350,1869,2054,1712,1937,581,227,99,1581,156
332,1581,1933,327,1541,444,1869,1156,513,861,2034,1214,171,1783,7,1447,823,799,591,1995,1588
333,1783,327,7,2034,513,799,763,1961,727,1649,1396,171,128,1833,364,14,93,648,712,221
334,861,444,823,1933,1214,1541,1995,1156,35,1197,1993,456,92,357,8,1796,958,1637,591,74
335,513,327,1783,799,31,456,2034,35,74,1796,357,1993,498,1197,8,1581,1637,92,171,7
336,871,2068,1750,942,1197,944,990,991,791,236,888,227,378,1276,35,1993,444,1480,823,1933
337,444,861,1933,1541,1995,1214,823,1156,1927,35,1814,74,1993,456,1697,498,31,21,1796,1197
338,1581,823,958,44,861,1933,444,2037,1214,1541,1995,1156,410,1588,289,327,1056,1637,2034,1783
339,1581,958,823,1933,444,861,591,44,1214,1995,1541,2037,456,1993,327,289,31,35,1156,1637
340,861,444,823,1933,1995,1214,1541,35,1197,1156,1993,456,92,357,8,1796,958,1637,591,74
341,1214,444,1933,861,823,958,1541,1156,1995,1197,1581,1796,8,1993,1637,35,498,2037,2054,456
342,410,1588,327,2034,513,1581,1783,799,171,7,444,823,440,1186,861,1973,1214,1869,1056,483
343,1718,375,1018,1064,1684,806,861,1214,444,823,1995,1541,1933,1156,1133,410,871,1973,677,944
344,1581,1718,1064,1018,861,1541,375,1995,1156,823,1933,444,1927,35,1814,74,1684,1993,456,1214
345,2034,327,1783,7,513,799,171,410,1588,561,6,1640,1712,174,1869,1186,255,581,1699,1621
346,621,1219,1898,1275,521,905,1793,679,422,2043,1851,172,759,1844,2065,1800,1592,729,1035,528
347,958,823,444,861,1933,44,1995,1214,1621,1581,561,1322,591,1541,1156,1640,2037,289,1637,6
348,327,2034,1783,7,513,171,799,1588,410,1581,1699,1640,1322,609,561,581,1056,1869,2054,1973
349,1851,1219,679,905,422,521,1800,1275,759,1793,1035,1592,172,1898,621,839,2065,2043,594,729
350,958,1993,1511,1915,1933,1214,1032,934,1567,823,193,31,113,1156,1932,794,1995,456,909,35
351,958,44,156,2037,934,798,1581,1969,262,205,794,195,1640,1511,23,561,1197,1056,1447,591
352,1783,799,7,171,327,513,2034,1640,561,1621,1588,1440,99,1322,581,6,410,870,1699,1447
353,871,2068,1750,942,944,990,991,791,236,888,227,378,1276,1480,422,1522,1770,759,905,1275
354,444,958,1995,861,1933,1214,823,1541,1197,1581,1156,1796,8,1993,1637,35,498,2037,2054,456
355,740,1779,456,1197,1387,498,31,1993,1951,35,1009,117,357,8,1796,1637,92,74,444,861
356,168,1649,93,1856,763,1381,489,1721,1961,541,1183,602,166,1281,2002,221,670,65,731,1703
357,44,2037,289,958,823,861,444,1933,1214,1581,1156,1541,1995,35,1637,1993,74,1197,498,357
358,168,1856,1592,1275,1649,729,1219,1281,172,881,1851,43,1255,18,1381,1283,711,1770,166,2012
359,791,871,2068,944,1750,1480,991,227,759,1275,621,679,1108,521,1255,528,1800,2043,1851,172
360,1621,561,6,1322,591,1640,1447,1440,1699,1032,1480,1284,298,475,698,916,2068,995,1018,375
361,378,888,1488,942,1276,1770,990,846,236,2012,1652,1522,1933,791,1018,823,444,1684,1214,410
362,1581,1718,1624,1064,1692,1018,963,861,719,1541,375,434,1995,1156,823,1933,444,691,531,1684
363,410,1588,2034,1783,327,958,171,513,1869,1933,1581,1214,174,799,444,7,1712,581,823,1973
364,1933,861,823,1995,1214,1541,1156,1718,444,375,1018,1064,958,791,1684,35,1581,806,1621,871
365,712,43,1721,881,376,128,1397,1559,1856,109,1583,1183,1969,1923,1381,205,1577,14,299,1961
366,1869,174,861,1046,916,995,1214,823,7,2034,1933,1783,1932,698,444,298,405,804,1559,1581
367,791,871,2068,944,1750,1480,991,227,759,1275,621,679,1108,521,1255,528,1800,2043,1851,172
368,561,1621,1322,1440,1640,6,1699,958,861,410,444,823,1214,1588,1933,2034,1783,581,1541,1712
369,1721,301,1183,1010,1283,1355,1512,1058,1764,582,376,1054,93,1705,1111,1751,474,1577,1740,403
370,1783,327,2034,513,7,799,581,171,1541,1581,1869,410,174,861,444,99,1718,1933,870,1588
371,378,888,1488,942,1276,1770,990,846,236,2012,1652,1522,871,2068,1750,944,991,791,227,1933
372,871,791,2068,1750,1480,944,991,227,591,1447,958,1973,1995,444,823,1541,1214,1197,1581,861
373,1010,1054,1764,1355,1283,1705,1751,582,1058,1512,1143,1281,711,1749,1381,1118,727,1775,1539,1806
374,2034,1783,799,327,7,513,1712,171,561,195,1699,1440,794,1969,410,1621,1581,6,23,581
375,1869,174,1583,1022,787,405,794,1511,195,2034,799,7,327,581,513,1783,1581,156,410,23
376,301,1721,1010,1183,1283,93,1355,712,1512,1058,1764,582,1725,1054,43,1705,1751,474,1856,128
377,1581,1718,1064,1018,861,1541,375,410,1995,1156,823,1933,444,1214,1684,1624,691,1692,806,963
378,410,1588,2034,794,444,205,1577,1111,2054,1995,861,327,376,513,581,1350,1581,799,958,1937
379,1933,444,861,1214,1541,1995,823,1156,794,571,156,195,1511,934,262,23,1384,193,798,1969
380,1355,1010,1764,1512,1054,1705,582,1283,1058,1751,1143,1775,1381,711,1281,1539,1149,1749,1118,1806
381,958,44,156,2037,934,591,798,561,1581,1969,262,205,794,1447,195,1640,1511,23,6,1197
382,1581,958,823,561,861,444,44,1621,591,1640,1933,1214,1322,1995,1699,1637,2037,289,1156,1541
383,1010,1283,1355,1054,1058,1512,1705,1751,1764,582,1775,1143,1281,711,1749,1539,1381,448,1149,1806
384,791,871,2068,521,759,944,1750,1275,621,1480,991,1219,905,729,594,1851,1793,679,1214,2043
385,1750,871,991,791,2068,1480,944,591,990,1522,1276,846,1652,378,2034,942,1488,958,227,236
386,2034,327,7,1783,513,799,171,410,1581,861,1588,1541,444,1933,1995,1214,823,1156,1869,174
387,823,958,35,444,1197,861,456,1637,1933,31,1214,1995,1993,1541,1796,357,8,74,1156,498
388,958,1995,444,823,1541,1214,1197,1581,591,1447,861,1796,8,1993,1156,1637,1933,35,498,2037
389,1197,1581,357,1796,444,92,35,823,861,498,456,1993,74,8,1541,327,1783,289,1995,1933
390,513,327,1783,799,1197,1581,2034,357,1796,444,92,35,823,861,171,498,456,7,1993,74
391,444,823,861,1933,1995,1214,35,1197,1779,357,740,1156,74,1993,456,1541,31,1796,1951,1387
392,1692,1624,531,8,1993,691,963,1197,357,456,92,1541,74,719,35,1796,1156,1018,1718,823
393,327,171,1783,410,2034,513,1588,1581,7,799,1779,195,1705,1764,156,861,1751,1283,1511,1058
394,727,14,221,1833,93,1396,749,852,1649,763,1961,1764,712,1355,1058,1283,582,43,1856,1697
395,1725,1697,1856,727,1951,1665,740,1779,1863,1133,291,1186,1447,1387,1927,1009,1814,376,613,117
396,2034,327,1783,513,7,799,171,410,1588,1581,1447,1705,1764,1751,1973,1283,1058,1355,1640,582
397,168,1961,1649,364,763,1061,1856,128,1381,1927,145,1281,262,1183,881,489,1396,1770,2002,949
398,1581,591,958,871,1447,410,791,1350,1588,2068,444,823,1214,2054,1973,1750,861,1869,1937,1541
399,727,221,14,1833,93,1396,749,852,1649,763,1703,1961,1283,1764,1664,168,738,712,1355,1058
400,1440,6,561,1322,1621,1640,1699,591,1447,1350,581,2054,1581,1783,1712,1937,99,227,2034,823
401,740,1779,958,456,823,1197,1387,498,31,1993,1951,35,1009,1933,861,117,1995,444,357,8
402,174,1869,410,1447,2034,1581,823,861,327,1588,1541,1783,513,1712,2037,799,444,1933,7,963
403,823,2037,1933,444,861,44,958,1214,1995,1156,1541,289,1056,1588,410,591,1581,156,1447,327
404,823,1933,444,861,1214,1995,1156,1541,958,8,289,1197,44,74,35,1993,2037,357,1637,92
405,1581,44,2037,289,591,958,74,823,444,1637,1447,1796,1995,1197,1214,1993,1933,35,498,456
406,958,823,1933,861,1995,444,456,1993,31,35,1214,1637,1197,1796,1156,498,8,1581,74,1541
407,1440,6,561,1322,1621,1640,1699,591,1447,1350,581,2054,1581,1783,1712,1937,99,227,2034,823
408,1783,513,7,171,327,799,2034,561,255,289,1396,357,1640,1322,6,581,582,1621,1350,613
409,168,1856,1592,93,221,1275,1649,729,1219,1281,172,881,1851,727,1255,18,1703,1381,1283,711
410,823,958,35,444,1197,861,456,1637,1933,31,1214,1995,1993,1541,1796,357,8,74,1156,498
411,444,1995,861,1933,1214,1541,823,1156,327,2034,7,1783,1581,958,799,513,174,1588,581,591
412,168,1856,1649,804,489,909,1814,763,364,1932,881,1308,113,1219,1927,116,1961,1281,541,475
413,727,14,1833,221,93,1396,749,1649,852,763,1961,168,1856,1725,1664,546,65,1703,670,738
414,561,1621,1640,1440,1699,1322,6,410,174,1581,156,1869,794,958,1588,591,1511,798,44,193
415,823,861,444,1933,1214,1541,1995,1156,958,591,1993,1581,174,1447,456,1869,35,1197,1637,498
416,1583,156,405,787,195,1511,1581,794,23,1384,1022,193,205,591,934,1783,561,262,798,571
417,1718,375,227,2068,791,944,1018,1750,871,903,1480,806,1684,1064,991,1214,1541,963,444,1933
418,410,1581,1588,561,2034,958,1621,1783,1640,1869,1699,1322,1712,1440,591,327,174,581,1933,513
419,444,823,1541,1933,1995,861,1214,35,1197,31,1156,357,1993,456,74,1637,1796,92,591,1447
420,2034,1783,327,7,513,799,171,1621,410,1588,1640,6,1440,561,1699,1581,1322,174,1869,591
421,1869,174,1447,1933,2034,1712,1581,861,1783,410,327,1588,823,513,799,2054,444,581,7,1214
422,1718,375,1018,1064,1684,806,1133,871,677,944,1750,791,2068,1480,521,621,1275,905,991,1793
423,2034,799,1783,327,7,171,513,410,6,1640,1621,1699,1588,1440,561,1186,255,444,440,1581
424,861,444,823,1933,1995,1214,1541,35,1197,1156,1993,456,92,357,8,1796,958,1637,591,31
425,410,1588,327,2034,513,1581,1783,799,7,171,1933,444,823,861,958,1995,1156,561,1214,2054
426,823,958,35,444,1197,861,456,1637,1933,31,1214,1995,1993,1541,1796,357,8,74,1156,498
427,1869,174,1214,1933,823,1447,1541,1621,861,444,1995,591,1156,6,1440,1350,1322,916,581,1712
428,1581,513,1783,799,7,327,2034,410,171,1933,1588,823,1541,156,861,1995,1156,1511,444,1640
429,1796,456,357,1197,44,35,958,1993,31,1637,8,498,2037,289,74,92,561,823,1640,1322
430,1581,823,958,44,861,1933,444,2037,1214,1541,1995,1156,410,1588,289,327,1056,1637,2034,1783
431,1783,2034,6,513,1621,327,561,799,7,1440,1640,171,1699,1322,591,1581,1712,227,174,581
432,1933,861,823,1995,1214,1541,1156,444,456,1197,958,1796,35,31,8,92,1621,74,1993,1637
433,823,1995,1214,444,1156,1933,861,1541,1197,31,35,1993,456,8,92,74,357,498,1796,958
434,958,823,444,861,791,1933,44,1995,1214,871,1621,1581,561,1322,2068,591,1541,1156,1640,1750
435,823,958,35,444,1197,861,456,1637,1933,31,1214,1995,1993,1541,1796,357,8,74,1156,498
436,1197,74,35,1796,92,31,456,1993,1637,357,498,1581,8,1697,1640,1322,823,1699,1042,861
437,794,1581,571,156,195,1511,934,262,23,1384,193,798,1969,1588,410,823,205,861,1712,1322
438,591,1447,958,1995,444,823,1541,1214,1197,1581,861,298,465,1915,1796,8,1046,1993,1032,1023
439,174,1869,1447,2034,861,410,327,1588,1783,513,799,7,1581,963,444,591,1541,823,1995,1933
440,1355,1054,1010,1512,1283,1705,1764,1058,1751,582,1749,1281,1539,301,1381,1775,711,1143,1149,1118
441,1692,1624,531,691,963,719,434,791,444,1541,1214,1933,2068,1350,823,861,1750,1480,1995,871
442,958,444,1581,1993,456,1796,823,35,357,1197,861,1637,8,1541,498,1933,1214,1995,92,31
443,410,1588,2034,958,1783,444,1581,1993,456,1712,1796,823,35,327,357,1197,791,861,1637,513
444,168,1856,881,364,166,489,727,541,221,1281,1961,2002,1355,1705,262,1183,1283,934,1927,1725
445,378,888,1488,942,1276,1770,990,846,236,2012,1652,1522,1718,227,2068,791,375,1480,871,1750
446,1951,1009,740,1779,117,1387,1197,35,1993,444,823,1933,31,8,861,456,357,1541,74,92
447,958,823,444,1933,861,591,1214,2037,1995,44,35,1541,1581,1156,1447,561,1621,289,1637,1322
448,861,1214,444,823,1995,1541,871,1933,1018,375,1718,2068,1750,942,944,990,991,791,236,1156
449,958,823,1933,861,1995,444,456,1993,31,35,1214,1637,1197,1796,1156,498,8,1581,74,1541
450,871,791,2068,944,1750,1480,991,1581,444,1214,227,861,1973,1541,1404,1995,759,1718,1156,521
451,791,1718,871,1750,2068,1018,806,944,1480,375,905,1275,1684,1064,422,759,521,991,1793,378
452,1355,1010,1054,1283,1512,1751,1764,582,1705,1058,1281,711,1143,448,1775,1381,1749,1118,414,1539
453,861,444,823,1933,1995,1214,1541,1581,35,958,1197,1156,1993,561,456,92,357,44,8,1621
454,168,1856,1793,364,93,727,1649,1219,1108,1275,1396,1592,1961,172,221,1281,759,881,422,166
455,1581,561,6,1440,1322,174,581,1640,1869,1699,823,357,444,35,456,1621,1993,1796,1781,1719
456,1933,861,1214,444,823,1995,1541,1156,1581,410,1588,958,581,2054,870,327,1350,227,2034,1056
457,861,444,823,1933,1995,1214,1541,35,1197,1156,1993,456,92,357,8,1796,958,1637,591,74
458,727,14,1833,221,93,1396,749,852,1649,1355,1764,1283,763,1961,1054,1010,1058,582,168,1664
459,823,958,861,1581,1933,1214,444,1995,1156,1541,456,357,1197,1993,35,1637,1796,8,591,92
460,591,1447,2037,823,44,958,861,444,1581,1933,1214,1322,1541,1995,35,561,289,1621,791,1718
461,740,1779,456,1197,1387,498,31,1993,1951,35,1009,117,357,8,1796,1637,92,74,444,1995
462,440,1186,1192,483,2037,609,613,255,958,44,410,171,1588,1783,513,2054,327,684,965,977
463,1721,301,1183,1010,93,1512,1283,1764,1058,1751,671,1054,1740,1289,1355,1111,1725,582,1856,1577
464,561,1581,1621,1322,1440,1640,1699,6,410,916,995,298,958,1023,1144,1915,698,1932,804,1046
465,958,456,1796,410,1993,1197,357,35,498,1214,8,1933,92,1637,31,1588,823,861,74,977
466,561,1581,1621,1322,1440,1640,1699,6,916,995,410,298,958,1023,1144,1915,698,1932,7,804
467,1581,958,823,561,861,444,44,1621,591,1640,1933,1214,1322,1995,1699,1637,2037,289,1156,1541
468,823,444,861,958,1933,1214,1541,1995,1156,44,1581,2037,289,591,1637,1322,35,1197,1056,1621
469,1718,375,227,2068,791,944,1018,1750,871,903,1480,806,1684,1064,991,1214,1541,963,444,1933
470,591,1281,1447,7,1322,364,1381,711,1118,1010,1143,1751,582,1355,171,174,1869,1640,799,2034
471,174,1869,1783,327,1447,456,1637,1197,8,1993,357,35,1581,498,156,591,513,1796,2034,31
472,561,1322,1440,1621,1640,6,1699,227,581,958,591,1937,1133,1933,2034,2012,444,1276,1581,1214
473,727,221,14,1833,93,1396,749,852,1649,1703,1283,1764,1664,168,1961,738,763,1058,1010,1856
474,823,444,958,861,1581,1933,1214,1541,1995,1156,35,456,357,1197,31,1993,1637,1796,8,591
475,958,823,444,861,1933,44,1995,1214,1621,1581,561,1322,591,1541,1156,1640,2037,289,1637,6
476,327,2034,1783,513,171,7,799,410,1588,1581,958,861,1214,444,1640,1156,1056,1869,1933,227
477,1447,591,871,944,1750,791,2068,1581,991,1480,1869,444,823,1541,1214,861,2034,174,1933,1995
478,168,1856,727,414,1283,489,1961,1806,1705,299,541,364,1219,166,2002,1649,881,670,255,1870
479,1581,1511,794,156,1783,2034,934,410,1933,798,861,195,823,1214,205,1384,262,193,571,327
480,410,1588,2034,1783,327,958,1973,7,799,1439,444,1581,513,171,1404,1214,861,1097,823,2037
481,444,1214,1933,1995,823,861,1541,1156,410,958,1581,1588,1869,174,1197,1993,591,92,1796,1350
482,823,2037,1933,444,861,44,958,1214,1995,1156,1541,289,2034,327,1783,1056,513,7,1588,799
483,871,2068,1750,942,944,990,991,791,236,888,227,378,1276,1480,1522,1770,1652,1488,1440,1322
484,1624,1692,963,719,434,691,531,823,861,1541,444,1214,1933,1156,1581,1783,2034,1995,327,799
485,444,823,1541,1933,1995,861,1214,35,1197,31,1156,357,1993,456,74,1637,1796,92,591,1447
486,1581,958,823,561,861,444,44,1621,591,410,1640,1933,1214,1322,1995,1699,1588,1637,2037,289
487,1355,1054,1512,1010,1283,1764,1705,1058,582,1751,1143,1775,1381,711,1281,1539,1149,1749,1118,1806
488,1018,1718,375,1684,806,1064,1480,2068,1133,791,677,944,871,378,1750,942,1652,1276,991,990
489,958,823,1933,861,1995,444,456,1993,31,35,1214,1637,1197,1796,1156,498,8,1581,74,1541
490,1796,456,357,1197,44,35,958,1993,31,1637,8,498,2037,289,74,92,444,861,823,1814
491,375,1718,1684,1064,1018,227,806,1214,871,1750,791,236,2068,823,944,1541,991,861,1480,1933
492,1447,1214,591,861,444,1750,791,1541,1995,871,823,2068,991,1933,1581,1480,1156,1869,944,174
493,1355,1010,1283,1054,1705,1751,1512,1764,582,1058,1281,711,1143,448,1775,1381,1749,1118,414,1539
494,861,444,823,1933,1995,1214,958,1541,35,44,1197,1156,1621,1581,1993,456,561,1322,92,591
495,958,1995,444,823,1541,1214,1197,1581,861,1796,8,1993,1156,1637,1933,35,498,2037,2054,456
496,1933,444,823,1156,1541,1214,861,1995,958,1581,1993,327,1197,7,799,498,31,92,289,1796
497,327,7,2034,513,799,171,1783,561,1699,1581,1440,1621,1322,6,1640,1588,410,1539,1665,1969
498,174,1214,1995,2054,456,1796,823,861,1350,8,444,1933,498,1197,1156,1993,35,1869,1541,1637
499,1718,375,1018,1064,1684,806,871,2068,1750,942,944,990,991,791,236,888,227,1133,378,1276
500,1214,444,958,1581,1933,861,823,1541,1156,1995,1993,456,1796,35,357,1197,1637,8,498,92
501,2034,327,1783,7,410,513,799,1588,171,1581,697,1973,561,6,790,1056,1439,1640,405,1712
502,861,444,823,1933,1995,1214,1541,35,1197,1156,1993,456,92,357,8,1796,958,1480,1637,591
503,6,561,1440,405,1322,1640,787,1022,1583,1621,1712,1933,174,1699,861,1995,1869,1214,823,444
504,1721,301,1183,403,1740,712,1958,1577,1111,376,1283,43,881,1512,1725,1476,93,1058,711,1010
505,444,823,861,1933,1995,1214,35,1197,357,1156,74,1993,456,1541,31,1796,1637,8,498,958
506,1705,1764,1751,1283,1058,1355,582,1010,1054,1512,7,711,337,1281,1865,1186,1268,1143,609,2034
507,1933,1214,1995,861,444,823,1541,1156,1581,958,410,1993,1869,92,327,74,1197,1447,591,174
508,861,444,823,1933,1995,1214,1541,35,1197,1156,1993,456,92,357,8,1796,958,1637,591,74
509,95,128,1961,1856,1649,1740,1833,594,1923,1183,749,1111,763,43,1672,265,14,1592,1118,109
510,227,2068,1750,871,944,791,591,1621,1480,1718,1018,375,1447,327,174,1581,1783,2034,799,991
511,6,1621,561,1640,1440,1322,591,1699,1447,1581,1712,1783,799,2034,227,823,513,444,1214,1933
512,1721,1725,1856,712,1283,43,738,1183,1381,1751,1749,711,1010,1058,1355,301,1664,1281,168,582
513,871,791,1750,1480,944,2068,991,1973,1404,410,444,861,1581,1439,1214,823,1541,1995,591,1588
514,168,1283,1856,1705,1355,1183,93,727,1927,262,1512,1381,1764,1751,763,1396,1961,881,711,1649
515,561,1640,1440,1621,6,1322,1699,1350,2054,1937,591,174,156,1588,581,995,2034,1447,171,1559
516,301,1721,1183,1010,1512,1283,1764,93,1058,1577,1111,376,1740,1054,671,403,1751,1355,1725,582
517,648,1806,221,1764,1283,1396,1355,14,1833,1206,1779,823,1156,903,43,117,1697,414,210,2014
518,128,1010,1764,582,1355,1512,1381,1283,1751,1649,1961,1054,1118,711,1058,301,1749,93,1705,1775
519,44,2037,289,1933,444,958,1541,823,1197,1214,35,1796,861,1995,31,1993,498,1637,8,74
520,1281,7,364,1381,711,1118,1010,1143,1751,582,1355,1054,1705,168,1283,327,1775,1764,255,1058
521,301,1721,1183,1111,6,1577,93,1740,376,1283,1621,1058,1764,1512,1751,712,403,1322,1440,299
522,327,2034,513,1783,7,171,410,799,1588,1581,1447,591,697,1186,298,861,609,444,1541,475
523,1933,1995,1214,861,1541,823,444,1156,958,1712,581,1350,870,99,965,2054,35,1697,1197,1853
524,168,1355,1856,93,1705,1649,1961,727,1927,763,1586,1183,475,1283,1281,1559,1396,711,1284,881
525,1621,561,6,1322,591,1640,1447,1440,1699,1796,1197,31,456,92,8,357,74,375,1993,35
526,1933,444,823,1214,1995,861,1541,1156,791,958,1447,1869,1197,1750,2068,591,871,1581,174,1993
527,168,763,1961,1649,1355,93,727,221,1705,881,749,1396,1283,1856,1522,1054,1833,852,43,1308
528,823,861,1581,444,1933,1214,1156,1541,1995,289,1621,591,958,561,44,2037,410,2034,1783,1640
529,1440,1621,6,1322,561,1640,1699,174,581,958,1869,794,99,156,1712,1511,870,591,1781,571
530,1869,410,174,1588,1783,2034,1581,7,327,171,513,799,697,581,1705,1764,1751,1322,6,958
531,31,1993,1796,357,8,35,456,1197,74,498,1637,92,1541,1156,444,1933,823,1214,1995,861
532,1577,376,1740,1111,794,205,1721,1588,1512,410,23,193,1511,1583,934,1054,262,787,1384,195
533,823,958,35,444,1197,861,456,1637,1933,31,1214,1995,1993,1541,1796,357,8,74,1156,498
534,1581,791,1718,1869,871,1750,2068,1018,806,944,375,1480,174,905,1275,799,1684,1064,422,759
535,1933,444,456,1993,861,1197,1995,35,357,1214,823,1581,31,1541,327,1156,1796,92,498,8
536,1993,1197,35,1796,456,8,1637,498,74,92,31,357,740,1692,1214,1624,444,531,691,1933
537,1581,958,823,561,861,444,44,1621,591,1640,1933,1214,1322,1995,1699,1637,2037,289,1156,1541
538,35,823,1637,456,1197,1993,861,8,958,444,1214,1933,357,1796,31,1995,74,498,1541,44
539,1197,1581,357,1796,444,92,35,823,861,498,456,1993,74,8,1541,327,1783,289,1995,1933
540,1581,861,405,561,444,1621,1933,1541,327,823,1783,1583,1156,591,1022,1440,1214,171,1322,787
541,591,1447,298,465,1915,1046,1032,1023,2059,995,698,113,696,1559,1932,909,804,475,1567,1342
542,6,1621,561,1440,1699,1322,1712,1640,410,1588,794,174,227,1308,1869,823,958,156,934,798
543,823,444,1440,861,561,1699,1621,1995,6,1933,958,1214,1322,35,591,357,456,1640,1993,1796
544,444,1541,1440,823,1214,1621,410,31,561,1581,1350,1933,1796,1322,1640,1699,861,8,1156,1447
545,1783,410,799,7,1588,171,327,513,2034,1581,444,823,861,1973,1214,1056,1933,1350,1712,2054
546,1869,174,591,1447,1214,1933,823,1541,1621,861,444,1995,1156,6,1440,581,227,1350,1581,1322
547,861,444,823,1933,1995,1214,1541,35,1197,1156,1993,456,92,357,8,1796,958,1637,591,74
548,95,128,1961,1740,1856,1649,265,763,1833,1200,1183,1865,14,582,1923,852,1749,337,602,1512
549,44,2037,289,958,823,861,1214,444,1933,1995,1993,1156,1541,1581,1197,74,31,8,498,35
550,1933,444,1197,861,1214,1541,1995,823,35,1993,1156,31,8,456,357,74,92,1637,740,498
551,1581,2034,1783,171,1640,513,410,1322,823,1699,327,799,861,1621,561,1440,958,6,1214,444
552,168,1856,93,221,727,1927,1183,763,1703,1396,711,1649,881,541,489,602,14,1725,99,1961
553,6,561,1322,1699,1440,1640,1621,1214,1783,1447,174,823,591,2054,794,1937,444,1350,1541,1869
554,958,1783,44,799,7,171,327,513,2034,156,2037,934,798,1581,1969,262,205,794,195,1640
555,174,1869,1480,2068,991,1750,791,591,871,2034,697,1712,1933,444,1581,1214,799,1541,944,1783
556,958,1995,444,823,1541,1214,1197,1581,861,1796,8,1993,1156,1637,1933,35,498,2037,2054,456
557,871,1621,2068,1750,561,942,944,990,991,791,236,888,227,6,378,1322,1276,591,1640,1447
558,168,364,1856,1281,1061,440,711,1539,1775,128,1381,1927,262,881,1396,949,31,1814,489,1697
559,740,1779,1387,117,1951,1009,444,823,1541,1933,1995,861,1214,35,1197,31,1156,357,1993,456
560,410,1588,513,327,2034,1783,7,1581,799,171,444,823,861,1973,1214,1056,648,1933,1350,1712
561,1581,823,958,44,861,1933,444,2037,1214,1541,1995,1156,410,1588,289,327,1056,1637,2034,1783
562,327,1783,7,799,513,171,2034,1933,1581,410,861,1541,1214,823,444,1156,1588,1995,958,1869
563,958,44,156,2037,1869,934,410,798,1581,1969,262,205,794,195,174,1640,1511,23,561,1588
564,410,1581,1588,561,2034,958,1621,1783,1640,1869,1699,1322,1712,1440,591,327,174,581,1933,513
565,327,2034,1783,7,799,410,513,1933,171,861,444,1995,1214,1156,1541,1581,1718,174,1588,227
566,410,1214,1588,861,174,1933,1869,823,444,1581,1712,156,958,2034,1995,1156,1541,934,262,591
567,444,823,1541,1933,1995,861,1214,35,1621,561,1197,31,1156,6,357,1322,1993,456,591,1640
568,1581,799,327,7,513,1783,2034,861,171,444,823,410,1541,1933,1156,1588,591,1214,1995,1712
569,1933,1214,444,823,1995,861,1156,1993,1541,456,35,1197,74,357,498,92,31,8,1796,1637
570,1581,1718,1064,1018,861,1541,375,1995,1156,823,1933,444,1684,1214,1624,691,806,1692,963,227
571,1197,35,1993,444,823,1933,31,8,861,456,357,1541,74,92,1995,1637,740,1214,498,1796
572,1993,1197,35,1796,456,8,1637,498,74,92,31,357,740,1214,444,1933,1995,823,1779,958
573,727,221,14,1833,93,1396,749,852,1649,1764,1961,1856,299,1054,168,1283,1355,763,1697,582
574,1993,1197,35,1796,456,8,823,1637,498,74,861,958,444,92,31,357,1214,1933,1995,1541
575,1197,1581,35,1993,444,823,1933,31,8,861,456,357,1541,74,92,1995,1637,740,1214,498
576,1214,1541,1898,861,444,905,791,823,1933,759,2065,2043,1108,621,1219,1844,1156,422,1995,1793
577,1783,7,327,456,799,2034,513,958,1796,35,171,1993,8,1637,357,74,410,31,498,92
578,1933,444,861,1541,1995,1214,823,1156,1581,1197,958,1993,227,498,289,1637,591,456,1447,35
579,168,763,1649,1856,1961,804,727,1183,1283,1775,749,93,1219,909,1355,1814,1381,711,128,1725
580,444,823,1541,1933,1995,861,1214,35,1197,31,1156,357,1993,456,74,1637,8,1796,92,740
581,444,823,1541,1933,1995,861,1214,35,1197,31,1156,357,1993,456,74,1637,1796,92,591,1447
582,823,861,1581,444,1933,1214,1156,1541,1995,958,1621,591,561,410,2034,2037,1783,1640,1322,1440
583,823,44,861,2037,1581,289,444,1933,1214,1156,1541,958,1995,1621,591,561,410,2034,1783,1640
584,6,561,1440,1322,1621,1640,1699,591,1447,298,804,174,1915,909,696,156,1350,1586,1284,916
585,958,1995,444,823,1541,1214,1197,1581,861,1796,8,1993,1156,1637,791,1718,1933,35,498,2037
586,823,1933,444,1995,861,1541,1156,1214,958,1581,92,8,1197,591,35,1993,456,74,1447,1637
587,1197,1581,357,1796,444,92,35,823,861,498,456,1993,74,8,1541,327,1783,289,1995,1933
588,35,823,1637,456,1197,1993,861,8,958,444,1214,1933,357,1796,31,1995,74,498,1541,44
589,591,1447,6,561,1621,1640,1440,861,1712,1322,298,465,958,823,1915,1699,1046,444,1032,1023
590,168,881,489,93,1586,364,1856,1381,1721,1183,1308,116,1281,1923,541,128,1614,448,2025,727
591,1933,1995,823,1214,444,861,1541,1156,1581,1197,1993,958,92,35,227,8,498,456,74,357
592,1933,861,823,1995,1214,1541,1156,444,958,35,1621,1322,591,1018,1718,1581,227,561,456,6
593,1581,958,1995,444,823,1541,1214,1197,861,1796,8,1993,1156,1637,1933,35,498,2037,2054,456
594,861,1933,444,1214,1541,1995,823,1156,1350,791,410,1937,2054,944,1480,2068,1018,174,1750,1581
595,444,1995,861,1933,1214,1541,823,1156,561,525,1581,958,1440,1322,6,513,1640,730,581,591
596,958,44,791,156,2068,871,2037,1750,944,934,1480,991,798,1581,1969,262,1973,205,794,195
597,513,327,1783,7,799,2034,171,410,1281,648,1588,1332,1381,711,1539,168,1118,1749,1143,1775
598,513,327,1783,799,2034,1581,171,7,410,444,861,1933,1712,1214,1541,2054,823,1588,1156,1350
599,1581,794,156,1511,410,444,571,262,1933,195,193,1995,861,1588,1384,1541,934,823,1214,405
600,444,823,1541,1933,513,1995,327,861,1214,1783,799,35,2034,1197,31,1156,357,1993,456,1581
601,958,823,1933,861,1995,444,456,1993,31,35,1214,1637,1197,1796,1156,498,8,1581,74,1541
602,1588,410,2034,1783,327,799,1581,7,513,581,171,1869,790,794,2054,174,1350,1712,1511,1384
603,823,1933,444,861,1214,1995,1156,1541,958,8,1640,1621,1197,561,6,1440,74,1322,35,1993
604,1581,958,823,561,861,444,44,1621,591,1640,1933,1214,1322,1995,1699,1637,2037,289,1197,1156
605,168,1649,364,93,763,1381,1061,1856,489,1721,128,1927,1183,1281,262,602,221,881,670,65
606,1764,1283,1058,582,1010,1705,1054,1355,1751,7,1512,1192,1749,1281,255,483,711,327,1539,1381
607,1214,444,1933,861,823,1197,1581,1541,1156,1995,357,1796,92,35,498,456,1993,74,8,327
608,861,444,823,1933,1995,1214,740,1779,1541,456,35,1197,1387,1156,498,31,1993,1951,1009,117
609,327,2034,7,1581,1783,799,513,174,958,1588,916,171,561,1640,410,1621,1586,2054,591,298
610,513,327,1783,7,410,444,799,1541,861,2034,1214,171,1995,1588,1156,1933,823,648,1056,1948
611,168,1856,670,1703,166,1281,763,881,440,1961,711,1539,1775,1183,43,93,1649,1381,1308,1492
612,410,1581,1588,561,2034,958,1621,1783,1640,1869,1699,1322,1712,1440,591,327,174,581,1933,513
613,1933,444,1541,823,1214,861,1796,1156,1995,958,35,357,1993,31,456,1197,8,498,1637,74
614,1197,1581,357,1796,444,92,35,823,861,498,456,1993,74,8,1541,327,1783,289,1995,1933
615,561,1440,1322,1621,1699,1640,6,591,958,1581,1447,823,444,2037,44,99,289,1214,581,1933
616,1640,1621,289,561,6,44,1440,1322,958,2037,591,1699,1581,1447,581,1783,2034,410,1350,823
617,1054,1355,1283,1010,1764,1751,1705,1058,1512,582,1775,711,1281,1749,1539,1118,1381,1806,1143,448
618,1581,958,823,561,861,444,44,1621,591,1640,1933,1214,1322,1995,1699,1637,2037,289,1156,1541
619,1581,861,327,444,7,1156,1541,2034,799,823,1933,1783,1214,1995,513,1973,410,171,1404,1439
620,444,1541,1440,823,1214,1621,410,561,1350,1933,958,1322,1640,1699,861,1156,31,1796,1197,1447
621,958,444,1581,1993,456,1796,823,35,357,1197,861,1637,8,1541,498,1933,1214,1995,92,31
622,958,823,1796,456,1933,861,357,1197,1995,44,35,444,1993,31,1637,8,1214,498,2037,1156
623,327,2034,7,1783,513,799,171,410,1588,1581,861,444,1712,1156,1056,1869,1933,1214,1541,870
624,727,1833,14,221,93,1396,749,852,1649,1961,763,1764,299,1355,1664,1856,1851,759,903,1283
625,1869,410,581,174,1588,1541,1783,2034,1581,99,1718,444,1933,870,7,327,861,1350,171,513
626,410,1588,327,2034,513,1783,7,799,440,1186,1281,171,1869,1581,483,609,1712,174,1192,1381
627,958,1995,444,823,1541,1214,1197,1581,861,1796,8,1993,1156,1637,1933,35,498,2037,2054,456
628,727,221,14,1833,93,1396,749,852,1649,1703,1961,1283,763,1764,1664,168,738,1058,1010,1856
629,236,1770,1276,888,378,2012,990,1488,1652,942,1522,1796,1197,846,31,456,92,8,357,74
630,861,444,823,1933,958,1214,1995,2037,1581,1541,44,1156,1056,289,591,35,1637,456,1781,581
631,561,1440,1322,1621,1699,1640,6,591,958,1447,823,444,2037,44,99,289,1214,1581,581,1933
632,1779,740,1951,1387,117,1009,1718,1447,1194,871,791,1973,944,2068,591,1750,1684,375,1064,1018
633,531,1692,691,719,963,1624,1541,444,1214,1156,823,434,861,2054,1933,357,1350,1995,1197,74
634,958,823,1933,861,1995,444,456,1993,31,35,1214,1637,1197,1796,1156,498,8,1581,74,1541
635,168,1856,1649,1440,881,432,489,93,1586,1308,364,1381,1721,1183,1705,1923,128,1614,448,727
636,1933,861,823,1214,1995,444,1541,1156,1018,375,1718,410,1973,958,1796,1581,1064,581,1684,35
637,1581,410,1718,1588,1064,1018,861,1541,375,1995,1156,823,1933,1973,444,1684,1214,1439,1404,1624
638,1796,456,357,1197,44,35,958,1993,31,1637,1640,1621,8,498,2037,561,289,74,6,1440
639,35,823,1637,456,1197,1993,861,8,958,444,1214,1933,357,1796,31,1995,74,498,1541,44
640,958,44,156,2037,934,798,1581,1969,262,205,794,195,1640,1511,23,561,1197,1056,1447,591
641,168,1856,1355,93,1705,221,1649,1961,763,727,1586,475,1283,1281,1559,1703,1284,541,1381,602
642,958,823,444,861,1933,44,1995,1214,1621,1581,561,1322,591,1541,1156,1640,2037,289,1637,6
643,861,1214,444,823,1995,1541,1933,1018,375,1718,1156,410,1973,1796,1581,1064,958,581,1684,791
644,168,591,1447,1322,171,174,1869,1640,799,2034,561,1355,227,364,7,1440,1699,1621,1581,440
645,1869,174,1583,1022,787,405,1440,794,1511,1915,156,298,561,195,262,698,1586,804,909,934
646,1869,174,1933,1712,1581,1783,861,327,2034,823,410,799,1588,2054,444,581,1447,1214,1156,7
647,1581,958,823,561,861,444,44,1621,591,1640,1933,1214,1322,1995,1699,1637,2037,289,1156,1541
648,1581,861,823,958,444,35,1933,591,44,1214,1541,1995,1637,1156,2037,456,1197,92,1796,1447
649,591,1447,740,1951,117,1387,1779,1009,298,465,1915,1046,1032,1023,2059,995,698,113,696,1559
650,410,444,823,1588,1541,1933,1995,861,1214,1796,2034,35,1197,958,31,1156,456,357,1993,1712
651,168,364,1856,1061,128,1381,1961,1927,541,1281,262,166,2002,1649,881,1396,414,949,1870,1814
652,1869,1581,1541,444,174,1796,1933,861,823,1214,31,1995,1156,456,35,498,1993,8,1637,327
653,236,1770,1276,888,378,2012,990,1488,1652,942,1522,846,1480,2068,1018,375,1718,791,1064,944
654,168,1355,1705,93,1649,1961,727,1183,1856,763,1703,1586,475,1283,221,1281,1559,1284,1381,166
655,591,1581,1447,298,1023,174,995,581,916,1869,1588,1932,1640,561,410,696,1915,804,1621,698
656,561,1640,1440,1621,6,1322,1699,289,44,2037,1581,1056,958,99,870,581,591,1781,1719,1097
657,1186,1281,7,609,364,1381,711,440,1118,1010,1143,613,255,1751,582,1355,930,1192,483,1054
658,513,327,1783,7,799,2034,171,410,648,1588,727,1010,1332,582,1764,1355,1058,1705,1751,1054
659,958,823,1933,861,444,1995,456,1993,31,35,1214,1637,1197,1796,1156,1541,498,8,1581,74
660,7,327,1705,1764,1281,1751,171,513,1283,1058,1355,799,582,1010,1054,1512,1381,2034,711,1539
661,1783,799,7,171,327,513,2034,410,1588,1581,1973,1350,2054,1439,581,1712,1937,1404,1640,1447
662,444,823,1541,1933,1995,861,1214,35,1197,31,1156,2034,357,1993,410,456,74,1588,327,1637
663,1993,1197,35,1796,456,8,1637,498,74,92,31,357,740,1214,444,1933,1995,823,1779,958
664,591,1447,298,465,1915,1046,1032,1023,2059,995,698,113,696,1559,1932,909,804,475,1567,1342
665,958,444,1581,1993,456,1796,823,35,357,1197,861,1637,8,1541,498,1933,1214,1995,92,31
666,791,871,2068,944,1750,1480,991,227,759,1275,621,679,1108,521,1255,528,1800,2043,1851,172
667,727,14,93,1833,221,1396,749,852,1649,1764,1961,1054,1703,763,1355,1010,582,1058,299,109
668,1440,1322,1350,6,1621,1699,561,1640,1937,2054,1581,1869,581,174,823,1447,591,958,444,861
669,740,1779,1387,117,1951,1009,1197,1447,35,958,1796,8,591,1214,92,498,1993,1637,31,456
670,410,1588,327,2034,513,1581,1783,799,7,6,171,1933,444,561,823,1621,1440,1322,1640,861
671,410,1588,2034,1783,327,958,1973,7,799,1439,444,1581,513,171,1404,1214,861,1097,1541,823
672,823,444,861,958,1933,1214,1541,1995,1156,44,1581,1718,2037,289,591,1637,1322,35,1018,1197
673,513,327,1783,799,2034,1581,171,7,1796,1197,31,456,92,8,357,74,410,375,1993,35
674,861,444,823,1933,1995,1214,1541,35,1197,1156,1993,456,92,357,8,1796,958,1637,591,74
675,823,958,35,444,1197,861,456,1637,1933,31,1214,1995,1993,1541,1796,357,8,74,1156,498
676,6,561,1440,1322,1621,1640,1699,861,1712,958,823,444,1995,1214,1933,156,1156,591,1783,410
677,1993,1197,35,1796,456,8,1637,498,74,92,31,357,871,740,791,1214,444,1750,1933,1995
678,958,823,444,861,1933,44,1995,1214,1621,1581,561,1322,591,1541,8,1156,1993,1640,2037,289
679,410,1588,2034,1783,327,958,1973,7,799,1439,444,1581,513,171,1404,1214,861,1097,823,2037
680,227,791,2068,1750,871,1480,378,944,1276,942,888,846,1214,1652,823,410,1018,1933,991,1712
681,444,823,1541,1933,1995,861,1214,35,1197,31,1156,357,1993,456,591,74,1447,1637,1796,92
682,861,444,823,1933,1995,1214,1541,35,1197,1156,1993,456,92,357,8,1796,958,591,1637,1447
683,958,444,1581,1993,456,1796,823,35,357,1197,861,1637,8,1541,498,1869,1933,1214,1995,92
684,31,456,35,74,1796,357,1197,1993,498,8,444,1637,823,1933,92,861,1541,1995,740,1214
685,444,823,1541,1995,1933,861,1214,35,740,1197,31,1156,456,498,357,1993,1796,74,92,8
686,1511,1915,1032,934,1567,193,113,1932,794,909,1384,262,698,1066,156,1586,696,1284,205,798
687,444,1995,861,1933,1214,1541,823,1156,794,1581,156,958,1511,571,262,195,193,1384,934,405
688,861,444,823,1933,1995,1214,1541,35,1197,1156,1993,456,92,357,8,1796,958,1637,591,74
689,794,156,1511,571,410,1588,262,195,193,1384,327,934,405,798,6,23,1869,2034,205,513
690,871,791,1750,944,861,1995,2068,823,1718,1018,444,1541,1156,1214,1933,1480,375,1692,1624,991
691,327,7,881,171,1783,1281,513,1143,799,2034,711,168,1539,1381,1118,1649,712,364,1775,1749
692,2034,327,1783,1581,7,513,799,171,410,1588,1869,581,958,561,6,870,1781,1640,1712,727
693,1796,456,357,1197,44,35,958,1993,31,1637,8,498,2037,289,74,92,561,823,1640,1322
694,444,1933,1541,1995,861,1214,823,1156,1993,1197,1796,8,357,92,35,456,31,498,74,1637
695,1640,1621,561,6,1440,1322,591,1699,1581,1447,581,1783,2034,410,958,1350,513,327,799,227
696,327,513,2034,1783,7,171,799,410,1588,1581,1640,6,1621,958,561,1439,1447,1699,1712,1973
697,1951,1009,740,1779,117,1387,1447,591,670,819,1640,405,561,1010,958,444,474,861,200,1541
698,871,1581,791,1214,410,1750,861,2068,1480,227,823,444,1197,1933,1541,357,991,944,1995,1796
699,1583,156,405,787,195,1511,794,23,1384,1022,193,205,591,934,561,262,798,571,1447,1969
700,1993,1197,35,1796,456,8,1637,498,74,92,31,357,740,1214,444,1933,1995,823,1779,958
701,958,1995,444,823,1541,1214,1197,1581,861,1796,8,1993,1156,1637,1933,35,498,2037,2054,456
702,1933,444,823,861,1214,1995,1541,1156,1581,958,1197,1447,227,1993,591,92,74,357,35,8
703,1581,327,1783,7,799,513,171,2034,861,444,1933,1214,1156,410,1995,823,1541,1588,1221,1869
704,410,1588,2034,174,1869,1783,327,958,171,513,1214,1933,1712,1581,861,1995,444,823,799,7
705,378,888,1488,942,1276,1770,990,846,236,2012,1652,1522,1933,791,1018,823,444,1684,1214,410
706,174,1214,1995,2054,456,1796,823,861,1350,8,444,1933,498,1197,1156,1993,35,1869,1541,1637
707,823,861,1581,444,1933,1214,1156,1541,1995,1621,591,958,561,410,2034,1783,1640,1322,1440,1699
708,444,1933,823,1541,1197,1214,35,1796,861,1995,31,1993,498,958,1637,8,74,456,92,1156
709,2034,513,1783,410,327,799,7,1588,1581,171,444,823,1933,861,156,262,798,905,1995,1541
710,1993,1197,35,1796,456,8,1637,498,74,92,31,357,740,1214,444,1933,1995,823,1779,958
711,1581,513,327,1783,799,2034,958,1933,410,823,861,1214,444,1995,1621,171,1541,591,7,1796
712,1581,1588,410,861,156,327,794,1384,823,798,205,1869,1056,262,1933,1511,193,1214,1541,195
713,1869,174,298,1567,916,1915,1932,995,1046,113,1066,465,696,1144,1032,1214,804,698,909,1342
714,958,823,444,861,1933,44,1995,1214,1621,1581,561,1322,591,1541,1156,1640,2037,289,1637,6
715,958,823,1933,861,1995,444,456,1993,31,35,1214,1637,1197,1796,1156,498,8,1581,74,1541
716,791,1214,2068,1480,1750,871,944,1995,444,991,1541,823,861,1156,1933,591,1652,378,1973,1488
717,444,823,1541,1933,1995,861,1214,35,1197,31,1156,357,1993,456,74,1637,1796,92,591,1447
718,1581,861,823,958,444,35,1933,591,871,44,1214,1541,1995,1637,791,1156,2037,456,1197,2068
719,1933,861,1214,444,823,1995,1541,1156,410,958,1581,1588,1197,1993,591,92,1796,1350,8,35
720,871,791,1933,861,823,1750,1995,1214,1541,2068,944,1156,444,1480,1718,375,991,903,1973,958
721,871,791,2068,1750,1480,944,991,227,591,1447,1197,1973,35,1581,1993,444,823,1933,31,8
722,727,221,14,1833,93,1396,749,852,1649,1764,1961,1856,299,763,1054,168,1283,1355,582,1118
723,1869,174,1511,193,794,262,156,561,798,6,195,1621,1699,1322,571,1640,205,934,1384,23
724,958,1581,823,1933,861,444,1214,591,44,1995,1541,1156,561,1447,1640,1621,2037,1322,35,1637
725,444,1933,861,1995,1541,823,1214,1156,958,92,1197,1581,1447,1993,227,8,1056,74,35,1018
726,513,327,1783,799,2034,1581,171,7,410,591,444,1447,861,174,1933,1712,1214,1541,2054,823
727,357,1197,31,1993,1796,74,8,35,456,498,92,1637,958,444,861,823,1581,1214,1933,289
728,168,1856,93,727,221,1705,749,1355,670,1522,1703,166,763,1283,1833,881,1961,489,378,1183
729,410,1588,2034,958,1783,1712,327,791,513,799,227,171,581,1097,1933,1214,871,1480,1350,2068
730,823,44,444,2037,1933,1995,958,1214,289,861,35,1541,1993,74,456,1156,1197,31,1637,1796
731,861,444,823,1933,1995,1214,1541,35,1197,1156,1993,456,92,357,8,1796,958,1637,591,74
732,513,327,1783,799,2034,1581,7,171,410,1588,444,861,1933,1712,1214,1541,2054,823,1156,1350
733,571,1511,156,195,205,1969,934,193,794,23,798,1384,591,823,1214,262,1933,444,1541,697
734,823,958,35,444,1197,861,456,1637,1933,31,1214,1995,1993,1541,1796,357,8,74,1156,498
735,31,456,35,74,1796,357,1993,498,1197,8,1637,92,958,1640,1440,6,444,561,1699,823
736,95,1592,14,1856,1833,749,1035,1961,1275,1672,1740,1898,1529,1255,65,422,679,759,1405,221
737,444,1995,861,1933,1214,1541,823,1156,1581,958,591,561,1447,174,581,1712,1781,870,1621,1869
738,7,410,171,1933,861,444,327,799,1995,1783,513,1214,1156,2034,1541,1581,1718,174,1588,227
739,1933,444,1541,823,1197,1214,35,1796,861,1995,31,1993,498,958,1637,8,74,456,1156,92
740,1197,456,35,1993,444,823,1933,31,8,861,357,1541,74,92,1796,1995,1637,740,1214,498
741,1718,375,227,2068,791,944,1018,1750,871,903,1480,806,1684,1064,991,1214,1541,963,444,1933
742,958,44,327,2034,1783,156,7,2037,799,934,513,798,171,1581,1969,262,205,794,195,1640
743,31,456,35,74,1796,357,1993,498,1197,8,444,1637,92,861,823,1814,1261,1995,1927,1697
744,1993,1197,35,1796,456,8,1637,498,74,92,31,357,958,823,740,1933,861,1995,1214,444
745,1869,174,444,861,1933,823,1214,1995,1541,410,1156,1712,1581,1783,1588,327,958,2034,799,2054
746,1718,375,1018,1064,1684,806,1581,1133,871,677,861,1541,944,1995,1750,1156,823,1933,444,791
747,861,444,823,1933,1995,1214,1541,35,1197,1156,1993,456,92,357,8,1796,958,1637,591,74
748,1541,444,1933,861,1214,823,1995,1156,1993,35,31,92,1197,357,74,498,1796,8,456,1637
749,958,44,591,823,1933,1621,1640,444,2037,561,1581,1322,6,861,35,1214,1440,1699,1541,1995
750,1898,1219,172,1275,521,1851,1800,759,2065,422,528,1793,679,905,1035,2043,1592,729,1844,594
751,1214,1995,1541,1933,444,861,823,1718,1156,1018,375,871,1064,1684,174,1750,1869,227,791,1973
752,6,561,1440,1322,1621,1640,1699,1447,591,174,227,513,1350,1783,410,99,2034,1869,2054,799
753,444,1214,1933,1995,823,861,1541,1156,410,958,1581,1588,1197,1783,794,1993,513,591,2034,92
754,1951,444,1009,740,1779,117,823,1387,861,1933,1995,1214,35,1197,357,1156,74,1993,456,1541
755,444,823,1541,1933,1995,861,1214,35,1197,31,1156,357,1993,456,1581,74,1637,1796,92,591
756,327,410,7,2034,1588,171,513,1783,799,364,958,1581,1640,1699,6,561,289,1440,1056,1322
757,168,1856,1793,1219,364,1275,172,1183,1061,1851,128,1381,1396,1927,759,1281,1592,1725,145,262
758,444,823,1541,1933,1995,861,1214,35,1197,31,1156,357,1993,456,74,1637,1796,92,591,1447
759,727,1833,14,221,93,1396,749,852,1649,1961,763,43,1721,712,299,1725,1664,1355,1856,1851
760,513,327,1783,799,2034,1581,171,7,410,444,861,1933,1712,1214,1541,2054,823,1588,1156,1350
761,823,444,861,958,1933,1214,1541,1995,1156,44,1581,2037,289,591,1637,456,1993,31,35,1197
762,591,1447,174,1214,1869,444,823,1995,1541,861,298,871,791,944,1933,1973,1439,2068,581,1932
763,444,1933,1541,1995,861,1214,823,1156,958,1993,1197,456,1796,8,357,92,35,31,1637,498
764,794,156,1869,1511,1581,861,571,591,262,1350,1447,791,195,193,1588,410,174,1384,934,1933
765,1993,1197,35,1796,456,8,444,1637,498,74,823,92,31,357,861,1933,1995,1214,740,1156
766,1054,1355,1283,1010,1764,1751,1705,1058,1512,582,1143,1281,711,1749,1775,1381,1118,1539,1806,448
767,1995,444,1933,861,1541,1214,823,1156,1993,958,1197,92,74,31,35,8,1581,1447,357,1637
768,1692,1624,531,691,963,1869,719,1581,434,174,1796,31,1541,456,35,498,1350,444,823,1993
769,727,1281,7,364,1381,711,1118,93,1010,221,1143,1751,582,1355,1054,1705,168,1283,327,1186
770,327,2034,1783,513,7,171,799,410,1588,1581,561,174,1640,861,6,444,1621,1869,1156,581
771,1869,174,794,156,1511,571,262,195,1583,193,1384,934,1022,405,798,6,23,787,205,1440
772,2034,1783,799,327,7,513,1712,1440,171,1621,6,561,195,794,1969,410,1699,1581,823,1322
773,444,1350,1995,410,1214,1933,861,2054,1581,1541,1712,1156,823,1588,1869,174,1937,581,227,958
774,2034,168,7,1783,1588,410,327,171,513,799,798,581,1856,934,1969,1640,1447,1712,790,301
775,43,712,1958,1779,403,1186,1551,1951,138,2034,1387,171,684,117,1268,711,1948,255,1665,483
776,1640,561,1440,6,1699,1621,591,1322,1447,171,174,1869,799,2034,1697,227,364,7,1705,1581
777,1725,1856,1186,1581,168,440,613,255,1447,591,609,1697,799,483,1863,171,1665,327,763,1192
778,1933,861,823,1995,1214,1541,1156,958,444,1581,1993,456,1796,35,357,1197,1637,8,498,92
779,823,1933,444,861,1214,1995,1156,1541,958,8,1197,74,35,1993,357,1637,92,31,456,1796
780,823,958,35,444,1197,861,456,1637,1933,31,1214,1995,1993,1541,1796,357,8,74,1156,498
781,1581,823,1995,1214,1718,444,1156,1933,1064,861,1541,1197,31,35,1993,456,1018,8,92,74
782,1581,1718,1064,1018,861,1541,375,1995,1156,823,1933,444,1684,1214,1624,691,1692,806,963,227
783,861,444,823,1933,1995,1214,871,1541,791,35,1197,1156,1750,2068,1993,456,944,92,357,8
784,168,763,1649,1856,1961,1355,1283,881,1381,1705,727,1183,1281,1725,1775,749,1054,93,1219,711
785,871,791,1750,944,2068,1718,1480,375,1018,958,991,806,1064,1995,444,823,1541,1214,1197,521
786,861,1214,444,1581,823,1995,1541,1933,1018,1718,375,1064,1156,410,1973,1796,958,581,1684,791
787,958,823,444,1933,861,1995,456,1993,1581,31,35,1214,1637,1197,1796,1156,498,8,74,1541
788,2034,410,1588,327,1783,1933,513,1581,444,171,7,861,823,1156,581,1214,227,561,958,799
789,1718,375,1018,1214,1933,444,861,1995,1064,823,1541,791,1684,1156,1581,806,871,2068,1750,227
790,871,791,1750,2068,944,1581,1480,759,991,1869,1275,422,174,172,1108,679,2043,591,1973,1793
791,1869,174,1581,410,1588,1583,1022,861,787,405,444,794,1933,1511,1541,823,1214,195,1156,1995
792,823,1933,861,444,1214,1995,958,2037,1541,44,1156,35,1637,591,1581,289,1796,1197,357,456
793,1933,1541,1779,740,444,1214,861,1995,1718,1951,1387,823,117,1156,1009,375,1018,1796,1993,1064
794,7,327,1783,2034,799,513,171,1588,410,1387,1951,1581,1186,117,1779,1009,1973,1867,609,483
795,823,444,861,1541,1933,958,1995,1214,1156,2037,35,1197,44,591,1637,8,456,357,1796,1993
796,35,823,1637,456,1197,1993,861,8,958,444,1214,1933,357,1796,31,1995,74,498,1541,44
797,1214,444,1933,861,823,1541,1156,1995,1581,871,378,846,227,410,791,1652,942,1796,1276,8
798,31,1993,1796,357,8,35,456,1197,74,498,958,444,1637,1581,92,1541,823,1156,1933,861
799,444,823,1541,1933,1995,1214,861,35,1197,31,1156,357,1993,456,74,1637,1796,92,591,1447
800,1692,1624,531,691,963,719,1869,434,174,1541,1350,444,823,861,1214,1156,2054,1933,1440,1018
801,1933,861,823,1995,1214,1541,1156,444,958,35,1621,1322,591,1581,227,561,456,6,1796,1637
802,1869,174,1581,591,561,958,1621,1447,1933,1214,1322,1640,1712,581,823,861,1699,444,1583,6
803,174,1214,1995,2054,456,1796,823,861,1350,8,444,1933,498,1197,1156,1993,1511,35,156,1869
804,444,1933,1214,1995,1541,1156,823,958,1640,2054,1796,561,1097,1621,1719,861,1440,99,1322,92
805,591,1447,174,444,861,1869,1541,1214,1933,823,1581,1995,1156,561,1621,1350,2054,958,1322,1640
806,727,14,221,93,1833,1396,749,852,1355,1764,1283,1649,1054,1010,1058,582,1664,1856,1961,1512
807,823,958,1933,444,861,1214,1541,1995,1156,2037,44,1993,35,1796,1197,456,1637,498,1056,977
808,327,2034,1783,513,171,7,799,410,1588,444,823,1933,861,1581,958,1541,1995,1156,1214,2054
809,591,2034,1447,1322,410,327,1588,171,513,1581,174,1869,1640,7,799,561,227,364,1440,1699
810,410,1869,298,1588,1032,1559,174,475,1066,995,1023,1284,465,916,1046,2034,1915,1932,1581,698
811,958,1995,444,823,1541,1214,1197,1581,861,1796,8,456,1993,1156,1637,1933,35,498,2037,2054
812,168,1856,1649,93,1721,1355,852,1283,763,1381,489,1183,602,14,1281,711,881,414,1703,221
813,1721,301,1183,1058,93,1283,1512,1764,1010,1751,376,671,1705,1054,1355,1740,1289,1577,168,1111
814,327,513,7,2034,1783,171,799,410,1588,1581,1973,1350,2054,1439,958,581,1712,1937,1404,1640
815,1869,174,1581,794,861,1440,2034,23,1322,1712,156,1699,1621,1511,581,1783,327,6,823,1384
816,1995,823,444,1933,861,1214,958,1993,456,35,1541,1197,1637,1156,498,357,8,1796,92,1927
817,444,823,1541,1933,1995,861,1214,35,1197,31,1156,357,1993,456,74,1637,1796,92,8,498
818,2034,799,7,327,1640,513,1783,1588,410,561,581,1969,798,790,794,23,1350,1621,1869,1712
819,1718,227,2068,791,375,1480,871,1750,1018,944,991,806,1684,1214,1064,1276,903,990,1541,378
820,1718,375,1018,1064,1684,903,806,2068,1995,871,944,444,740,1214,963,791,1197,1480,456,691
821,871,1480,944,1750,991,791,591,2068,1447,1541,1032,888,1214,227,2059,1567,942,444,1933,2012
822,6,1322,561,591,1621,1447,1640,1440,1932,1284,1023,995,909,1699,804,174,1559,298,1869,465
823,1783,799,410,7,171,327,513,2034,1588,1581,697,1973,790,1056,1439,405,870,1583,1712,581
824,168,1856,1793,93,727,1649,1219,1108,1275,1396,881,43,1592,1961,172,759,422,905,1000,166
825,1869,1581,174,1783,1588,7,410,327,1214,2034,1933,799,465,298,916,1541,1046,1932,1621,171
826,823,861,1541,444,1214,1624,1933,1156,1581,1692,963,1783,2034,1995,327,799,719,2068,531,1350
827,958,444,1581,1197,1993,456,1796,823,35,357,861,1637,8,1541,1933,31,498,74,92,1214
828,871,791,1750,1480,944,1973,1214,2068,861,1404,991,1541,1995,444,740,823,117,1194,1522,1933
829,168,763,1649,1856,1961,93,727,1381,1183,1283,1775,749,489,1721,1219,1355,602,711,128,1725
830,444,823,861,1933,1995,1214,35,1197,357,1156,74,1993,456,1541,31,1796,1637,8,498,958
831,1692,1624,531,691,963,719,434,1541,1350,444,823,861,1214,1156,2054,1440,1933,1018,1995,357
832,958,444,1581,1993,456,1796,823,35,357,1197,861,31,1637,8,1541,498,1933,1214,1995,92
833,513,1783,327,799,2034,7,1186,171,609,440,1581,613,255,1937,930,1869,1192,483,1447,958
834,410,7,327,513,1581,1783,2034,799,861,171,1588,1933,1541,1995,444,1214,823,1056,1156,958
835,727,221,14,1833,1396,93,749,852,1649,1961,763,1764,1355,1664,1856,299,1283,1703,712,1054
836,727,14,221,1833,93,1396,749,852,1649,168,763,1961,1721,1764,712,1355,1703,43,1058,299
837,1933,1995,823,1214,444,861,1541,1156,1197,958,1993,92,1581,35,8,498,456,74,2013,357
838,1541,444,823,861,1995,1933,1214,1156,958,44,2037,289,35,1197,8,92,1581,74,1993,1637
839,591,1783,327,7,2034,1447,1322,513,799,171,174,1869,1640,561,227,364,1440,1699,1621,1581
840,410,2034,171,327,1588,1581,958,799,1783,513,156,7,1511,1933,1214,1699,591,823,1621,861
841,791,871,2068,944,1750,1480,991,227,759,1275,621,679,1108,521,1255,528,1800,2043,1851,172
842,1010,1283,1355,1054,1058,1512,1705,1751,1764,582,1775,727,1143,1281,711,1749,1806,93,749,448
843,727,221,14,1833,93,1396,749,852,1649,1703,1764,1283,1010,582,1664,168,1961,1355,738,712
844,31,1581,1796,8,1869,456,174,35,498,799,327,1993,1637,1783,357,1197,561,92,513,7
845,378,888,1488,942,1276,1770,990,846,236,2012,1652,1522,1993,456,1796,31,357,35,1197,8
846,1581,1869,791,2068,174,861,1214,1933,1541,1750,944,871,1480,1156,444,991,823,1995,1973,227
847,1214,823,444,1541,1933,1995,861,1156,1581,174,1869,410,1588,2034,1197,1993,1350,591,35,327
848,958,444,1581,1993,456,1796,1995,823,1541,1214,35,357,1197,861,1637,8,498,1933,1156,92
849,1581,823,958,44,861,1933,444,2037,1214,1541,1995,1156,410,1588,289,327,1056,1637,2034,1783
850,1806,1133,677,301,823,648,1156,1779,903,375,278,1697,2014,1938,513,1665,1186,1149,1853,1951
851,1214,791,1995,2068,444,871,1541,823,944,861,1750,1480,1156,1933,991,1869,1652,174,378,1488
852,1581,958,823,561,861,444,44,1621,591,1640,1933,1214,1322,1995,1699,1637,2037,289,1156,1541
853,727,591,1447,1322,93,221,171,174,1869,1640,799,2034,561,227,364,1186,7,1440,1833,14
854,1796,456,357,1197,44,35,958,1993,31,1637,8,498,2037,289,74,92,2034,410,1588,327
855,1869,174,794,1581,156,1511,571,410,1588,262,195,193,1384,934,405,798,6,23,861,205
856,823,444,861,958,1933,1214,1541,1995,1156,44,1581,2037,289,591,1637,1322,35,1197,1056,1621
857,823,444,861,958,1933,1214,1541,1995,1156,44,1581,2037,1796,456,357,1197,35,289,1993,31
858,1541,444,1933,861,1214,823,1995,1156,958,1993,8,1581,1197,357,92,456,591,74,35,1637
859,44,2037,289,1796,456,357,1197,35,958,1993,31,1637,823,8,498,74,861,444,92,1933
860,2034,410,1588,327,1783,1933,513,1581,444,171,7,861,823,1156,581,1214,227,561,958,799
861,174,1869,410,1214,1933,1712,1581,861,1995,444,823,327,958,1783,581,1541,1156,1588,2034,591
862,1214,1995,1541,1933,444,861,823,1718,1156,1018,375,871,1064,1684,174,1750,1869,227,791,1973
863,1583,156,405,787,195,1511,794,23,1384,1022,193,205,591,934,561,262,798,571,1447,1969
864,861,444,823,1933,1995,1214,1541,35,1197,1156,1993,456,92,357,8,1796,958,1637,591,74
865,410,1588,561,1699,2034,1440,1581,327,513,1973,1350,1322,171,799,2054,1439,6,1783,581,1712
866,727,221,14,1833,93,1396,749,852,1856,1649,299,95,1764,1961,763,1010,1725,1054,168,1283
867,168,1283,1856,1705,1355,1183,262,1961,1512,541,1381,1764,93,166,2002,1751,1649,881,763,414
868,791,944,1750,871,2068,991,1480,1018,375,1718,1064,990,378,942,1652,1276,806,521,1275,2012
869,861,444,823,1933,958,1214,1995,2037,1581,1541,44,1156,1583,156,1056,405,787,195,1511,289
870,35,823,1637,456,1197,1993,861,8,958,444,1214,1933,357,1796,31,1995,74,498,1541,44
871,1718,375,1018,1064,1684,903,806,2068,871,944,1214,963,791,1933,444,1480,691,227,861,434
872,727,14,221,93,1833,1396,749,852,1649,168,1961,763,1721,1764,1856,299,1703,712,43,1054
873,444,823,1541,1933,1995,861,1214,35,1197,31,1156,357,1993,456,74,1637,1796,92,591,1447
874,44,958,1581,823,2037,444,561,861,1621,591,1640,1933,1214,1322,1995,1156,1699,1541,1637,289
875,823,958,35,1993,444,1197,1796,456,8,861,1637,1933,31,1214,1995,498,1541,74,357,92
876,1951,1009,740,1779,117,1387,444,823,1541,1933,1995,861,1214,35,1197,31,1156,357,1993,456
877,6,1783,561,1621,1440,7,327,1322,513,1581,2034,1640,799,1699,171,410,1588,591,1869,861
878,1783,2034,6,513,1621,327,561,799,7,1440,1640,171,1699,1322,591,1581,1712,227,174,581
879,861,444,823,1718,1933,375,1018,1995,1064,1214,1541,1684,35,806,1197,1156,1993,456,92,357
880,1783,1581,1511,794,156,1447,2034,591,934,861,410,1933,798,195,823,1214,205,1384,262,193
881,168,1856,1649,670,1703,166,763,881,1440,1961,1183,432,43,93,489,1308,1281,1492,1923,546
882,1993,456,1796,31,357,35,1197,8,498,74,92,1637,958,963,1018,1718,691,823,719,434
883,1581,561,1621,958,591,1322,35,1640,44,1440,1699,1637,823,456,1993,1447,444,357,6,1197
884,35,823,1637,456,1197,1993,861,8,958,444,1214,1933,357,1796,31,1995,74,498,1541,44
885,958,1995,444,823,1541,1214,1197,1581,861,1796,8,1993,1156,1637,1933,35,498,2037,2054,456
886,1214,861,963,1541,1018,1718,444,1995,691,719,823,434,1156,1624,1933,1684,1064,375,806,531
887,1214,1541,1898,861,444,905,791,823,1933,759,2065,2043,1108,621,1219,1844,1156,422,1995,456
888,444,823,1541,1933,1995,861,1214,35,1197,31,1156,357,1993,456,74,1637,1447,1796,92,591
889,410,1933,861,444,1995,327,1214,1156,513,1783,799,2034,1541,1581,1718,174,1588,227,7,823
890,823,861,1581,444,1933,1995,1541,1214,958,410,2037,44,1156,289,1588,591,2034,327,581,1783
891,327,2034,1783,171,7,799,513,1640,1588,6,410,1581,1621,591,561,174,1440,1699,1869,1322
892,1640,1621,561,6,1440,1322,591,1699,1581,156,1447,581,1783,2034,410,794,958,1350,1511,934
893,2068,1750,791,1480,944,1621,591,227,6,991,871,1440,1276,1640,1447,561,1322,888,1214,861
894,327,1783,7,513,799,2034,591,561,1447,1640,6,1621,1581,171,1322,410,1699,1933,1440,823
895,861,444,823,1933,1995,1214,1541,35,1197,1156,1993,456,92,357,8,1796,958,1637,591,74
896,327,1783,2034,799,7,171,513,410,561,1640,1322,1621,1440,6,1699,1588,1581,1712,1973,2054
897,444,958,1214,591,2054,823,1350,410,1995,1588,861,1937,327,1933,1712,2034,513,1447,227,1541
898,7,1640,1588,561,327,1969,2034,798,410,1281,171,513,23,799,1621,6,1511,571,794,205
899,1718,375,227,2068,791,871,944,1018,1750,903,1480,1541,806,1581,1684,1214,444,1064,991,861
900,958,44,156,2037,934,798,1581,1969,262,205,794,195,1640,1511,23,561,1197,1056,1447,591
901,1995,1214,1933,861,444,958,823,1156,1541,1197,1581,1796,8,1993,1637,35,498,2037,2054,456
902,1951,1009,740,1779,117,1387,1718,1194,871,791,1973,944,2068,1750,1684,375,1064,1018,1480,991
903,727,221,14,1833,93,1396,749,1856,852,1649,299,95,1961,763,1764,1010,1725,1664,128,168
904,823,861,1581,444,1933,1214,1156,1541,1995,1621,591,958,1718,561,1064,410,2034,1783,1018,1640
905,444,1214,1541,823,861,1933,1156,1995,410,357,958,1197,1350,227,74,1993,531,1692,2054,92
906,861,444,823,1933,1995,1214,1541,1718,2068,35,375,1197,1156,871,791,1993,456,1018,92,357
907,1993,1197,35,1796,456,8,1637,498,74,92,31,357,740,1214,444,1933,1995,823,1779,958
908,727,221,14,1833,93,1396,749,852,1649,1856,1961,1725,763,1764,1703,1283,1664,168,738,1054
909,168,1961,1649,727,1856,93,364,221,763,14,1381,489,2059,1721,1032,1183,475,1932,602,1281
910,410,1588,958,823,861,1973,1404,2037,1541,444,44,1214,1581,1439,1995,1350,1937,871,2054,1056
911,871,791,2068,1480,944,1750,410,991,1581,1214,444,861,227,1933,1995,1541,823,1712,1156,1588
912,1933,444,1214,1995,1541,823,1993,861,1156,958,1581,456,357,1796,74,8,92,498,35,1197
913,410,444,958,823,861,1588,1995,1541,1214,1197,1581,1973,1933,1796,2034,8,327,1993,1156,1637
914,1783,327,2034,799,7,513,171,410,1588,1581,1933,1541,823,1995,861,1973,581,1350,1712,1156
915,1640,1621,561,6,1440,1322,1581,591,1699,1447,581,1783,2034,410,958,1350,513,327,799,227
916,727,221,14,1833,1396,93,749,852,1649,1856,1961,1725,763,1764,1054,299,1143,1664,1751,1283
917,327,1783,7,513,799,2034,1581,171,410,861,958,1588,581,1712,444,174,1933,128,1995,227
918,444,861,1581,823,1214,958,1541,1995,1796,456,74,1933,1156,357,1197,1637,591,498,8,92
919,327,1783,7,799,513,171,2034,1581,410,1588,1869,561,174,1640,1712,1541,6,1621,581,2054
920,444,1718,823,1541,227,1933,2068,1995,861,1214,791,375,1480,871,35,1750,1197,31,1018,1156
921,1869,174,697,861,410,513,327,444,581,2034,1214,1541,1447,1783,7,1933,1995,799,870,1156
922,168,1856,1381,93,1721,1355,852,1283,1649,1281,763,1961,1775,670,1703,166,14,711,881,414
923,2068,1750,791,1480,944,1621,591,227,6,991,871,1440,1276,1640,1447,561,1322,888,236,1652
924,1869,174,1581,591,561,958,1621,410,1447,1933,1214,1322,1640,1712,581,823,861,1699,444,1583
925,861,444,1933,1995,1214,1541,1156,823,1581,174,1869,410,1197,1993,1588,1447,357,92,35,1718
926,8,1993,1197,357,456,92,1541,74,1624,35,1796,691,1156,1018,1718,823,1692,498,963,719
927,871,791,2068,1480,944,1750,410,991,1581,1214,444,861,227,1933,1995,1541,823,1712,1156,1588
928,1581,1869,791,2068,174,861,1214,1933,1541,1480,1750,944,871,1018,375,1718,1156,444,991,1064
929,1783,327,2034,799,7,513,171,410,1588,1581,1933,1541,823,1995,861,727,1973,581,1350,1712
930,727,93,1833,14,221,1396,852,749,1649,1764,1010,1355,1054,1961,1703,582,1283,763,299,1058
931,1581,1933,591,861,1214,444,823,1995,1541,1447,1156,958,1869,870,1781,581,1056,174,99,1937
932,1993,1197,35,1796,456,8,1951,1009,1637,498,740,1779,74,117,92,31,357,1387,1214,444
933,823,861,1581,444,1933,1995,1541,1214,958,410,2037,44,1156,289,1588,591,581,99,1056,1447
934,958,823,1933,861,1995,444,456,1993,1581,31,35,1214,1637,1197,1796,1156,498,8,74,1541
935,513,327,1783,799,2034,1581,171,7,410,444,861,1933,1712,1214,1541,2054,823,1588,1156,1350
936,823,444,861,1541,1933,958,1995,1214,1156,2037,35,1197,44,591,1637,8,456,1581,357,1796
937,727,221,14,1833,93,1396,749,852,1649,1764,1961,763,1856,299,43,1054,168,1721,712,1283
938,861,444,1933,1995,1214,1541,1156,823,958,1197,1581,1796,8,1993,1637,35,498,1447,2037,2054
939,861,444,823,1933,1995,1214,1541,35,1197,1156,1993,456,92,357,8,1796,958,1637,591,74
940,168,1961,1856,93,727,1183,1649,1281,128,166,1703,1381,1873,670,1283,474,763,364,221,1721
941,958,44,591,823,1933,1621,1640,444,2037,561,1581,1322,6,861,35,1214,1440,1699,1541,1995
942,1581,591,1447,2034,327,7,1783,513,799,171,861,410,823,444,1588,1995,958,1933,1156,1869
943,823,1933,861,444,1214,1995,958,2037,1541,44,1156,35,1637,591,1581,289,1796,1197,357,456
944,444,861,823,1995,1933,1214,1156,958,1541,1197,35,1993,1796,456,92,1637,8,357,498,74
945,1214,1898,1219,172,1275,521,1851,1541,1800,759,2065,422,861,528,1793,679,905,1035,2043,1592
946,168,1961,1649,1856,93,763,727,1927,145,1183,1396,489,1770,2002,711,221,525,881,1522,99
947,958,1995,444,823,1541,1214,1197,1581,861,1796,8,1993,1156,1637,1933,35,498,2037,2054,456
948,1993,1197,35,1796,456,8,1637,498,74,92,31,357,740,1214,444,1933,1995,823,1779,958
949,1581,823,958,44,861,1933,444,2037,1214,1541,1995,1156,410,1588,289,327,1056,1637,2034,1783
950,168,1281,7,364,1381,711,1118,1010,1143,1751,582,1355,1054,1705,1283,327,1775,1764,1058,1749
951,1783,2034,6,513,1621,327,561,799,7,1440,1640,171,1699,1322,958,591,1581,1712,44,227
952,327,1750,7,2034,1783,871,799,791,1480,171,2068,513,591,1581,410,944,991,1652,444,378
953,958,823,444,861,1933,44,1995,1214,1621,1581,561,1322,591,1541,1156,1640,2037,289,1637,6
954,174,861,410,1869,513,327,444,2034,1214,1541,1447,1783,7,1933,1995,799,1156,1712,823,227
955,958,823,1933,861,1995,444,456,1993,31,35,1214,1637,1197,1796,1156,498,8,1581,74,1541
956,444,1933,1581,823,958,861,1214,1995,1156,1541,1197,1796,8,1993,799,1637,513,327,35,7
957,791,871,2068,1750,944,1480,991,759,958,444,1581,227,1993,456,1796,823,35,357,1197,521
958,1796,456,357,1197,44,35,958,1993,31,1637,444,1581,8,498,2037,289,74,92,823,861
959,1214,823,444,1995,1993,1156,1933,1541,1197,74,861,31,8,498,92,357,456,958,35,1637
960,561,6,1640,1440,2034,1621,1699,1783,513,410,171,1322,327,1588,799,116,1581,7,1308,1870
961,1783,799,7,171,327,513,2034,174,958,1588,561,1640,410,2054,1869,6,1621,1440,1581,1699
962,410,327,2034,1783,513,958,799,1588,1933,1541,7,1214,1581,171,823,861,1995,1156,444,1712
963,410,1214,1588,861,174,1933,1869,823,444,1581,1712,958,2034,1995,1156,1541,591,1783,581,1621
964,823,861,1581,444,1933,1214,1156,1541,1995,1621,591,958,561,410,2034,1783,1640,1322,1440,1699
965,410,1588,327,2034,513,1783,7,799,440,1186,171,1869,711,1581,1381,483,609,1705,1118,1712
966,1718,375,1018,1064,1684,806,903,871,227,2068,791,944,1750,1133,1480,963,677,422,691,521
967,561,1581,1621,1322,1440,1640,1699,6,916,995,410,298,958,1023,1144,1915,698,1932,804,1046
968,1725,1856,1796,1197,357,35,456,498,1993,31,74,289,92,1637,8,561,1022,1581,1322,1853
969,327,2034,7,171,799,513,1783,1581,1588,410,958,609,1186,1699,1640,1322,1056,697,1712,1440
970,410,1588,444,823,1933,861,1581,958,1541,1995,1156,1214,513,2034,7,327,591,2054,2037,799
971,410,1588,591,1621,1796,561,861,444,2034,823,958,1214,456,6,1322,1995,1447,1712,1933,1783
972,740,1779,1387,117,1951,1009,1197,35,1993,444,823,1933,31,8,861,456,357,1541,74,92
973,1214,791,1995,871,2068,444,1447,591,944,1750,1541,823,861,1480,1156,991,1933,1581,1652,378
974,871,1581,791,1214,410,1750,861,2068,1480,227,823,444,1933,1541,991,944,1995,1156,591,1447
975,1779,740,1951,1387,117,1009,963,1718,1018,691,1194,719,434,1624,871,791,1684,1973,1064,375
976,561,1581,1621,1322,1440,1640,1699,6,916,995,410,298,958,1023,1144,1915,698,1932,2034,804
977,1197,1581,357,1796,444,92,35,823,861,498,456,1993,561,74,8,1541,327,1322,1783,289
978,1581,2034,1783,799,327,7,513,861,171,1712,444,823,410,1541,1933,561,1156,1588,591,195
979,1779,740,1951,1387,117,1009,1214,861,1541,1933,444,1156,1995,823,1718,1194,871,791,1973,944
980,378,888,1488,942,1276,1770,990,846,236,2012,1652,1522,2068,1750,791,1480,944,1621,591,227
981,301,1721,1183,1058,1283,1512,1111,6,1577,93,1740,376,1764,1751,1621,1705,1054,1355,712,1322
982,1447,1541,823,1640,591,1214,958,444,861,1933,1995,1440,6,1621,581,1699,1581,1156,1322,1439
983,1933,861,823,1995,1214,1541,1156,444,958,35,1621,1322,591,1581,227,561,456,6,1796,1637
984,444,1933,1541,1995,861,1214,823,1156,958,35,1993,1197,74,456,1796,31,8,1637,357,92
985,823,958,35,444,1197,861,456,1637,1933,31,1214,1995,1993,1541,1796,357,8,74,1156,498
986,727,221,14,1833,93,1396,749,852,1703,1961,1649,1283,1764,1664,168,738,1058,763,1010,1856
987,727,14,221,93,1833,1396,749,852,1649,168,1961,1703,763,1721,1283,1764,1664,738,1058,1010
988,1581,1933,1214,1718,1541,444,1064,1995,823,861,1018,1156,375,1684,1624,691,1692,806,963,227
989,1869,410,174,1588,1581,1583,1022,787,405,1933,794,1511,1214,195,823,861,581,1541,444,156
990,444,823,1541,1933,1995,289,861,1214,35,44,1197,31,1156,958,2037,357,1993,456,74,1637
991,31,456,35,74,1796,357,1993,498,1197,8,1637,92,958,561,1933,861,1621,1995,444,823
992,1869,174,444,1581,591,823,561,1541,1933,958,1621,1995,861,1214,1447,35,1322,1640,1197,31
993,1447,591,1581,2068,944,791,871,1869,1750,1214,991,174,1933,861,1480,444,1350,1156,1541,298
994,1993,1197,35,1796,456,8,1637,498,74,92,31,357,740,1214,444,1933,1995,823,1779,958
995,727,14,221,93,1833,749,1396,852,1649,168,1961,763,1721,1764,1054,1703,1355,1010,712,43
996,236,1770,1276,888,378,2012,990,1488,1652,942,1522,846,791,1718,871,1750,2068,1018,806,944
997,1933,1214,444,823,1995,1197,861,1156,1993,35,1541,456,31,8,357,74,92,1637,740,498
998,1186,1581,168,440,613,2034,799,7,255,1447,327,591,513,1783,410,581,609,1697,483,1863
999,861,1995,823,1018,444,1541,1156,1214,1933,375,1718,1692,1624,691,531,963,434,1064,1993,719
