0,221,1833,727,14,93,1396,749,852,95,1923,1721,1010,1649,128,546,712,881,1192,819,1775
1,1933,861,1156,1541,1995,1214,444,823,35,1637,31,8,456,1796,357,498,1197,958,1993,74
2,35,8,357,1796,456,31,92,74,1637,1993,1197,498,1009,117,1387,740,1951,1779,958,861
3,1058,1010,1355,1054,1512,1751,1764,1283,582,1705,1149,1806,448,414,819,670,1143,1396,1725,1118
4,168,364,738,1883,117,1387,1958,1954,1703,1476,1779,1289,1664,1913,95,1461,403,1910,1585,609
5,1156,1995,1933,1541,861,1214,1064,444,823,35,375,31,944,1796,1718,1018,806,456,8,357
6,301,1721,1183,95,1405,1800,521,1108,679,1534,2065,729,1664,403,14,1923,912,528,727,881
7,1833,727,14,221,93,1396,749,852,1923,95,1010,128,881,1775,1749,1764,43,1649,1721,712
8,14,727,1833,221,1396,93,852,749,95,1923,1010,128,1721,1775,881,43,1192,1764,1749,1703
9,35,8,1637,31,456,1796,1993,357,74,92,498,1197,958,1156,1933,1995,861,1541,1214,823
10,1387,117,740,1779,1009,1951,8,35,92,456,357,1796,31,1993,74,1197,1637,498,958,289
11,1058,1010,1355,1512,1054,1764,1751,1283,582,1705,1149,1806,448,414,1143,1725,1749,1118,711,1396
12,1833,14,221,727,93,1396,852,749,128,1010,1923,95,1764,1775,1749,881,819,43,1539,1721
13,117,35,1009,8,1387,740,357,1951,1779,31,1796,92,456,74,1993,1637,1197,498,958,861
14,301,1721,1183,727,95,14,1923,1534,1800,299,2065,403,1833,2025,440,93,729,521,1143,1396
15,14,1833,727,221,93,1396,852,749,95,1010,1923,881,1764,128,1512,1775,1749,546,1355,1054
16,861,1933,1541,1995,1156,1214,444,823,35,958,1637,31,1796,456,357,498,8,1197,591,92
17,35,8,1796,31,456,357,1637,74,92,1993,1197,498,958,1156,1541,861,1933,1214,1995,2037
18,8,35,1796,31,74,456,357,1637,1993,92,1197,498,958,1156,861,1541,1995,1933,1214,823
19,1064,1018,375,1718,1684,806,944,1133,871,1480,1750,791,677,991,1156,2068,1995,861,35,1933
20,301,1721,1183,95,727,14,1405,1800,1534,1833,403,299,521,1512,1923,1283,881,440,712,1108
21,301,1721,1183,95,727,14,1923,1534,1833,440,1143,221,609,299,1396,1800,712,93,2025,1289
22,1833,727,221,14,93,1396,852,749,1923,95,1721,128,1010,881,1775,1749,1649,763,1539,43
23,14,1833,727,221,93,1396,852,749,95,1010,1923,881,128,1721,1749,1512,1764,1775,1539,1355
24,727,14,1833,221,93,1396,852,749,95,1923,128,1010,881,1721,1775,1749,1764,43,1192,1649
25,727,14,1833,221,93,1396,749,852,1923,95,1010,128,1721,1775,1764,1703,1749,1649,881,1961
26,35,8,1637,1796,31,456,1993,357,74,92,1197,498,958,1541,1156,289,1933,861,2037,1995
27,14,1833,727,221,1396,93,852,749,95,1010,1923,881,128,1749,1775,1539,1764,1512,43,1355
28,35,8,456,1796,31,1993,1637,74,357,92,1197,498,958,2037,1156,1933,861,1541,1995,1214
29,117,1779,1387,1951,1009,740,35,8,357,1796,92,31,456,1993,74,1197,1637,498,958,861
30,14,1833,727,221,93,1396,852,749,95,881,1923,128,1010,1775,1749,43,1721,712,1764,1539
31,1833,221,14,727,93,1396,749,852,1923,95,128,1775,1010,1749,881,1539,1721,43,1764,763
32,35,456,8,1796,74,31,1637,357,1993,92,1197,498,958,1156,1933,861,1995,1541,1214,823
33,1058,1355,1010,1054,1751,1512,1764,1283,582,1705,1149,1806,448,1143,414,1749,1118,711,1775,128
34,1833,14,727,221,93,1396,852,749,95,1923,128,1775,881,1010,1721,1749,1649,1539,1764,43
35,1058,1355,1010,1512,1054,1751,1764,1283,1705,582,1149,1806,448,414,1143,1749,711,1118,819,1725
36,1933,861,1995,1541,1156,1214,444,823,35,1637,31,1796,498,456,958,357,591,1197,8,74
37,1833,14,221,727,93,1396,749,852,1923,95,1010,1775,128,1749,881,1721,546,1539,1764,43
38,301,1721,1183,95,727,14,1923,881,1833,712,403,299,1405,1534,1800,221,93,440,43,109
39,35,8,1637,31,1796,1993,456,357,74,92,1197,498,958,1156,1933,1541,861,2037,1995,289
40,1058,1010,1355,1054,1512,1751,1764,1283,582,1705,1149,1806,448,1143,414,1749,711,1118,1725,819
41,168,364,1958,403,1883,1779,117,1461,1476,1910,1330,1289,1703,1387,1913,95,616,738,1009,609
42,35,1637,1796,8,958,1933,456,74,1541,357,2037,31,1156,92,1197,1993,444,823,498,1214
43,301,1721,1183,95,14,727,1405,1800,1923,1534,712,881,609,1387,1108,43,679,912,729,1971
44,168,364,1958,403,738,1779,117,1664,1387,43,1355,1703,1910,609,1913,95,1725,1954,1751,1461
45,35,1796,1637,31,357,456,8,74,861,1993,92,498,958,1156,1933,1541,1197,1995,1214,444
46,168,1779,1387,364,117,1461,1910,1883,1009,1355,1751,738,43,616,1703,1958,1476,1330,1951,609
47,1010,1058,1355,1054,1512,1751,1764,1283,1705,582,1149,1806,448,414,1143,819,1749,1118,711,670
48,301,1721,1183,95,727,1800,299,1534,14,403,1101,440,1833,1108,1405,2065,278,521,1923,729
49,35,1637,8,1796,31,456,74,357,1993,92,1197,498,958,1156,1541,1933,1995,861,1214,823
50,1058,1010,1355,1054,1512,1751,1764,1283,582,1705,1149,1806,448,414,1143,1749,1725,711,1118,819
51,1833,14,221,727,93,1396,749,852,1010,1923,95,1764,1775,128,546,1749,1512,819,1539,881
52,117,1387,1009,740,1951,1779,35,8,357,456,1796,92,31,1993,74,1197,1637,498,958,861
53,14,1833,727,221,1396,93,852,749,1010,1923,95,881,1764,128,1775,1749,1512,1539,1355,1054
54,168,364,1958,1779,1461,738,1883,1387,1910,117,403,1664,1725,1476,1499,1330,1355,1751,1954,414
55,14,727,1833,221,1396,93,749,852,1923,95,128,1721,819,1010,1775,881,1873,1703,1749,1534
56,35,8,31,1796,456,357,1637,74,1993,92,1197,498,958,1156,1541,1933,1995,861,823,1214
57,727,1833,14,221,93,1396,852,749,95,1923,1010,128,881,1721,1749,1775,1764,1650,43,1539
58,168,364,738,1958,1355,117,43,609,403,1779,1751,1387,1703,95,1883,1010,1461,448,414,1289
59,1064,1018,375,1718,806,1684,1133,944,871,35,1156,31,1995,1796,677,8,861,1637,1933,456
60,301,1721,1183,95,727,14,1534,1833,1923,1664,1512,1764,1405,1283,1101,2025,712,221,1800,738
61,168,364,1461,1703,1289,43,609,1883,738,1476,1958,1954,1910,852,1775,414,1913,1381,1192,1330
62,168,364,1958,403,1883,1910,1476,738,609,1355,95,616,1954,711,1751,43,1703,1330,1461,1381
63,14,727,1833,221,93,1396,749,852,1010,95,1923,128,1764,1512,1775,881,1749,1283,1355,1721
64,1833,14,221,727,93,1396,749,852,1923,95,128,1010,1775,1721,819,1649,1749,546,881,948
65,168,364,609,1461,738,1913,852,1883,1585,1703,1289,616,1476,1958,1910,1954,43,440,403,95
66,168,364,1387,117,1958,609,738,403,95,1289,1779,1476,1883,1585,1664,1461,1211,43,616,1703
67,1064,375,1995,1156,1018,861,1718,806,1684,944,1214,1933,1541,35,871,823,31,444,1796,1133
68,168,364,1958,403,738,1461,1289,1703,43,117,1476,1387,1883,1779,1775,128,609,1211,448,1913
69,727,14,1833,221,93,1396,852,749,95,1923,1721,1010,128,881,1775,1749,1649,1539,712,43
70,301,1721,1183,95,1800,14,2065,299,729,1405,727,1108,679,440,521,1534,881,122,1793,1833
71,301,1721,1183,727,95,14,1923,1833,93,221,881,1534,712,440,609,1396,299,43,1143,1539
72,1833,14,727,221,93,1396,852,749,95,1010,1923,128,881,1764,1749,1775,712,1539,43,1512
73,1833,221,727,14,93,1396,749,852,1923,128,95,1775,1010,1749,881,1721,1764,43,1539,1281
74,861,1541,1933,1995,1156,1214,823,35,444,1637,31,1796,357,8,498,456,74,1197,958,1993
75,35,1637,1796,456,31,498,357,8,1541,1156,1933,74,958,1197,1995,1214,1993,823,861,92
76,861,1933,1541,1995,1156,1214,444,823,35,1637,31,1796,456,8,357,498,958,74,1197,92
77,1933,861,1541,1156,1995,444,1214,823,35,1796,1637,357,31,8,456,498,1197,74,958,1993
78,727,14,1833,221,93,1396,852,749,95,1923,128,1721,1010,881,1764,1703,1775,1749,546,819
79,740,1387,117,1779,1951,1009,35,8,357,92,31,456,1796,74,1993,1197,1637,498,958,861
80,301,1721,1183,95,14,1800,1405,727,881,299,403,1108,712,1923,1534,1833,440,729,521,679
81,221,1833,14,727,93,1396,852,749,1010,1923,95,128,1775,881,1764,1749,1192,43,712,1721
82,1833,14,221,727,93,1396,749,852,95,1923,1721,128,1010,881,1775,1649,1749,1764,43,546
83,1541,1933,861,1156,1995,1214,444,823,35,1637,357,1796,8,456,1197,31,498,958,74,1993
84,14,1833,221,727,1396,93,749,852,95,1923,1010,128,1775,1749,881,1539,1192,43,712,1649
85,861,1933,1995,1541,1156,444,1214,823,591,35,958,31,1637,498,1796,1197,1447,456,8,357
86,727,1833,221,14,93,1396,749,852,95,1923,128,1721,1649,881,1775,1749,763,1961,1010,43
87,117,1779,1951,1387,1009,740,35,357,8,92,1993,1796,456,74,31,1197,1637,498,1439,1581
88,727,221,1833,14,93,1396,852,749,1923,1010,95,128,1721,1749,1764,1775,881,1539,43,1192
89,1833,727,14,221,93,1396,852,749,1923,1010,95,1775,1749,128,43,881,1764,1539,712,1512
90,301,1721,1183,95,299,727,14,1512,1534,738,1800,1405,1283,1923,521,440,2065,712,2025,679
91,14,1833,727,221,93,1396,852,749,95,1923,1192,43,1010,128,1775,881,712,1749,609,1649
92,1058,1010,1355,1054,1751,1512,1764,1283,582,1705,1149,1806,448,414,1143,819,1118,670,1725,1396
93,14,727,1833,221,93,1396,852,749,95,1923,1010,1721,128,1192,881,1764,1749,609,1775,1512
94,168,364,609,738,403,1958,483,1192,440,43,1664,1461,1703,255,1186,613,1883,1865,1913,1476
95,1064,1156,861,1995,375,1933,1214,35,944,1018,1541,871,1133,1796,1718,31,1684,806,823,444
96,727,1833,14,221,93,1396,852,749,1923,95,128,1721,1010,881,1775,1749,1649,1539,763,546
97,117,1387,1009,1951,1779,740,35,357,8,1796,92,456,31,1197,74,1993,1637,498,861,958
98,168,364,1910,1289,1883,1958,1703,1461,609,1476,1779,616,1913,1381,1387,117,403,95,738,671
99,727,221,1833,14,93,1396,852,749,1010,128,1923,95,1764,1775,1749,1703,1721,881,43,819
100,221,1833,14,727,93,1396,852,749,1010,1923,95,1775,881,128,1764,1749,43,1539,712,1512
101,301,1721,1183,95,1800,727,729,1534,521,2065,1108,1405,679,299,14,738,1664,403,1512,528
102,168,364,1779,117,1461,1387,1703,1381,1910,1883,1775,1751,1355,1585,1954,1725,1143,738,414,1958
103,221,1833,727,14,93,1396,852,749,128,1010,1923,95,1721,1749,881,1775,1764,712,1539,43
104,1833,14,727,221,93,1396,852,749,95,1923,1192,881,128,1010,1721,609,1649,1775,43,1749
105,8,35,456,1796,1637,357,31,1993,74,92,1197,498,958,1156,1541,2037,1933,861,1995,289
106,1058,1010,1355,1054,1512,1751,1764,1283,582,1705,1149,1806,448,1143,414,1749,711,1118,1725,819
107,168,364,1958,403,609,738,1703,1910,1883,1461,43,440,1664,1289,807,1476,1330,1186,613,616
108,301,1721,1183,95,1800,1405,14,2065,727,1534,679,1108,521,1664,738,729,1923,1512,528,299
109,35,1637,1796,8,31,456,357,74,1993,92,498,1197,1156,958,1541,1995,1933,861,1214,823
110,35,31,8,1796,1637,456,357,74,1993,1197,92,498,958,1156,1541,1933,1995,861,1214,444
111,14,727,1833,221,1396,93,852,749,95,1010,1923,128,1775,1749,881,1764,1721,1539,1512,1355
112,14,727,221,1833,93,1396,852,749,1923,95,1721,1010,128,1192,712,43,1775,609,881,1649
113,861,1933,1156,1541,1995,1214,444,823,35,31,1796,1637,357,456,8,498,591,1197,74,92
114,1064,375,1018,1718,1684,806,1133,944,1995,871,1156,861,35,1933,31,1214,1541,591,677,8
115,1064,1018,375,1718,1133,806,871,1684,944,861,1156,1995,35,1750,1480,1796,1933,1214,31,791
116,35,1637,1796,8,31,357,456,74,1993,92,1197,498,958,1541,1156,861,1995,1933,1214,823
117,35,1637,1796,1541,1156,1214,498,861,1995,456,31,357,1933,823,8,958,74,92,1197,1993
118,1833,14,727,221,93,1396,749,852,95,1923,1010,128,1749,881,1721,1775,1764,1192,1539,1512
119,1541,1933,861,1995,1156,444,1214,823,35,1637,1796,591,31,8,958,456,498,357,1197,1581
120,727,14,1833,221,93,1396,749,852,95,1923,1010,128,1721,819,1649,1192,881,1775,948,546
121,1058,1355,1010,1054,1512,1751,1764,1283,582,1705,1149,1806,448,1143,414,1725,1118,1749,819,711
122,35,1637,1796,8,456,31,357,74,1993,92,498,1197,958,1541,1156,1933,861,1995,823,1214
123,1541,1933,861,1995,1156,823,1214,444,35,1637,958,31,1796,8,456,357,74,92,498,1197
124,1064,375,1018,1718,1133,944,1684,806,871,1156,861,1995,1933,35,1214,1541,31,591,1796,8
125,168,117,1958,1779,364,1387,1883,403,1910,738,1009,609,1461,1476,95,1585,1664,616,1951,1289
126,35,8,1796,1637,456,31,74,357,92,1993,1197,498,958,1156,1541,1933,861,1995,823,1214
127,1064,1018,375,1718,806,1684,944,871,1133,1480,1750,677,791,1995,991,2068,1156,861,1933,35
128,1833,727,221,14,93,1396,852,749,1923,95,1010,128,1721,881,1749,43,1775,1764,546,1649
129,117,1387,1779,1009,1951,740,35,8,357,456,1796,31,1993,92,74,1197,1637,498,958,861
130,944,871,791,991,2068,1480,1750,1156,861,1995,1933,1541,1214,823,444,236,591,1064,1652,227
131,35,958,1637,8,357,456,1796,31,289,74,1993,2037,1933,92,498,1197,1541,861,1995,1156
132,1833,727,221,14,93,1396,852,749,1010,1923,95,1764,128,1512,1355,1749,1775,1721,881,1283
133,327,799,7,2034,171,513,1783,1588,410,1097,958,1621,1699,2037,6,1640,581,1581,99,1719
134,1833,221,14,727,93,1396,852,749,1923,1010,128,95,1775,881,1749,43,712,1721,1539,1703
135,117,1387,1951,1009,1779,740,8,35,357,92,1796,456,31,74,1993,1197,1637,498,958,861
136,301,1721,1183,95,1800,729,1108,1405,2065,521,679,299,14,881,1534,727,2043,122,403,1793
137,1833,14,727,221,93,1396,852,749,1010,1923,128,95,1764,1775,1749,881,43,1721,1283,1539
138,35,8,31,456,1796,74,1637,357,1993,92,1197,498,958,1156,861,1933,1541,1995,1214,823
139,35,8,117,1387,1009,740,357,92,456,31,1779,1796,1951,74,1637,1993,1197,498,958,861
140,1833,727,14,221,93,1396,852,749,95,1010,1923,1764,1749,881,1775,128,1512,1721,1539,43
141,168,364,1958,609,1910,403,1883,1461,1703,95,1476,1330,738,1499,1751,616,1664,1913,1192,1381
142,35,8,1637,1796,31,456,357,74,92,1993,1197,498,1156,861,1541,1933,1995,1214,958,823
143,168,364,738,1883,43,609,1387,117,1476,1703,1775,1725,1751,1958,1461,1355,1913,1779,616,95
144,301,1721,1183,95,727,14,738,1534,1923,1512,1664,299,712,1405,609,1289,1387,1833,1101,43
145,168,364,1958,1779,95,738,403,1883,117,609,1387,1330,1499,43,1476,1289,616,1703,1664,1009
146,727,1833,14,221,93,1396,852,749,1923,128,95,1010,1775,1749,881,1764,1539,819,1703,546
147,1058,1010,1355,1054,1751,1512,1764,1283,582,1705,1149,1806,448,414,1143,1725,1749,1118,711,819
148,35,1637,1796,31,456,357,8,74,1197,498,1993,92,1156,1541,958,1933,1995,1214,861,444
149,1064,375,1995,1018,1156,1718,1684,1214,861,1541,944,871,1933,806,444,823,35,1133,1796,31
150,117,1779,1009,1387,740,1951,35,357,8,456,74,1796,31,1993,92,1197,1637,498,958,861
151,35,8,1796,456,1637,31,357,92,74,1993,1197,498,958,1156,1541,2037,861,1933,289,823
152,168,364,1958,609,403,95,738,1387,1476,1289,1954,1585,1913,117,616,1461,1664,1775,1910,1143
153,35,1637,8,456,1796,31,357,74,1993,92,1197,498,958,1156,1933,1541,861,1995,1214,823
154,1833,14,221,727,93,1396,749,852,1923,1010,95,128,1775,1749,881,1764,1539,1721,1649,43
155,301,1721,1183,95,727,14,1534,1800,2025,1405,2065,1833,440,299,521,729,278,679,1923,403
156,1933,1541,861,35,1156,444,1214,1995,823,1637,1796,31,8,456,74,357,498,1197,92,1993
157,35,1637,357,31,1796,1197,456,74,498,8,1993,92,958,1156,1995,1933,1541,861,1214,444
158,1064,1018,375,1718,1684,806,1133,871,944,677,35,1796,31,1156,1995,861,691,1750,8,1637
159,1058,1010,1355,1054,1512,1751,1764,1283,582,1705,1149,1806,1143,448,414,1725,1118,1749,711,819
160,168,364,1883,1476,1913,616,609,1958,1330,1461,1499,1910,1779,448,403,1703,95,1954,1387,711
161,35,1933,1156,1541,1637,1214,823,1995,861,1796,444,456,498,958,31,8,357,74,1197,92
162,221,727,1833,14,93,1396,749,852,1923,1721,95,1010,128,819,546,1703,1775,1749,912,948
163,1058,1355,1010,1512,1054,1751,1764,1283,582,1705,1149,448,414,1806,1143,1749,711,1118,1725,1396
164,35,8,31,357,456,1796,1993,1637,74,92,1197,498,958,1156,861,1933,1995,1214,1541,2037
165,1833,14,221,727,93,1396,852,749,1010,1923,95,881,1775,1749,43,1764,128,1539,712,1721
166,1833,14,221,727,93,1396,749,852,1923,95,128,1010,1775,819,881,1749,1703,546,1721,1649
167,861,1933,1995,1214,1156,1541,823,444,35,1637,1796,31,357,456,498,958,8,1993,1197,74
168,168,364,1958,1779,403,1913,117,738,1703,1387,1883,609,1910,1330,1664,1476,95,1009,1751,1499
169,1833,14,727,221,93,1396,749,852,95,1923,1010,881,128,1775,1764,1721,1649,1749,43,1192
170,1933,861,1541,1995,1156,444,1214,35,823,1796,1637,357,8,31,456,958,1197,498,1993,74
171,168,364,609,1958,403,1476,43,738,1883,1913,1954,1751,616,95,1330,448,1355,1461,1703,1775
172,35,456,8,1993,1796,1637,31,357,74,1197,92,498,958,1156,1933,1541,861,1214,1995,444
173,1058,1010,1355,1512,1054,1751,1764,1283,582,1705,1149,1806,448,414,1143,1725,1749,711,1118,819
174,35,1637,8,31,1796,456,357,1993,74,92,1197,498,958,1156,1933,2037,1541,1995,861,1214
175,1833,221,727,14,93,1396,852,749,1923,95,1010,128,43,1775,1721,881,1749,712,1764,1649
176,35,1637,1796,31,8,456,357,74,1993,1197,92,498,1541,1156,1933,958,1995,444,861,823
177,1064,375,1018,1133,1718,806,1684,35,944,31,8,1637,871,1796,1156,456,1995,1993,357,74
178,35,1637,1796,456,31,8,357,1993,1197,74,498,92,1541,1156,1933,958,1995,861,444,1214
179,35,8,357,1796,456,31,74,92,1993,1637,1197,117,1009,498,1387,740,1779,1951,958,1156
180,117,1779,740,1009,1387,35,1951,8,456,357,1796,74,31,92,1993,1197,1637,498,958,1156
181,1995,1933,861,1156,1541,1214,823,444,958,591,35,1637,1796,31,2037,1581,44,498,456,357
182,168,364,1910,1958,1883,403,616,1476,738,1703,1779,1289,1330,1461,95,38,1664,1499,609,117
183,1064,375,1018,871,944,1718,1684,806,1156,1995,1933,861,1133,1214,1541,1480,791,444,1750,2068
184,301,1721,1183,95,14,1800,299,727,1405,1534,1108,1923,881,712,729,2065,738,403,109,1664
185,1933,861,1995,1156,1541,444,1214,823,35,1796,1637,31,456,958,8,357,498,591,1581,1197
186,1058,1010,1355,1054,1512,1751,1764,1283,582,1705,1149,1806,448,1143,1725,414,1749,1118,711,819
187,117,8,35,1009,1387,357,740,1779,456,1796,92,1951,74,31,1993,1197,1637,498,958,861
188,1833,14,727,221,93,1396,852,749,95,1923,1010,128,881,1749,1775,43,1764,546,819,1539
189,35,456,1637,1796,8,357,1993,31,74,92,1197,498,958,1156,1541,1933,861,1995,1214,823
190,168,364,1910,1883,1779,616,1703,1461,1476,1330,1499,1289,1241,1725,1958,738,1387,403,1954,582
191,1833,14,221,727,93,1396,852,749,1010,1923,95,1749,128,1775,1764,881,1539,1512,1355,1281
192,168,364,1958,1913,403,609,1910,1883,616,1476,1703,1954,1461,95,1330,1499,738,1865,1876,483
193,221,1833,14,727,93,1396,749,852,1923,95,1010,128,819,1775,1192,1721,1649,546,1749,1703
194,221,727,1833,14,93,1396,852,749,1923,95,1721,1010,128,1749,881,1775,1764,1539,43,403
195,8,35,357,117,1796,31,74,92,1993,456,1637,1009,1951,1779,1387,1197,740,498,958,1156
196,35,456,8,1637,1796,31,357,1993,74,1197,92,498,958,1156,2037,1933,1541,1995,823,861
197,14,727,1833,221,93,1396,852,749,95,1923,881,1010,128,1721,1764,1775,1749,43,712,1703
198,301,1721,1183,95,727,14,1833,440,1387,299,1534,1800,221,1923,1101,712,1143,609,1405,646
199,35,8,31,1637,1796,456,74,357,1993,92,1197,498,958,1156,1541,1933,861,1995,1214,823
200,168,364,609,1910,403,738,1192,1330,1958,483,440,1865,1883,1476,95,1703,1461,1355,616,1751
201,35,1637,8,456,1796,31,74,357,1993,1197,92,498,958,1156,1933,1541,2037,1995,1214,444
202,168,364,1355,1751,738,1010,43,582,1330,1775,448,414,1725,1476,1461,1058,1883,1954,1387,95
203,8,117,35,1796,456,357,31,92,1009,1993,1387,74,1637,1197,1951,740,1779,498,958,861
204,301,1721,1183,95,727,14,1512,1664,1534,738,1764,1833,1923,1283,1010,1800,1405,1355,2025,712
205,35,8,1796,31,1637,357,456,92,74,1993,1197,498,1156,1541,958,861,1995,1933,1214,444
206,168,364,1381,1958,1775,117,1476,1779,1883,1461,1387,403,1289,711,1913,852,1143,1703,1281,738
207,301,1721,1183,95,727,14,1923,1534,712,221,609,1289,1833,881,43,93,1396,299,738,440
208,168,364,1913,738,1461,1883,1779,403,1387,1703,1775,1958,1910,1143,1954,1476,117,1664,1751,616
209,168,364,1461,117,1387,1725,1779,582,1751,1476,1381,1355,1883,1585,95,1143,1289,1010,1958,1009
210,35,1637,8,1796,456,31,357,74,1993,1197,92,498,958,1541,1156,1933,1995,861,1214,823
211,168,738,117,1387,1779,364,1461,43,1664,1958,1751,1355,1703,1009,1585,403,414,1010,448,1725
212,301,1721,1183,95,727,1405,1534,1923,14,1512,1800,738,1764,1664,521,1387,679,1283,299,1108
213,301,1721,1183,727,95,14,1923,1833,221,1143,712,299,881,440,609,738,1534,93,1396,1512
214,1833,727,221,14,93,1396,852,749,1923,1010,95,128,1721,1749,881,1764,1775,546,1539,819
215,168,364,609,1883,1476,403,1958,1461,616,483,1330,440,1499,738,1289,613,1192,1817,561,1910
216,168,364,738,403,1958,1664,1461,1703,1883,1289,1751,1775,1910,1725,1585,1211,43,38,1476,117
217,168,364,1585,1910,1476,1913,1954,1883,1289,1958,1461,1703,616,738,1381,95,1775,1143,1499,711
218,1064,1018,375,1718,1684,806,1133,871,944,1156,1995,861,1933,1214,35,1541,31,1796,444,677
219,301,1721,1183,95,1405,1800,521,1108,679,1534,2065,14,729,403,881,727,299,1923,912,1664
220,35,31,8,1796,357,1637,456,74,92,1993,1197,498,1156,1541,861,1933,1995,958,1214,444
221,117,1779,1387,740,1009,1951,35,8,456,92,357,1796,1993,74,31,1197,1637,498,958,44
222,14,1833,727,221,93,1396,852,749,1010,128,1923,1764,95,1775,1749,881,1355,1512,43,1703
223,35,1933,958,1637,1541,1995,289,1156,861,444,1214,8,31,1796,823,357,456,74,2037,1993
224,168,364,1958,738,403,1883,1725,1664,609,1913,1387,1461,1779,117,1703,1476,1865,43,95,616
225,1156,1933,1995,1541,861,444,1214,823,35,1637,31,1796,8,456,74,498,357,1197,1993,958
226,168,364,1958,117,1883,1289,1751,1461,403,1476,738,43,1330,1387,1779,1703,616,1355,95,1009
227,1064,375,1018,35,806,1684,31,1718,8,1133,1796,1637,1993,456,74,357,92,498,1197,1156
228,35,1637,8,1796,31,456,74,357,1993,92,1197,498,1541,1156,958,1933,1995,861,1214,823
229,1833,14,727,221,93,1396,749,852,95,1923,1010,128,881,1775,1721,1749,1703,1764,546,1192
230,1933,861,1995,1541,1156,1214,823,444,35,1637,1796,456,31,8,357,1197,498,1993,958,74
231,168,364,1910,1883,1779,1958,1476,616,738,609,1664,1499,403,1703,1387,95,1461,1330,1913,483
232,35,1637,1796,1541,498,1156,456,1214,861,31,823,1995,1933,8,357,74,958,1197,92,1993
233,1387,117,1779,740,1951,1009,35,357,8,92,456,1796,1197,31,1993,74,1637,498,861,958
234,1058,1355,1010,1054,1512,1751,1764,1283,582,1705,1149,1806,448,1143,414,711,1749,1118,1725,819
235,35,31,8,1796,1637,456,74,357,92,1993,498,1197,1156,1541,958,1995,861,1933,1214,823
236,8,35,31,1796,1637,456,357,1993,74,92,1197,498,958,1156,1541,861,1933,1995,1214,289
237,168,364,1958,117,1779,1461,403,1387,1289,43,1355,1910,1009,1703,95,1725,1330,1751,738,1883
238,168,364,1883,1913,1461,1476,1958,1779,616,738,1387,609,403,1499,117,1703,1585,1725,561,1954
239,168,364,738,609,1958,1585,1883,403,1289,1954,1703,1476,1913,95,1387,616,1461,1910,117,1775
240,35,8,1637,31,357,1796,456,1993,74,92,1197,498,958,1156,1541,861,1933,1995,1214,823
241,35,1637,456,1796,8,357,31,1197,74,1993,92,498,1541,958,1156,1933,444,861,1214,823
242,14,1833,221,727,93,1396,749,852,1010,95,1923,128,1721,1764,1749,1512,1775,881,1355,1192
243,1933,861,1156,1995,1541,1214,444,823,35,1637,31,1796,8,456,958,498,1197,357,1993,74
244,958,35,1637,8,74,1156,456,1796,1933,357,1541,31,1995,498,92,1214,1197,1993,861,2037
245,168,364,609,403,1958,1461,1703,1192,738,440,1289,1186,613,1476,43,1883,483,1775,1211,255
246,1833,221,727,14,93,1396,852,749,1923,1010,95,1749,1775,1764,128,881,1539,43,1512,1721
247,1833,14,221,727,93,1396,852,749,1010,95,1923,1721,1749,1775,881,712,128,1764,43,1539
248,35,1637,31,1197,357,456,1796,74,1993,8,498,92,1156,1933,1995,1214,861,444,1541,958
249,168,364,738,1664,1958,403,1910,1779,1461,1883,1954,1499,1913,1387,1703,1725,1476,117,43,95
250,14,1833,727,221,93,1396,749,852,95,1923,1010,1721,881,1749,1764,128,1512,1775,546,1539
251,35,1637,958,8,74,31,456,2037,357,1796,1541,1933,289,1156,1993,92,861,44,1995,1197
252,35,8,1637,456,1796,74,31,357,1993,92,1197,498,958,2037,1156,1541,1933,861,1214,1995
253,117,1387,1009,1779,740,1951,35,357,8,92,1796,31,456,74,1197,1637,1993,498,861,958
254,168,364,1461,117,1958,1387,1913,1883,403,738,1476,1779,38,1703,1775,1143,1330,1585,1954,1289
255,14,1833,727,221,1396,93,852,749,95,1923,1010,1775,881,128,43,712,1749,1764,1721,1539
256,301,1721,1183,95,727,1534,14,299,403,2025,1664,1923,1800,1512,1405,1833,1764,1283,521,440
257,14,1833,727,221,1396,93,852,749,95,1923,1010,881,1775,128,1192,1749,43,712,1764,1539
258,14,1833,221,727,93,1396,749,852,95,1923,128,1010,1721,1775,1649,881,1749,712,1192,43
259,35,31,8,456,357,1796,1637,1993,74,1197,92,498,1156,958,1933,1995,861,1214,1541,823
260,35,1796,8,456,357,1637,31,74,1993,92,1197,498,958,1541,1156,861,1995,1933,1214,823
261,117,1387,740,1779,1009,1951,8,35,456,357,92,1796,74,1993,1197,31,1637,498,958,289
262,1833,14,221,727,93,1396,852,749,1923,95,43,1775,128,881,712,1192,1010,1721,1749,1539
263,1933,1541,35,861,1995,1156,1214,823,444,1637,31,456,1796,357,8,74,498,1197,1993,92
264,1064,375,1018,1684,1718,806,35,31,1796,1637,8,1133,456,74,1993,357,92,1156,1995,498
265,168,364,609,738,1883,1958,1476,1910,403,616,1289,1954,1664,1330,483,95,852,1461,43,1938
266,168,364,738,609,1461,1476,1883,1387,1585,1913,1954,1958,1910,1703,403,1876,616,1330,1664,1143
267,1833,14,727,221,93,1396,852,749,95,1923,881,1010,1749,1775,128,1539,1764,1512,43,1192
268,35,8,1637,31,1796,456,74,1993,357,92,1197,498,958,1156,1933,1541,1995,861,1214,823
269,35,31,8,1796,456,357,1637,74,1993,1197,92,498,958,1156,861,1995,1541,1933,1214,823
270,1933,1541,861,1995,1156,444,1214,823,35,1637,1796,31,357,8,456,1197,498,958,1993,74
271,168,364,1355,1910,1461,1958,43,1751,1779,117,738,403,1725,95,1703,1387,1954,1775,582,1330
272,168,1387,117,1779,1461,364,1883,1476,1009,616,1958,1910,609,1585,738,95,43,1330,403,1913
273,168,364,1958,403,609,738,440,1775,1883,483,1192,1476,1289,1664,1725,95,1355,613,1913,1186
274,1833,727,221,14,93,1396,852,749,95,1010,1923,881,1764,1749,128,1775,43,712,1192,1539
275,35,1637,456,1796,8,31,74,1993,357,1197,498,92,1156,958,1541,1933,1995,1214,861,823
276,35,1637,1796,456,8,498,31,74,357,1993,92,1197,1156,958,1541,1995,1933,861,1214,823
277,117,1387,1951,1009,1779,740,35,8,31,357,1796,92,456,1993,74,1637,1197,498,958,861
278,1355,1058,1512,1010,1054,1751,1764,1283,582,1705,1149,448,414,1806,1143,1118,1749,711,1725,1396
279,301,1721,1183,95,727,14,1923,1833,1534,1800,1143,1405,712,881,221,1289,43,440,1539,93
280,221,1833,727,14,93,1396,852,749,1923,128,95,1721,1010,1775,1749,881,1703,1539,1764,43
281,1833,727,14,221,93,1396,852,749,95,1923,1010,128,881,1775,1749,1764,1721,1539,1192,43
282,1933,1995,1541,861,1156,444,1214,823,35,31,1637,1796,958,498,456,591,357,8,1197,1993
283,301,1721,1183,95,727,14,1800,1923,2065,1534,679,609,221,440,1833,1108,299,881,1396,1793
284,1541,1933,1995,861,1156,444,1214,823,35,591,1796,31,1637,456,8,498,958,357,1197,1064
285,14,1833,221,727,1396,93,852,749,1923,128,1010,95,1775,881,1764,1749,1192,43,712,1721
286,1933,1995,861,1156,1541,444,1214,823,35,1637,1796,31,357,456,498,8,1197,1993,871,74
287,727,14,1833,221,1396,93,852,749,1923,95,128,1010,1775,881,1764,1749,43,1703,1721,1539
288,1064,375,1018,1718,806,1684,1133,944,871,35,1796,31,1637,8,456,677,1156,861,1995,357
289,14,1833,727,221,93,1396,852,749,1010,1923,1764,95,128,1775,1512,1749,881,1192,43,1355
290,35,8,456,1796,31,357,74,1993,1637,92,1197,498,958,1156,861,1541,1933,1995,1214,823
291,117,1387,1951,1779,740,1009,35,8,357,31,92,456,1796,1993,74,1197,1637,498,958,861
292,35,456,1796,1637,8,74,31,357,1993,1197,92,498,1156,1541,1933,958,1995,1214,861,823
293,1833,221,14,727,93,1396,749,852,1923,95,1010,1775,881,1749,128,1539,546,1721,43,1192
294,861,1933,1156,1541,1995,1214,444,823,35,1637,1796,357,1197,456,31,498,8,1993,74,92
295,327,7,799,171,2034,1588,1783,513,410,958,1097,1581,2037,1699,99,581,1869,174,1621,1640
296,117,1387,1779,740,1951,1009,35,8,92,357,456,1796,31,1993,74,1197,1637,958,498,289
297,301,1721,1183,727,95,14,1923,712,1833,221,881,43,738,299,93,1534,609,1512,440,1396
298,117,1387,1009,1779,740,1951,35,8,456,357,1796,1993,92,74,31,1197,1637,498,958,2037
299,168,364,1958,403,738,1461,1779,43,1355,1751,117,1664,1910,1387,1703,1010,128,1775,1211,109
300,301,1721,1183,95,299,1534,727,738,14,1512,1923,1289,1664,1800,2025,109,1405,403,1108,2065
301,301,1721,1183,95,727,14,1923,1534,1833,1289,93,1396,221,1800,881,609,440,1664,1405,265
302,168,364,609,1289,1958,1461,95,1910,1883,738,1725,403,852,1387,1775,117,1476,1381,1330,1585
303,168,364,1958,1775,1289,1476,1461,738,403,609,1883,43,1381,1954,117,1143,671,1779,1703,95
304,727,221,1833,14,93,1396,852,749,1923,95,128,1192,1721,1775,1649,43,1749,881,1010,609
305,301,1721,1183,95,727,14,299,1512,1923,440,1534,609,738,646,1833,1283,221,2025,712,1396
306,1833,221,14,727,93,1396,852,749,1923,95,128,881,1010,1775,1749,1721,43,712,1539,1764
307,1064,375,1018,1133,944,1718,1684,871,1156,806,1995,861,1933,1214,1541,444,35,823,1796,31
308,1541,1933,861,1995,1156,1214,444,823,35,1637,31,1796,498,357,456,958,8,1197,591,1993
309,168,364,1883,1289,1461,1476,1958,1703,616,403,609,1585,117,1330,1913,1910,1211,1779,671,1387
310,168,364,609,327,561,1476,1958,1461,403,799,1883,1499,171,1211,2034,1440,1954,6,440,448
311,1058,1010,1355,1512,1751,1054,1764,1283,582,1705,1149,1806,448,414,1143,711,1749,1118,1725,819
312,168,364,1883,1910,1585,1958,1476,1461,616,1499,95,738,1954,1289,1330,1913,1938,609,403,1703
313,35,1637,8,1796,31,456,357,1993,74,92,1197,498,958,1541,1156,861,1995,1933,1214,444
314,301,1721,1183,95,727,1923,14,299,1143,1534,403,738,1833,712,440,1512,1289,1539,1283,881
315,1933,1995,861,1156,1541,1214,823,444,35,31,1796,456,1637,357,8,498,591,74,1197,1993
316,14,727,1833,221,93,1396,852,749,1923,95,1010,128,1775,881,1721,1764,1749,1703,1539,1512
317,35,8,456,357,1796,1637,31,1993,74,92,1197,498,958,1156,2037,1933,1541,861,289,117
318,168,364,403,414,1476,1958,1751,1461,1355,448,1289,1954,43,1883,1499,582,1330,221,852,1705
319,168,1958,364,403,117,1779,1387,738,1289,1009,1461,1951,1910,1883,38,1355,95,1664,1751,1330
320,1833,727,221,14,93,1396,852,749,1923,1010,95,128,1775,1749,1764,881,1539,43,1725,1721
321,168,364,738,43,1883,1355,1751,1461,609,1010,1703,1775,1476,1289,582,616,117,1817,1585,1958
322,168,364,1779,1387,1461,117,1883,1476,1910,609,414,616,1725,1703,1381,1330,448,1009,1355,1010
323,301,1721,1183,95,1800,1534,1405,2065,1108,14,679,727,299,521,729,1387,1923,1289,440,403
324,14,1833,727,221,93,1396,749,852,95,1923,1192,1649,1721,1010,128,1775,609,881,43,1961
325,1637,35,958,2037,74,1796,8,456,31,1933,357,1156,1541,1993,92,1197,44,823,289,498
326,301,1721,1183,95,1800,727,14,299,729,1108,1534,1405,403,1923,881,521,738,2065,712,679
327,301,1721,1183,95,14,727,1800,1405,1387,1923,1534,43,1108,679,712,609,1833,881,521,2065
328,168,364,609,95,1883,1476,1330,1461,1775,616,852,1381,1958,1913,1751,738,403,1143,1289,1910
329,301,1721,1183,95,1800,14,1405,727,881,403,1534,299,1108,1923,729,521,679,1833,440,2065
330,14,727,1833,221,93,1396,749,852,95,1923,1721,1649,128,1192,1010,609,881,1961,763,1775
331,168,364,1958,1775,1355,609,1751,1381,1143,738,711,1461,1883,1913,403,95,1010,1910,1476,1539
332,168,364,1958,609,403,1355,738,852,1751,43,1910,95,1775,1664,1461,1954,1330,221,1289,1396
333,1933,861,1156,1541,1214,1995,444,35,823,1796,1637,357,31,8,456,1197,74,498,1993,958
334,35,1541,1933,1637,861,1156,1796,357,8,31,456,1197,1995,823,444,498,1214,74,92,1993
335,1933,861,1995,1541,1214,1156,444,823,35,958,591,1581,31,1796,1637,944,871,456,8,498
336,35,8,31,1796,456,357,74,1637,92,1993,1197,498,958,1156,861,1541,1933,1995,1214,823
337,168,364,1289,1476,1958,95,1883,616,1779,117,609,1499,1461,1330,403,1910,1775,1009,738,671
338,35,1637,1796,456,498,357,8,31,74,92,1993,1197,958,1541,1156,1933,823,1214,861,1995
339,1064,1018,1156,375,1718,1933,1995,861,806,444,1684,1214,1541,944,35,823,871,498,31,1796
340,1833,14,221,727,93,1396,852,749,1010,1923,95,128,1764,1721,1775,1749,881,1355,1512,1539
341,35,1637,8,1796,456,31,357,74,1993,1197,498,92,958,1156,1933,1541,861,1214,1995,444
342,1064,375,1018,1684,806,1718,1133,944,1156,1995,1581,871,1933,1214,1541,861,35,31,444,591
343,117,1387,1779,740,1009,1951,35,456,357,1796,8,92,1197,1993,74,31,1637,498,958,1541
344,35,1637,1796,456,31,498,357,8,1993,1197,74,92,1541,1156,1995,1933,823,958,861,1214
345,1833,14,221,727,93,1396,749,852,1010,1923,128,1775,95,1764,1749,881,1539,43,1512,1192
346,301,1721,1183,95,1800,1405,521,1534,679,727,2065,1108,14,299,729,1387,403,1923,440,122
347,221,1833,14,727,93,1396,749,852,128,95,1923,1010,1721,819,1703,881,1775,546,712,1764
348,1009,35,117,1387,740,357,8,1779,1796,456,1951,92,31,74,1197,1637,1993,498,958,861
349,117,1387,1779,1009,1951,740,35,8,357,456,92,1796,74,1993,31,1197,1637,498,958,289
350,35,1637,1796,456,498,8,31,357,74,1156,1541,1933,1197,958,1993,1214,823,1995,861,92
351,35,1637,1796,498,456,31,8,357,1541,92,958,74,1156,1197,1993,823,1933,1995,1214,861
352,35,357,1637,31,456,1197,1796,74,498,1993,8,92,1156,1933,1995,861,1214,444,1541,823
353,35,1796,8,357,31,1637,456,74,92,1197,1993,498,958,1541,1156,861,1995,1214,1933,823
354,35,1637,958,1933,74,2037,8,456,1796,1541,31,357,1156,1993,444,289,1214,1197,861,823
355,727,14,221,1833,93,1396,852,749,1923,1721,95,128,1010,819,1703,1775,881,1749,546,1764
356,14,1833,727,221,93,1396,749,852,95,1923,1010,1721,128,1775,1649,881,1749,1764,1539,43
357,1387,117,1779,740,1951,1009,35,357,456,8,92,1796,1197,1993,74,31,1637,498,958,861
358,35,8,1796,456,31,357,1637,74,1993,92,1197,498,958,861,1156,1541,1933,1995,2037,289
359,168,364,1958,403,1883,1779,117,1913,1910,1461,711,1664,1476,609,1499,1387,738,1703,1954,1585
360,35,31,8,456,1993,1796,357,1637,74,92,1197,498,958,1156,1933,861,1995,1541,1214,823
361,1064,375,1018,1718,806,1684,1133,944,1995,871,1156,677,1541,1933,1214,35,861,591,31,823
362,35,8,1637,31,1796,357,456,1993,74,92,1197,498,958,1156,1933,1541,2037,861,1995,1214
363,1064,35,1796,1637,31,375,1156,8,456,1995,1133,861,1018,74,1933,1214,1718,1993,806,357
364,35,31,1796,1637,456,357,8,74,1993,498,1156,1197,1995,92,1541,1933,861,1214,823,958
365,301,1721,1183,95,1800,727,299,1534,14,2065,521,729,1405,679,1108,440,403,1833,1664,1923
366,1833,221,727,14,93,1396,749,852,1010,95,128,1923,1764,1721,1355,1749,881,1775,1512,712
367,1833,14,727,221,93,1396,749,852,1923,95,1010,1721,881,128,546,1775,1749,1649,948,1764
368,35,8,456,1796,357,31,1637,1993,74,92,1197,498,958,1156,861,1541,1933,1214,1995,823
369,301,1721,1183,95,14,727,1405,1534,1923,1800,1664,1512,881,712,1108,738,912,819,1764,43
370,301,1721,1183,95,727,299,14,1534,403,1923,2025,440,1833,881,1800,109,278,712,1512,1405
371,35,31,8,1637,456,1796,357,1993,74,92,1197,498,1156,958,1933,1995,861,1541,1214,823
372,117,1387,740,1779,1951,1009,35,8,456,357,92,1796,1993,31,1197,74,1637,498,958,289
373,14,1833,727,221,93,1396,749,852,95,1923,128,1721,1192,1010,881,1649,609,1775,1749,763
374,35,31,1796,8,1637,357,74,456,92,1993,1197,498,958,1156,1541,861,1995,1933,1214,444
375,1064,1018,375,944,1718,1133,806,871,1684,1156,1480,1750,1995,791,861,1933,991,2068,677,1214
376,35,1637,8,1796,456,31,74,357,1993,92,498,1197,1156,1541,1933,1995,861,958,1214,823
377,1064,375,1018,1718,806,35,1684,1156,1995,1796,31,861,1133,1637,1933,871,1214,1541,944,8
378,35,1637,1796,8,31,456,357,1993,74,1197,92,498,1541,958,1156,1933,1995,861,444,1214
379,301,1721,1183,95,727,14,1800,1387,1534,609,1923,1108,299,1405,2065,712,221,738,679,1101
380,301,1721,1183,95,1800,14,1405,1534,729,727,1108,2065,1923,679,299,521,881,1289,912,621
381,168,364,1461,1883,1913,609,738,1476,1958,1703,1381,1775,1585,1289,117,1751,1779,1355,711,1387
382,168,364,609,738,1775,1476,1958,1913,1703,1883,1461,43,1289,711,403,616,1779,448,1143,852
383,221,1833,727,14,93,1396,852,749,1923,1010,95,128,1721,1749,1775,881,1764,1539,43,1703
384,1541,1933,1995,861,1156,444,1214,823,1637,35,958,1796,31,8,456,357,74,1993,498,1197
385,168,364,1143,1958,738,1751,1289,1355,1913,1775,711,1381,403,95,582,38,1461,1883,1010,1954
386,14,1833,727,221,1396,93,852,749,95,1923,881,1775,128,1010,1749,43,1539,1192,1764,712
387,168,1387,609,117,1585,1476,364,616,1009,1186,1779,1192,253,1211,1883,1461,95,1951,153,1973
388,35,31,1637,1796,8,357,456,74,92,1993,1197,498,1156,1541,1995,861,1933,958,1214,823
389,1933,1541,861,1995,1214,1156,444,823,35,31,1796,456,1637,357,8,498,1993,1197,74,958
390,35,1637,1796,456,31,1156,498,8,1933,357,1541,1995,74,1993,1197,861,1214,958,823,92
391,1933,861,1995,1541,1156,1214,444,823,35,1637,1796,31,958,456,591,498,8,357,944,1197
392,1355,1058,1010,1512,1054,1751,1764,1283,582,1705,1149,1806,414,448,1725,1143,1396,1118,1749,711
393,168,364,117,1387,1779,1775,1476,1461,1289,1009,1883,1143,1958,738,1381,403,38,1703,1211,1499
394,168,364,609,738,95,1396,852,1289,403,221,1461,1355,1958,1751,582,1476,43,1775,1499,1330
395,168,364,1958,609,403,738,1883,1476,1779,1289,1330,1910,1664,95,1499,483,43,117,1954,616
396,35,8,1796,31,1637,456,74,1993,357,92,1197,498,958,1541,1156,1933,1995,861,1214,2037
397,14,1833,727,221,1396,93,852,749,1923,1010,95,128,1764,881,1775,43,1749,712,1539,1512
398,35,1009,1387,117,740,8,357,1796,456,1779,92,31,1951,1637,74,1197,1993,498,861,1541
399,1833,14,727,221,93,1396,749,852,95,1923,1010,1721,1649,1749,1775,881,128,546,1539,1192
400,168,364,1958,1461,403,1476,1883,1910,738,1355,1779,43,1387,1954,616,1664,1330,1211,117,1289
401,168,364,1958,403,609,1476,1883,95,738,1330,616,1192,117,1703,1387,43,1910,1954,1779,1721
402,1833,14,727,221,1396,93,852,749,1923,1010,95,1764,1749,881,128,1775,1512,1539,1355,43
403,301,1721,1183,727,95,14,1923,1534,1289,299,712,221,881,1833,403,738,440,1800,609,109
404,35,1637,456,1796,8,31,1993,357,74,92,1197,498,1156,958,1933,1541,1995,861,1214,823
405,727,14,1833,221,93,1396,852,749,1923,95,1010,128,1764,881,1721,1775,1749,43,1355,1512
406,1833,14,221,727,93,1396,852,749,1010,1923,1764,128,1775,95,1749,1512,881,1355,1539,1283
407,1058,1010,1355,1054,1512,1751,1764,1283,582,1705,1149,1806,448,414,1143,819,1118,1749,711,670
408,727,1833,14,221,93,1396,852,749,95,1923,128,1721,1649,881,1775,43,1749,763,1010,1192
409,35,1637,1796,8,31,456,1993,357,74,1197,92,498,1541,958,1156,1933,1995,861,444,1214
410,35,8,456,1637,1796,357,31,74,1993,92,1197,498,958,1156,1541,1933,861,2037,1995,1214
411,1833,14,727,221,93,1396,749,852,1923,95,1010,1721,128,1649,1775,1749,881,1539,1764,1512
412,301,1721,1183,95,727,14,1800,1534,2065,1923,679,1108,609,1405,521,729,1664,299,278,819
413,168,364,1387,1461,1779,738,1775,117,43,1355,1751,1958,1289,1910,1010,1143,414,448,1381,403
414,1833,727,14,221,93,1396,852,749,1923,95,1775,881,1010,1749,1192,128,1764,43,1721,1539
415,168,364,1958,403,117,1779,1387,1461,609,1883,738,1910,1476,43,1330,414,1009,1865,483,1951
416,1064,1018,375,1133,1718,1684,806,871,944,1156,677,1995,861,1796,35,1933,31,1214,1637,1480
417,168,364,117,1387,1883,1476,1289,609,1958,616,1461,1779,95,1751,1951,852,1954,1585,671,448
418,1995,861,1933,1541,1156,1214,823,444,958,35,1637,1796,357,31,8,498,456,1581,74,591
419,301,1721,1183,95,1800,2065,679,1534,521,1108,1405,729,727,1664,14,1289,528,2043,912,1923
420,168,364,1883,1476,609,1499,616,1289,1330,1703,1461,1910,738,1958,95,1938,1954,1913,1779,613
421,117,1387,1009,1779,740,1951,35,8,357,456,1796,92,74,1197,31,1993,1637,498,958,861
422,861,1933,1995,1156,1214,1541,444,823,35,1637,31,1796,456,8,498,357,958,1197,74,92
423,727,14,1833,221,93,1396,852,749,95,1923,1010,128,881,1721,546,43,1649,819,912,1749
424,301,1721,1183,95,727,14,1800,1534,1923,1833,1405,440,881,278,221,1101,609,712,93,1108
425,1833,221,14,727,93,1396,749,852,1010,1923,95,1721,128,1775,1764,546,819,1749,43,881
426,117,1387,1779,740,1951,1009,35,357,8,456,92,1993,1796,74,1197,31,1637,498,958,44
427,168,364,1476,609,1883,616,327,1954,1192,483,1330,440,1461,2034,613,1958,799,43,171,1186
428,168,364,1958,738,403,609,43,1664,1703,1461,1779,117,1289,1954,1910,483,440,1883,1585,852
429,168,364,1883,738,1476,43,616,1330,1461,95,1913,1954,403,609,1703,1958,1499,1289,1910,1775
430,14,1833,727,221,1396,93,852,749,1923,95,1010,1775,128,881,1749,1192,43,1539,712,1764
431,301,1721,1183,95,727,14,1923,1800,881,1833,1534,1143,1405,712,521,221,679,440,819,93
432,168,364,738,609,43,1289,1703,1461,1910,1883,1186,1958,105,1779,403,852,440,117,1775,616
433,35,456,1796,31,8,357,1993,1637,74,1197,92,498,958,1156,1933,1541,861,1995,1214,823
434,1833,14,727,221,93,1396,852,749,95,1010,1923,881,128,1749,1764,1775,1721,1539,43,1192
435,1933,861,1541,1995,1156,444,1214,823,35,1637,31,1796,456,8,357,958,498,1197,1993,74
436,221,727,1833,14,93,1396,852,749,95,1923,128,881,1721,1010,1775,43,1749,1703,1192,712
437,301,1721,1183,95,1405,14,1800,1534,727,1108,1923,881,403,521,679,912,546,299,1664,712
438,1933,861,1156,1214,1541,1995,444,823,35,1637,958,1796,357,456,8,31,1197,74,498,1993
439,1833,14,727,221,93,1396,852,749,1010,1923,128,95,1775,1764,1749,881,43,1539,1512,712
440,168,364,1958,403,117,738,1883,1476,1461,1387,43,1289,1779,1330,1703,1009,616,38,1954,1910
441,35,456,1637,1796,8,31,74,357,1993,92,1197,498,1156,1541,958,1933,1995,861,823,1214
442,168,364,1883,1913,609,1585,1958,738,1703,1461,616,1476,1725,403,1381,1387,1954,1289,117,1355
443,1156,1995,591,861,1541,1933,1214,35,444,1447,823,31,958,1796,1581,8,357,1637,456,92
444,14,1833,727,221,93,1396,852,749,1010,95,1923,128,881,1764,1749,1775,1355,1512,1721,712
445,168,364,1779,1883,1330,1387,95,1958,1703,616,1910,1476,117,609,403,1751,738,1355,43,1499
446,35,8,456,1637,1796,74,357,1993,31,92,1197,498,958,1541,1156,2037,1933,289,861,1995
447,727,1833,14,221,93,1396,852,749,1923,95,1010,1775,128,881,43,1749,1764,1703,1539,712
448,168,364,1958,403,1910,1476,1954,1883,1461,43,799,1664,95,738,171,711,609,1751,1355,852
449,727,1833,14,221,93,1396,749,852,1923,128,95,1010,1721,1775,1749,1649,881,1764,763,43
450,1058,1355,1010,1054,1512,1751,1764,1283,582,1705,1149,1806,448,414,1143,1725,1118,1396,1749,711
451,727,1833,221,14,93,1396,852,749,1923,95,1775,128,1010,881,1749,43,1539,1703,1764,1281
452,168,609,364,1476,1883,613,117,1192,1954,616,1461,1387,253,1289,1186,440,1499,95,1775,1913
453,1833,14,221,727,1396,93,852,749,1010,1923,95,1764,1775,881,1749,1512,128,1539,43,1192
454,35,1637,8,1796,456,357,74,31,92,1993,1197,498,958,1541,1156,861,1933,1995,1214,823
455,1933,1541,1156,861,35,1637,1214,1995,444,8,456,1796,357,823,74,31,1197,498,1993,958
456,301,1721,1183,95,1800,2065,299,729,679,521,727,1108,14,1405,440,1534,1851,122,2043,609
457,1637,35,958,8,1796,31,456,357,74,2037,1993,92,1933,1541,1197,498,1156,1995,861,289
458,1933,861,1541,1156,1995,1214,444,823,35,1637,1796,31,456,8,357,1197,958,74,498,1993
459,35,1637,1796,456,357,31,8,498,74,1993,92,1197,1156,1541,958,1995,1933,861,1214,823
460,168,364,738,1387,117,1751,1779,1355,43,1958,1725,1883,1703,1664,1461,1954,403,1010,1381,1913
461,1833,221,14,727,93,1396,749,852,1923,128,1010,95,1775,1749,881,1539,1764,1192,1703,819
462,727,14,1833,221,93,1396,749,852,1010,95,1923,1764,128,1721,1512,1749,1192,881,1775,1355
463,117,1387,1009,1951,740,1779,8,35,357,31,1796,92,456,1993,74,1197,1637,498,958,861
464,1833,14,221,727,93,1396,852,749,1010,1764,95,128,1923,1749,1775,881,1512,1355,1539,1058
465,35,1637,8,31,1796,289,456,958,357,1933,74,1993,1541,92,1197,498,1995,1156,861,2037
466,35,1637,8,1796,456,31,357,1993,74,1197,498,92,958,1156,1933,1995,1541,1214,861,2037
467,168,364,1751,1461,1476,1775,738,1883,1355,1910,852,1330,1381,43,1958,616,1539,1289,1954,1211
468,168,364,1958,403,1289,1461,609,1910,1883,1476,1954,852,117,43,738,1703,1664,1775,671,1585
469,1064,375,1018,1684,806,1718,1995,1156,861,1933,1541,1214,944,444,871,823,35,31,1133,8
470,1833,727,14,221,93,1396,852,749,1923,95,1010,128,881,1721,1749,1775,1764,1539,43,1649
471,1833,14,221,727,93,1396,749,852,95,1010,1923,1764,881,1775,128,1749,43,1192,712,1512
472,1833,14,221,727,93,1396,749,852,1923,95,1010,128,1775,819,546,1721,881,1749,1703,1764
473,1833,727,14,221,93,1396,852,749,95,1923,1010,128,881,1749,1721,1775,1764,1539,43,1512
474,117,1387,1009,740,1779,1951,35,357,8,456,1796,92,74,31,1993,1197,1637,498,958,861
475,301,1721,1183,95,14,1405,727,1800,1534,881,1923,93,1108,546,299,912,712,1833,278,679
476,861,1156,1995,1933,1541,1214,444,823,35,1637,1796,456,31,357,958,498,74,8,1197,1993
477,35,8,1637,31,456,1796,357,1993,74,92,1197,498,958,1156,1933,861,1541,1995,1214,444
478,117,1779,1387,740,1951,1009,35,456,357,8,1993,1796,92,74,1197,31,1637,498,958,44
479,221,14,1833,727,93,1396,852,749,128,1923,1010,95,1749,1775,881,819,43,712,1721,1703
480,727,1833,14,221,93,1396,852,749,1923,95,881,1775,1192,128,1721,1749,43,1010,364,1539
481,168,364,1779,1883,1913,1387,1958,1476,738,1461,1703,117,403,1775,1381,616,609,38,1910,1751
482,35,8,1796,31,1637,357,74,456,1993,92,1197,498,1156,1541,861,1995,958,1933,1214,444
483,1833,14,727,221,93,1396,749,852,1010,1764,1923,95,1512,1355,1775,1749,128,1283,881,1539
484,168,364,1958,1910,403,738,1883,1461,1664,1703,1499,1289,1938,1954,1725,1779,1476,1913,616,1330
485,168,364,1883,1476,616,1499,1330,609,1913,1461,1779,448,1954,1703,711,117,1387,1958,1817,1289
486,301,1721,1183,95,14,727,1833,299,440,881,1923,1405,712,609,93,1800,221,1534,1512,2025
487,1833,14,221,727,93,1396,749,852,95,1923,1721,1010,1775,712,881,1192,128,1764,43,1749
488,1833,221,14,727,93,1396,749,852,95,1923,1010,128,881,1749,1775,1764,1539,1721,712,1649
489,727,1833,14,221,1396,93,852,749,1923,95,1010,1764,881,1749,1775,128,43,1539,1721,712
490,1833,14,221,727,93,1396,749,852,1923,95,1010,1775,1749,1192,881,1721,128,1764,1649,1539
491,14,1833,727,221,93,1396,852,749,95,1010,1923,881,128,1775,1192,1749,43,1539,1764,1512
492,35,8,1637,31,1796,357,456,1993,74,92,1197,498,958,1156,1541,1933,861,1995,289,1214
493,168,364,1958,1143,1289,117,1775,711,1381,403,1779,1387,671,1883,738,38,1913,1539,1009,1476
494,168,364,852,609,403,1461,221,738,1958,43,1289,1751,1396,799,327,1913,414,171,95,440
495,1064,375,1018,1718,1684,806,1133,1995,1156,944,871,35,31,1796,1541,1214,861,1637,8,1933
496,35,1637,1796,456,31,498,8,357,1993,74,1197,92,1541,1156,1995,1933,861,823,1214,958
497,35,1796,1637,8,357,456,31,1197,1993,74,92,498,1541,958,1156,861,1933,1214,1995,444
498,168,364,609,1958,738,403,1461,1703,1289,613,1883,1192,440,1664,1186,1913,43,1775,852,483
499,35,8,1796,456,31,74,1637,357,1993,92,1197,498,958,1156,1541,1933,2037,861,1995,6
500,117,1387,1779,1951,740,1009,35,8,357,1993,92,456,31,1796,74,1197,1637,498,958,861
501,799,7,327,2034,171,1783,513,1588,410,1097,1350,1621,697,1699,1581,1719,581,2054,1640,1937
502,1833,221,727,14,93,1396,852,749,1923,95,1010,128,1775,1764,1749,43,881,712,1539,1192
503,14,1833,221,727,93,1396,749,852,1010,1923,95,128,1775,1764,1721,1749,1539,1512,1649,881
504,221,1833,14,727,93,1396,749,852,1923,95,1010,819,128,1721,546,881,1775,948,1749,1873
505,35,456,1796,31,8,357,1637,74,1993,92,1197,498,1156,1933,1995,1541,861,958,1214,823
506,1833,14,221,727,93,1396,852,749,95,1923,1010,1775,881,1749,1764,1539,1512,43,712,128
507,14,727,1833,221,1396,93,749,852,95,1923,1010,128,1721,1775,1749,1649,881,1539,1764,1192
508,168,1958,364,1883,1476,403,1387,1910,117,1779,616,1461,1330,738,1913,95,1703,1009,609,1585
509,1833,14,221,727,93,1396,852,749,1010,1923,95,128,881,1764,1775,1749,1539,1512,1355,1721
510,168,364,609,738,1910,95,1958,1192,403,1703,440,1330,43,483,1461,1721,1186,1883,1664,1355
511,1833,14,727,221,1396,93,852,749,95,1923,1010,881,128,1749,1775,1539,1764,1512,43,1721
512,168,364,1958,403,1883,1910,1703,1913,1461,1289,117,738,1476,609,1954,1779,1725,613,1381,1664
513,35,8,456,1637,1796,74,31,357,1993,92,1197,498,958,1156,1933,1541,2037,1995,861,823
514,35,8,31,357,456,1796,92,74,1637,1993,1197,117,1009,498,740,1387,1779,1951,958,1156
515,1064,375,35,1796,1133,1637,31,1018,8,1156,456,806,1995,1684,74,1718,1933,357,861,958
516,1833,14,221,727,93,1396,749,852,1923,128,1010,95,1764,1721,1775,1749,881,819,1703,712
517,1833,14,221,727,93,1396,852,749,1010,1764,1923,95,1775,1512,1749,128,881,1355,1283,1539
518,221,727,1833,14,93,1396,852,749,1923,1010,128,95,1721,1764,1749,819,1775,881,712,43
519,301,1721,1183,95,14,727,1800,1405,1534,1923,1387,1108,609,1833,881,440,299,712,2065,221
520,1064,375,35,1018,1156,1796,31,1684,1133,1718,1637,806,8,1995,861,456,1933,1214,74,1541
521,35,1637,8,456,357,74,958,31,1796,1993,2037,92,289,1197,498,1541,1933,1156,44,861
522,168,364,1725,1355,1751,1461,1958,738,1775,1381,1010,582,609,1910,95,1289,852,403,1539,43
523,1933,1541,861,1995,1214,1156,444,823,591,958,944,871,1581,35,1064,1447,1637,991,1480,1750
524,168,364,738,117,43,1779,1387,1751,1461,1958,1355,1703,1664,414,1883,582,448,609,403,95
525,1833,727,14,221,93,1396,852,749,95,1923,128,881,1775,1721,1010,1749,1539,43,1649,763
526,35,1637,1796,456,498,31,8,357,74,1197,1993,92,1541,1156,823,958,1933,1995,861,1214
527,14,1833,727,221,93,1396,749,852,1923,95,1010,128,1721,1775,881,546,1749,819,948,912
528,14,1833,727,221,93,1396,852,749,95,1923,128,881,1775,1010,1749,1192,43,1721,1649,1539
529,301,1721,1183,95,1800,14,1405,727,679,2065,729,1108,1534,521,1923,609,712,881,1833,440
530,14,1833,727,221,93,1396,852,749,1923,1010,95,1721,128,1764,712,1775,881,43,1749,819
531,301,1721,1183,95,1800,679,2065,1534,521,1405,727,1664,14,1108,729,1764,1512,738,1923,1255
532,168,364,1387,1779,117,95,1461,609,1476,1958,1883,1009,1951,616,1330,1725,1954,738,1910,1751
533,14,1833,727,221,93,1396,749,852,95,1923,1721,1192,128,1649,1010,881,819,609,546,1961
534,35,8,1637,1796,31,1993,456,357,74,1197,92,498,958,1156,1541,1933,289,2037,1995,861
535,35,1156,861,1541,1933,1637,31,1995,1796,1214,8,357,456,823,74,444,92,1993,958,498
536,117,1387,1009,1779,740,1951,35,8,456,92,1796,357,31,74,1993,1637,1197,498,958,861
537,117,1387,1779,740,1951,1009,35,357,456,8,1796,92,1993,1197,74,31,1637,498,958,289
538,1387,117,1951,740,1779,1009,35,8,92,357,1796,456,31,1197,1993,1637,74,498,861,1214
539,117,1387,1951,1009,740,1779,35,8,357,92,1796,31,456,1197,1993,1637,74,861,498,1541
540,1064,375,1018,1718,806,1684,1133,944,1156,871,1995,35,861,31,1933,1796,1214,1637,8,1541
541,727,1833,14,221,93,1396,852,749,95,1923,881,128,1775,1749,1721,546,43,1649,1539,1010
542,301,1721,1183,95,14,299,1800,1405,727,881,1534,440,1108,2065,1923,1833,712,729,679,403
543,221,1833,14,727,93,1396,852,749,95,1923,881,128,1010,1749,1775,712,43,1721,546,1539
544,861,1933,1995,1156,1541,1214,444,823,35,1637,31,1796,357,498,456,591,958,8,1197,944
545,1058,1355,1010,1054,1512,1751,1764,1283,582,1705,1149,448,1806,414,1143,1118,1749,711,1725,1396
546,1833,727,14,221,93,1396,852,749,1923,95,128,1010,1775,881,1749,1721,1539,1764,1512,763
547,168,364,1958,738,1355,403,1751,43,1664,1461,1883,95,1725,117,1910,1476,1010,1954,1381,1539
548,1541,1933,861,1995,444,1156,1214,823,35,591,944,871,31,1637,1796,456,958,1064,8,498
549,301,1721,1183,95,727,14,299,1800,440,1534,1833,2025,278,1923,609,221,729,1405,712,2065
550,168,364,609,1883,1910,1461,1476,616,442,1585,1211,253,1954,561,1330,1186,440,483,1499,1817
551,168,364,738,1476,1958,609,1883,1355,95,1751,403,1330,1954,1913,711,616,1461,1664,1703,43
552,1933,1541,861,1995,1156,823,1214,444,35,1637,1796,31,8,456,357,958,1197,498,74,92
553,1933,861,1541,1995,1156,1214,444,823,35,1637,1796,31,456,8,357,498,958,1197,1993,74
554,1064,375,1018,1133,1684,1718,806,1156,1995,35,944,31,1637,871,1796,861,958,1933,1214,8
555,861,1933,1541,1156,1995,1214,444,823,35,1637,31,1796,456,8,357,1197,958,498,74,1993
556,14,1833,727,221,93,1396,852,749,95,1923,1010,881,43,1764,1775,128,1749,712,1539,1512
557,1833,14,221,727,93,1396,749,852,95,1923,1010,128,1749,1775,881,1721,1764,1539,1512,712
558,1637,35,958,2037,8,289,74,456,31,357,1796,1993,92,1933,1541,44,1197,498,1156,861
559,1833,14,221,727,93,1396,852,749,95,1923,1010,128,881,1764,1775,1749,43,712,1539,1703
560,1833,14,727,221,93,1396,852,749,1923,95,1010,43,1775,881,128,1749,1764,712,1192,1539
561,14,1833,727,221,93,1396,852,749,1010,1923,95,1775,1764,128,43,1749,881,1512,712,1539
562,35,1796,8,456,31,74,1637,357,92,1993,498,1197,958,1156,1541,861,1995,1933,1214,823
563,117,1779,1009,1951,1387,740,35,8,31,357,74,1796,92,456,1993,1637,1197,498,958,1156
564,727,1833,14,221,93,1396,852,749,95,1923,1721,1010,128,881,1703,1764,1749,546,1649,1775
565,35,1796,8,31,1637,456,357,74,92,1993,1197,498,1541,1156,958,861,1933,1995,1214,823
566,117,1009,1387,1779,1951,740,8,35,456,357,1796,92,74,1993,31,1197,1637,498,958,861
567,1064,1018,1718,375,806,944,1684,871,1133,1480,1750,791,991,2068,677,1995,1156,861,1933,1214
568,35,1933,1156,1541,1214,1995,861,823,444,1637,1796,958,498,456,31,357,8,74,1197,1993
569,1064,375,1018,1718,1684,806,1133,944,871,1995,1156,677,35,31,861,1933,591,1750,8,1541
570,1833,727,14,221,93,1396,852,749,1923,95,128,881,1010,1775,1749,546,43,819,1539,1703
571,301,1721,1183,95,1800,727,521,299,1405,403,729,1512,1108,738,1534,1283,679,2065,14,712
572,168,364,738,1958,43,609,1355,403,1461,1664,1751,483,1192,1725,95,440,1910,852,1010,1330
573,1833,14,727,221,93,1396,749,852,95,1923,128,1010,1721,1192,881,1775,1749,1649,1539,763
574,301,1721,1183,95,14,1405,1800,881,727,1534,299,1923,1108,403,546,521,912,679,712,1833
575,35,1637,31,456,1796,8,357,1993,74,1197,92,498,1156,1933,1541,1995,861,958,1214,823
576,35,31,1796,8,1637,456,74,357,1993,92,1197,498,1156,1541,1995,861,1933,958,1214,823
577,8,1796,35,456,31,74,357,92,1637,1993,1197,498,958,1156,1541,861,2037,1995,1214,1933
578,14,727,1833,221,93,1396,852,749,1010,95,1923,128,1721,1764,1355,712,1749,881,1512,1192
579,35,1796,8,357,31,1637,74,456,1993,498,1197,92,958,1933,1156,1995,1541,1214,861,444
580,221,14,1833,727,93,1396,749,852,1923,95,128,1721,1010,1649,1775,763,712,1192,1961,1749
581,301,1721,1183,95,1800,14,1405,679,727,521,2065,1108,729,1534,881,1923,1512,1406,712,819
582,168,364,738,1883,1703,1910,1476,43,1913,609,1461,1775,1330,616,1143,95,1381,1289,1387,1958
583,168,364,1958,403,1883,1476,117,1461,616,609,1289,1779,1585,1330,1381,1775,1703,1387,852,1910
584,168,364,1461,1910,1883,327,1476,799,609,1958,414,1211,1865,171,1330,1289,1783,403,561,852
585,727,1833,221,14,93,1396,852,749,1010,1923,95,128,1749,1192,881,1764,1775,1721,1512,1539
586,1833,221,727,14,93,1396,852,749,1923,95,128,1010,1775,1721,881,1749,1764,1703,43,1539
587,168,364,1883,1476,1330,1958,609,616,403,117,1461,738,95,1775,1387,1779,1499,1289,1703,1954
588,221,1833,14,727,93,1396,852,749,1923,1010,128,95,1775,1749,881,1539,1764,1721,1703,819
589,168,364,1387,1958,1289,403,609,117,1779,1381,1585,1775,1883,1703,738,616,1461,38,1476,1211
590,1833,14,727,221,93,1396,852,749,1010,1923,95,128,881,1749,1775,1764,546,1512,1539,43
591,168,364,609,95,1883,1387,1476,1585,616,738,117,1779,1289,1330,1461,1951,1958,1499,1725,1192
592,1064,1018,375,1718,806,1133,1684,944,871,1750,1480,677,791,991,2068,1156,35,861,691,1995
593,1064,1156,1995,1933,861,35,1133,1796,375,1214,31,1637,871,944,1541,1018,444,823,8,806
594,35,1637,1796,8,498,456,31,357,74,1541,958,92,1197,1993,1156,823,1933,1214,861,1995
595,8,35,1796,31,456,357,92,74,1637,1993,1197,498,958,861,1156,1541,2037,1933,1214,1995
596,35,1637,1796,456,1541,498,1156,31,8,1933,823,1995,861,1214,357,74,1197,444,1993,92
597,35,456,1796,8,357,31,1637,74,1993,92,1197,498,1156,1541,958,861,1933,1995,1214,823
598,35,1637,8,1796,456,31,74,357,1993,92,1197,498,1156,1541,958,861,1995,1933,1214,823
599,1833,727,14,221,93,1396,852,749,95,1010,1923,881,128,1764,43,1775,1749,1721,1192,1512
600,727,221,1833,14,93,1396,852,749,1923,128,95,1010,1721,1775,1703,881,1749,1764,1192,43
601,221,1833,727,14,93,1396,749,852,1923,95,1721,128,1649,819,546,1010,881,1775,1749,1703
602,35,1637,1156,31,1796,8,1541,456,1995,357,591,74,1933,1214,92,861,1993,958,498,444
603,1933,1541,861,1156,1995,1214,444,823,35,1796,1637,456,8,357,31,1197,498,74,92,958
604,1933,1995,861,1156,1541,444,1214,823,35,1637,1796,31,8,498,357,456,1197,958,92,1993
605,168,364,609,1461,738,1775,852,43,1289,1751,1883,1703,414,440,1958,1192,1355,403,448,1865
606,1933,1995,861,1541,1156,1214,823,444,958,35,1637,1796,31,498,591,357,456,8,92,1197
607,35,1637,1796,456,8,31,357,74,1993,1197,92,498,1156,1541,1995,1933,861,958,1214,823
608,117,1387,1951,1779,1009,740,357,35,8,1796,92,456,1993,1197,74,31,1637,498,861,1439
609,1833,14,727,221,93,1396,852,749,95,1010,1923,1764,128,881,1749,1775,1512,1539,1355,1721
610,1833,14,727,221,93,1396,852,749,95,1010,1923,881,128,1721,1764,1749,43,1775,712,1512
611,35,1637,8,1796,31,456,74,357,92,1993,1197,498,1156,1541,1933,1995,958,861,1214,823
612,727,221,14,1833,93,1396,749,852,95,1010,1923,128,1721,1764,1649,1775,1192,819,881,712
613,1833,14,727,221,93,1396,749,852,95,1923,1721,1649,128,1010,881,1192,1775,1749,546,609
614,14,1833,221,727,93,1396,749,852,1923,128,95,1010,1775,1749,1764,1721,881,1539,819,1703
615,8,35,357,456,1796,31,92,74,1993,1637,117,1197,740,1387,1009,1779,1951,498,958,1156
616,1064,375,1018,1718,944,1684,1156,871,806,861,1133,1995,1933,1214,1541,444,823,35,1480,791
617,727,221,1833,14,93,1396,852,749,95,1923,128,1721,1010,881,1749,1775,1703,1764,43,1664
618,301,1721,1183,95,14,727,93,1405,1800,1833,1534,1923,609,440,881,712,221,2025,546,1396
619,35,8,1796,31,74,1637,456,357,1993,92,498,1197,958,1156,1541,1995,861,1933,1214,823
620,727,14,1833,221,93,1396,852,749,1010,128,1923,95,1764,1721,1703,1775,881,1749,712,43
621,168,364,1751,1913,1954,1461,43,117,1883,1476,738,609,1703,852,1355,1958,403,1775,1499,1330
622,301,1721,1183,95,1800,14,727,1534,2065,1405,679,1387,440,1108,1833,609,521,729,299,1923
623,1833,14,727,221,93,1396,852,749,1010,95,1923,128,881,1764,1749,1775,1512,1539,1355,582
624,168,364,1958,403,1775,738,1387,1461,1355,117,1381,1539,43,95,1910,1143,711,1751,1476,1779
625,168,364,1883,1476,616,1330,609,1913,1958,95,1289,1954,1461,1387,738,546,117,1499,1703,403
626,35,1064,31,1796,1637,8,74,1993,456,357,92,375,498,1018,806,1684,1718,1197,1995,1156
627,168,364,1883,1779,117,1461,1585,1387,1476,609,1958,616,1703,403,1913,1775,1664,1289,738,1009
628,168,364,1779,1387,117,1725,1461,1910,1751,1355,582,414,448,1958,1010,1703,738,1143,1664,1883
629,799,327,7,171,2034,513,1783,1588,410,1097,958,1621,2037,581,1581,6,1640,99,1699,1100
630,117,1779,1387,740,1009,1951,35,357,8,456,92,74,1796,31,1993,1197,1637,498,958,861
631,168,364,1387,1779,1958,609,1883,1910,1476,117,1330,95,616,1461,1954,403,807,1585,738,448
632,168,364,1958,95,403,1289,609,1725,1461,1355,738,1476,117,1883,1703,1751,1775,1330,43,582
633,1833,14,221,727,93,1396,852,749,1010,128,1923,1764,95,1775,881,1749,43,1355,1512,1703
634,35,1796,1637,31,456,357,8,74,1993,498,92,1197,958,1541,861,1156,1933,1995,1214,444
635,168,364,1461,1476,1883,1958,403,1381,609,95,1585,1289,1954,1913,1703,1330,852,1725,616,117
636,14,1833,221,727,93,1396,852,749,1923,1010,128,95,1775,881,1764,1192,1749,43,712,1539
637,221,1833,727,14,93,1396,852,749,1923,1010,128,95,1775,1764,1749,43,881,1703,712,1539
638,1833,14,727,221,93,1396,749,852,95,1010,1923,128,1764,1749,881,1721,1775,1512,712,1539
639,289,35,958,1637,2037,357,8,74,31,456,1796,1993,1933,44,1541,1197,92,1156,498,444
640,14,1833,727,221,93,1396,749,852,1010,1923,128,95,1764,1355,1512,1775,1749,1283,1054,881
641,727,1833,14,221,93,1396,852,749,1923,95,128,1721,1010,881,1749,1775,1649,1192,1703,43
642,14,1833,221,727,1396,93,852,749,1923,1010,95,1775,881,1749,43,1764,128,1539,712,1512
643,727,221,14,1833,93,1396,852,749,1923,95,128,1775,1010,881,1749,43,1192,1539,1703,1721
644,14,727,1833,221,93,1396,749,852,95,1923,128,1010,1721,1649,881,1775,1192,819,1703,1749
645,1064,375,1018,35,1684,806,31,1796,1637,1718,8,1133,456,74,1993,1995,92,1156,357,958
646,35,1637,1796,31,74,357,8,456,1197,498,92,1993,1156,958,1541,1933,1214,861,1995,444
647,168,364,1143,1775,1381,38,711,738,1913,1461,1476,1330,95,1910,1289,852,1958,403,1539,1954
648,1064,1133,1018,375,1718,944,806,1684,871,1156,1995,35,1933,861,31,1796,677,8,1637,1541
649,35,1933,1541,861,1995,1156,1214,1637,444,456,1796,31,8,357,823,498,1197,74,1993,92
650,301,1721,1183,95,727,14,1800,1534,1405,1923,729,299,738,712,1833,440,1108,881,1512,609
651,289,958,35,1637,2037,31,8,357,1933,74,1796,456,1541,1156,44,1993,861,444,92,1214
652,1387,117,740,1009,1779,1951,35,8,456,357,92,1796,1197,31,1993,74,1637,498,861,1541
653,1833,221,14,727,93,1396,749,852,1923,95,128,881,1010,1775,1749,43,1764,712,1192,1721
654,168,364,1476,1883,1958,403,609,1330,616,1910,738,1461,1865,1703,95,1913,1954,1355,1585,1387
655,168,364,117,1958,609,1883,1476,1779,1330,403,1387,561,1951,616,95,440,1009,1461,442,1913
656,861,1933,1541,1156,1995,1214,444,823,35,1637,31,1796,456,357,1197,498,8,92,74,1993
657,1156,1541,1995,861,1933,444,1214,823,35,1064,8,31,1637,1796,456,357,498,92,74,375
658,168,364,1958,403,1910,609,1883,1703,1779,738,1913,1461,1289,1476,1664,1499,1876,616,1387,95
659,168,364,1476,609,616,1883,327,1461,2034,1954,448,1330,1192,171,1186,483,1499,1913,1779,561
660,168,364,738,1913,1461,1703,1958,609,403,1664,43,1954,1143,1289,852,1883,1775,38,1910,95
661,168,364,1461,738,1751,1355,609,1958,1775,117,1703,403,1381,852,1585,1883,1779,43,1010,1476
662,35,357,456,1796,1637,31,8,1993,74,1197,92,498,1156,958,861,1541,1933,1214,1995,823
663,1833,14,727,221,93,1396,852,749,95,1010,1923,128,881,1775,1749,1764,712,1539,43,1721
664,1064,944,1018,375,1133,871,1718,806,1156,1684,1995,35,861,1933,31,1750,1796,1214,1541,1637
665,168,364,738,609,1664,852,403,1958,43,95,1289,1461,1775,1585,1910,1355,1703,1883,1913,1186
666,14,1833,727,221,93,1396,749,852,1010,1923,95,128,1764,1775,1512,881,1749,1539,1703,1721
667,117,1387,1779,1009,1951,740,35,357,456,8,1796,92,1197,1993,74,31,1637,498,958,861
668,168,364,117,1476,1958,1387,1779,1883,1009,95,1330,616,1951,403,711,1381,1775,1461,1289,1143
669,14,1833,727,221,1396,93,749,852,95,1923,1010,128,1649,1192,1775,1721,881,1749,712,43
670,14,1833,727,221,93,1396,749,852,1923,95,128,1010,1775,1721,881,1764,1749,819,1703,546
671,221,14,727,1833,93,1396,749,852,1010,1923,128,95,1721,819,1703,1764,1775,1749,881,1192
672,301,1721,1183,95,1800,14,727,2065,679,1534,1108,729,1405,299,521,1923,609,881,440,738
673,35,1637,1796,8,456,357,31,1993,92,74,1197,498,958,1541,1156,861,1933,2037,1995,1214
674,35,1541,1933,1156,861,1995,31,1637,1214,1796,823,444,456,357,8,498,74,1993,1197,92
675,35,456,8,1796,1637,1993,357,31,74,1197,92,498,958,1156,1933,1541,861,1995,2037,1214
676,14,221,1833,727,93,1396,749,852,95,1923,1010,128,1721,1775,881,1764,1192,1649,1749,712
677,14,1833,727,221,93,1396,749,852,95,1923,1010,128,1721,1775,881,1649,1749,1539,1764,43
678,168,364,403,1958,738,43,609,1664,1461,1751,117,1703,1910,95,448,1499,1355,1883,1779,1211
679,117,1387,740,1009,1951,1779,8,35,456,357,1796,92,31,1993,1197,74,1637,498,958,289
680,7,327,171,2034,799,513,1783,1699,6,1588,561,958,1322,410,1621,1640,1440,1581,2037,1097
681,35,456,8,1796,1637,357,31,1993,74,1197,92,498,958,1156,1541,1933,861,1995,823,1214
682,861,1995,1933,1541,1214,1156,823,444,35,1637,1796,958,31,456,357,8,498,591,1197,1993
683,799,327,7,2034,171,1588,513,1783,410,1097,958,1581,2037,581,99,697,1699,1621,6,2013
684,35,1796,8,31,456,1637,357,74,1993,1197,92,498,1541,1156,958,1933,861,1995,1214,444
685,168,364,95,1355,1751,403,582,1289,1958,609,1499,852,1396,1476,1461,1330,738,1010,414,1954
686,1933,861,1156,1541,35,1214,1995,444,823,1637,1796,31,456,8,1197,357,74,498,1993,92
687,1387,740,1779,117,1009,1951,35,357,8,456,1796,92,1197,74,31,1637,1993,498,958,1541
688,1541,35,1156,1214,823,861,1995,1933,1637,1796,958,444,498,31,456,8,357,74,92,1197
689,117,1387,740,1009,1779,1951,35,8,357,456,31,1796,92,74,1993,1637,1197,498,958,861
690,727,1833,221,14,93,1396,852,749,1923,95,128,1721,881,1010,1749,1775,1649,1539,43,1650
691,1833,14,727,221,93,1396,852,749,1923,95,128,881,1010,1775,1749,1764,43,1721,1539,1192
692,1833,221,727,14,93,1396,852,749,1010,1923,95,1764,128,1749,881,1775,43,1721,712,1539
693,1833,14,221,727,93,1396,749,852,1923,1010,95,128,1764,1775,1749,881,43,1539,1512,712
694,117,1387,740,1951,1779,1009,35,8,92,357,31,456,1796,1993,1197,74,1637,498,958,861
695,1833,14,221,727,93,1396,749,852,1923,95,1010,128,1749,1775,881,1192,1764,1539,1721,1512
696,14,1833,727,221,1396,93,852,749,95,1923,1010,1775,881,128,1749,43,1539,712,1649,1764
697,168,364,609,1958,403,1461,1476,1585,1913,1289,1775,483,1192,1703,1954,1883,448,117,1381,1876
698,35,31,1637,456,357,8,1796,74,1993,1197,498,92,1156,1933,861,1995,1214,1541,958,823
699,168,364,1289,1910,1143,1703,738,1779,671,1381,1883,1958,1913,616,1387,403,1476,1775,1461,711
700,117,1387,740,1009,1779,1951,35,8,456,1796,357,92,31,1993,74,1197,1637,498,958,861
701,1995,1541,1933,861,1156,1214,444,823,35,1796,31,1637,456,357,498,8,958,1197,1993,74
702,1833,727,221,14,93,1396,749,852,1010,95,1923,128,1721,819,1764,881,1649,1703,712,546
703,301,1721,1183,95,727,14,1800,440,1833,1534,221,609,299,1923,1405,712,881,2065,1396,278
704,727,1833,221,14,93,1396,852,749,1923,95,1010,128,1721,1749,1775,1764,881,1539,43,763
705,168,364,738,1461,609,1883,1703,1476,43,1751,1779,616,1387,117,1910,1913,1355,1585,1954,95
706,35,1796,31,861,1637,1156,1995,456,8,1541,357,1933,74,1214,958,498,92,1993,444,823
707,14,1833,221,727,93,1396,852,749,1010,1923,95,128,1764,881,1775,1749,1192,1512,43,1355
708,861,35,1933,1156,1995,1214,1541,823,444,1637,31,1796,357,456,498,8,1197,74,1993,92
709,117,1387,1779,1951,740,1009,35,357,8,92,456,1993,1796,31,1197,74,1637,958,498,289
710,35,456,357,8,31,1796,1637,1993,74,92,1197,498,958,1156,861,1933,1214,1541,1995,2037
711,168,364,1958,403,1143,1910,711,1381,1539,1387,1779,609,1883,1118,1913,1289,1330,1775,38,95
712,301,1721,1183,95,14,727,1923,712,1534,299,1512,738,609,1405,1833,1664,43,221,1800,881
713,1995,861,1156,1933,1541,444,823,1214,35,1637,1796,31,498,456,8,1197,357,591,958,74
714,1833,14,727,221,93,1396,749,852,1923,95,1010,128,1775,1721,1749,1764,1703,881,1539,43
715,35,8,456,1637,1796,31,1993,74,357,1197,92,498,958,1156,1933,1541,1995,861,1214,444
716,301,1721,1183,95,14,727,1534,299,1800,1923,1405,403,881,2025,1833,440,278,1108,1664,729
717,1933,861,1541,1156,1995,444,823,1214,35,1637,1796,31,8,958,456,498,357,1197,74,92
718,861,1541,1933,1995,1214,1156,444,823,591,1581,35,958,944,1439,31,1447,1064,99,1404,174
719,14,1833,727,221,1396,93,852,749,95,1923,1010,881,128,1775,43,1749,1764,1192,1512,712
720,168,364,1958,1476,403,1910,1883,609,1461,1289,616,1330,1499,95,738,1954,1938,1703,852,1775
721,35,31,8,357,1637,1796,456,1993,74,92,1197,498,958,1156,861,1933,1541,1995,1214,289
722,1833,221,727,14,93,1396,852,749,95,1923,881,1010,128,43,1721,1775,1192,1749,1649,712
723,1058,1355,1010,1054,1512,1751,1764,1283,582,1705,1149,1806,448,414,1143,1725,1396,128,1118,1749
724,301,1721,1183,95,1800,2065,729,679,1108,521,299,14,727,1534,2043,1405,440,1851,1793,528
725,1833,727,14,221,93,1396,852,749,1923,95,128,1721,1775,881,1649,1749,1010,43,763,1539
726,35,8,31,1637,357,456,1796,74,1993,92,289,1197,958,498,1933,1156,2037,861,1541,1995
727,168,364,1883,1476,1387,738,1958,117,1461,1913,616,1779,1703,403,1330,609,95,1865,1954,1664
728,301,1721,1183,95,727,14,1800,1534,1405,1833,440,299,1923,1664,2065,1108,679,712,738,521
729,117,1009,1387,1779,1951,740,35,1796,357,456,8,92,74,1993,1197,31,1637,498,958,861
730,327,799,7,1588,171,2034,513,1783,410,1097,958,1581,2037,99,697,581,2013,1621,44,1100
731,301,1721,1183,95,1800,14,727,299,1405,881,440,729,403,1108,1534,521,1833,2065,679,1923
732,35,1156,861,1933,1796,31,1541,1637,1995,456,357,444,1214,1197,8,823,498,1993,74,92
733,861,1933,1995,1541,1156,1214,444,823,35,958,1796,1637,31,498,456,8,357,92,1197,74
734,1833,727,221,14,93,1396,852,749,1923,95,128,1010,881,1721,1749,1775,546,1703,819,43
735,727,1833,14,221,93,1396,852,749,1923,95,1010,128,1192,881,1721,1749,1775,1764,1703,43
736,1058,1355,1010,1512,1054,1751,1764,1283,582,1705,1149,1806,414,448,1143,1118,1725,1749,711,1396
737,2037,35,958,1637,8,74,456,357,1796,44,289,31,92,1197,1933,1993,1541,1156,498,1214
738,168,364,609,1461,738,1703,1958,403,1883,117,1779,1751,440,1192,483,1539,1775,1476,613,1910
739,168,364,1958,609,95,403,738,1192,1330,1476,1910,1883,440,1775,1355,1539,1289,483,1865,1664
740,1833,14,221,727,93,1396,852,749,1010,1764,1923,1775,128,95,1749,881,1512,43,1355,1539
741,1833,14,221,727,93,1396,749,852,1010,1923,128,95,1775,1749,1764,881,1539,1192,1355,1512
742,14,1833,727,221,93,1396,852,749,95,1923,128,1010,881,1721,1764,1775,1749,43,301,364
743,1933,861,1541,1156,1995,444,1214,823,35,1637,1796,31,498,357,456,8,1197,958,1993,74
744,301,1721,1183,95,727,1923,14,712,1405,1534,881,1800,738,1289,43,1833,1664,299,819,221
745,168,364,1461,1775,1883,1476,1289,1499,1779,1143,1387,1913,1381,738,616,448,1958,117,711,403
746,1541,1933,1156,861,1995,1214,444,35,823,1637,1796,31,456,8,1197,357,498,74,1993,92
747,301,1721,1183,727,95,14,299,1923,1534,1833,440,221,1800,403,2025,609,1143,1396,109,712
748,1833,221,727,14,93,1396,749,852,1923,95,128,1721,1775,881,1749,1010,1649,43,763,712
749,727,1833,221,14,93,1396,852,749,1923,95,128,1192,1010,1721,881,1749,1775,609,440,1703
750,1833,727,14,221,93,1396,852,749,1010,95,1923,128,1764,1721,881,1749,1775,43,712,1649
751,1933,1541,861,1995,1156,1214,444,823,35,1637,1796,31,498,456,8,958,357,1197,92,74
752,1833,14,727,221,93,1396,852,749,1010,1764,1923,95,1512,881,128,1775,1749,1355,1283,1054
753,727,1833,14,221,93,1396,852,749,1010,1923,128,95,1764,1749,1775,881,1512,1539,1192,1283
754,14,1833,727,221,93,1396,852,749,95,1010,1923,1721,128,881,1749,1764,1775,1512,1649,1539
755,168,364,117,1387,1476,1883,1775,1461,1381,1779,1958,609,1539,1009,1289,1143,403,414,1951,1330
756,301,1721,1183,95,727,14,93,1923,1833,881,1534,1800,221,440,609,1405,712,1396,546,819
757,221,1833,727,14,93,1396,852,749,1010,95,1923,128,1764,881,1749,43,1775,712,1703,1539
758,1833,14,727,221,93,1396,852,749,95,1923,881,1010,128,1775,1749,1539,1721,1764,1192,43
759,14,727,1833,221,93,1396,749,852,95,1923,128,1721,1649,881,1775,1010,1703,1749,301,43
760,168,364,1958,403,1330,1883,609,117,1476,1779,95,1703,1387,1913,43,1973,616,1910,738,1355
761,168,364,1958,1883,403,1703,1913,609,1476,1461,1954,1910,1499,1289,43,1973,616,738,1391,1865
762,168,364,403,1461,1958,799,1725,414,1664,738,1289,43,327,852,1883,1910,1476,1954,2034,1913
763,168,364,1751,43,738,1355,1476,1954,1883,1461,448,1775,117,1913,1779,1703,414,616,582,1499
764,1058,1355,1010,1054,1512,1751,1764,1283,582,1705,1149,1806,448,414,1143,1118,1396,1749,1725,711
765,35,31,8,1796,1637,357,456,74,1993,92,1197,498,958,1156,1995,1541,861,1933,1214,823
766,221,1833,727,14,93,1396,852,749,1923,95,128,1010,1192,1721,1775,881,1749,43,1649,609
767,1833,14,221,727,93,1396,749,852,1923,95,128,1010,1775,1649,881,1749,1721,1539,43,1192
768,1833,14,221,727,93,1396,852,749,1923,95,1010,128,881,1721,1775,1749,1764,1539,43,1512
769,1541,1933,1156,861,1995,444,823,1214,35,1796,1637,31,8,456,498,357,1197,958,74,1993
770,591,1447,35,1995,1156,1541,6,31,1214,1933,1640,456,1637,1440,357,861,8,444,958,1796
771,221,14,1833,727,93,1396,852,749,1010,1923,128,95,1764,1749,1775,881,43,712,1539,1512
772,35,1637,8,1796,31,74,456,357,1993,92,498,1197,958,1156,1541,1995,1933,861,1214,823
773,1833,14,221,727,93,1396,852,749,1010,1923,1764,128,1775,95,1749,881,43,1512,1355,1539
774,14,1833,727,221,93,1396,852,749,95,1923,128,1010,1775,881,1721,1749,1192,1539,43,1764
775,301,1721,1183,95,14,727,1800,299,1534,2065,440,2025,729,1108,1405,679,609,109,1923,278
776,727,1833,14,221,93,1396,852,749,95,1923,1010,128,1764,881,1775,1749,1721,1539,43,1512
777,1387,117,1779,740,1009,1951,35,357,8,456,92,1796,1993,74,31,1197,1637,498,958,44
778,168,364,1355,117,1751,1779,43,1958,95,1387,403,609,738,1954,1289,1775,1499,1703,1725,1910
779,1833,14,221,727,93,1396,749,852,1010,1923,1764,1749,1775,95,128,1512,881,1539,1192,1355
780,35,31,1637,1796,8,357,456,74,1993,92,1197,498,1541,1156,958,861,1995,1933,1214,823
781,168,364,1958,403,1461,117,738,1910,1883,1664,1289,1913,1779,128,609,711,1703,1938,1775,95
782,301,1721,1183,95,727,14,1833,1405,1512,1283,1534,1923,93,1764,712,440,1800,1664,221,299
783,168,364,1461,1910,1703,1779,1499,609,1913,738,1883,1938,1289,414,1958,483,1192,403,1241,448
784,301,1721,1183,95,14,1800,727,2065,440,1534,609,299,679,1405,1108,729,1833,1923,881,221
785,35,1637,1156,1995,1796,1541,861,1214,1933,456,31,498,823,357,8,74,958,1993,444,1197
786,8,35,456,1796,1637,31,74,1993,357,92,1197,498,958,1156,1541,1933,2037,861,1995,823
787,168,364,403,1958,1664,738,1461,1779,609,117,1585,1775,1703,1211,1954,1883,1387,43,1751,1876
788,168,364,738,609,1355,95,1751,1010,1192,1910,1725,1396,582,43,1664,221,1958,852,1779,440
789,221,1833,727,14,93,1396,852,749,1923,1010,95,1721,881,1749,1764,128,1775,712,1192,43
790,1833,727,14,221,93,1396,749,852,1010,95,1923,1764,1721,128,881,546,1749,1775,1512,43
791,168,364,1779,1958,1910,1703,403,117,1883,1387,1461,1476,1289,1330,95,1009,616,609,738,1913
792,871,944,1541,1750,861,1156,791,2068,991,1214,1995,1933,1480,1064,1018,444,35,1796,8,823
793,168,364,1958,1883,403,609,95,738,1476,43,1330,1703,1499,1461,1779,616,117,1775,1387,1954
794,1833,14,727,221,93,1396,749,852,1010,1923,95,128,1764,1721,1355,1512,1749,1775,819,1283
795,168,364,1958,403,1289,1461,117,1387,1779,738,711,1775,1913,1664,1381,1910,852,1009,1883,1143
796,14,221,727,1833,93,1396,852,749,1010,95,128,1923,881,712,1764,43,1775,1749,1721,1192
797,35,1637,1796,8,456,31,357,74,1993,498,1197,92,1541,1156,958,861,1995,1933,1214,823
798,301,1721,1183,95,1800,727,1534,2065,679,521,1923,1108,1289,14,1664,729,1405,1793,403,528
799,301,1721,1183,95,14,727,1534,1800,1387,1405,1923,299,440,1101,609,1833,1289,712,278,2065
800,1933,1541,861,1995,1156,444,1214,823,35,1637,31,1796,456,498,8,357,1197,1993,74,92
801,301,1721,1183,95,727,14,299,1923,1534,1512,403,738,712,1800,1664,1833,2025,1405,881,109
802,168,364,1476,609,1958,1883,1461,403,1330,95,738,1913,852,1289,616,1192,1703,38,1499,448
803,1833,221,14,727,93,1396,852,749,1010,1923,95,128,1775,1749,881,1764,1539,1512,1721,43
804,301,1721,1183,95,14,727,1405,1800,881,93,1833,1534,1923,440,712,299,609,679,2025,1512
805,301,1721,1183,95,727,14,1534,299,1283,1405,1800,1833,403,1512,2025,521,440,1923,1764,1664
806,1833,14,727,221,93,1396,852,749,1923,95,128,1010,881,1775,1721,1749,43,1539,763,1192
807,35,1637,1796,8,31,456,357,74,1993,92,1197,498,958,1541,1156,1933,1995,861,1214,823
808,301,1721,1183,95,727,1800,1534,14,1405,1664,521,1512,679,2065,738,1764,729,1923,1108,1833
809,35,958,1933,2037,1637,1541,1156,74,8,1796,456,1214,1995,823,44,861,357,444,31,92
810,35,8,456,1637,1993,1796,31,357,74,1197,92,498,958,1156,1933,1541,1995,861,1214,2037
811,301,1721,1183,95,14,727,1534,1800,1405,1833,2065,1923,679,93,440,609,2025,1664,1396,278
812,168,364,1883,1703,1958,1476,403,1913,1461,609,1381,1910,1289,616,896,1775,738,1954,1585,1725
813,168,364,1779,1910,1958,1387,1913,1476,403,1883,1330,616,1499,1703,117,95,1461,609,1951,1009
814,35,1637,958,8,1796,456,31,74,357,1993,1933,2037,92,1156,1197,1541,498,1995,861,823
815,727,1833,14,221,93,1396,852,749,95,128,1923,1010,1721,881,1775,1764,1749,43,1649,1703
816,1933,861,1156,1995,1541,1214,444,823,35,1637,944,1796,31,591,8,456,357,871,498,958
817,861,1933,1995,1541,444,1156,1214,823,35,958,871,944,1796,1637,31,8,1581,456,591,498
818,14,727,1833,221,93,1396,852,749,95,1923,1010,128,881,1192,1749,1775,43,1721,609,1539
819,861,1933,1541,1995,1156,444,1214,823,35,1637,1796,31,958,498,456,357,8,1197,1993,74
820,14,1833,727,221,93,1396,749,852,95,1923,1010,128,1721,1649,1192,881,1775,1749,1961,1143
821,168,364,1461,609,117,403,1958,43,1585,738,1913,1703,852,1883,448,896,1476,1664,1954,1387
822,14,727,1833,221,93,1396,852,749,1923,128,95,1010,1775,881,1749,1764,1703,1539,1721,1192
823,1064,1018,375,1718,1684,806,871,944,1133,1480,1750,1995,791,1156,861,677,991,35,1214,1933
824,35,1637,8,31,357,1796,456,74,1197,498,92,1993,1156,958,861,1933,1541,1214,1995,444
825,1058,1355,1010,1512,1054,1751,1764,1283,1705,582,1149,448,1806,414,1143,1118,1749,711,1396,1725
826,861,1933,1995,1541,1214,1156,823,444,35,1637,958,1796,31,8,456,357,498,1197,92,1993
827,35,1637,31,1796,8,357,456,74,1993,92,1197,498,1156,1541,1933,958,1995,861,1214,823
828,35,1796,1637,31,456,8,357,74,1993,92,1197,498,1156,958,1541,861,1995,1933,1214,823
829,168,738,364,609,1664,1585,1958,43,403,1461,1703,117,1779,1751,1387,1913,1725,1355,1775,1289
830,35,1637,31,456,8,1796,357,74,1993,498,1197,92,1156,1933,1995,861,1541,1214,823,444
831,301,1721,1183,95,14,727,1534,93,1405,1923,1800,1833,609,881,278,2025,712,221,440,1396
832,301,1721,1183,95,14,1405,727,1800,1923,1534,1512,712,881,93,1833,609,679,1355,1108,1664
833,35,8,456,1796,74,357,1637,31,1993,92,1197,498,958,1156,2037,1933,1541,861,1214,1995
834,1933,1541,1995,861,1214,1156,444,823,35,958,1637,1796,31,8,357,498,456,74,92,1993
835,35,1637,8,456,1796,31,74,357,1993,1197,92,498,958,1156,1541,1933,861,1995,1214,823
836,14,1833,727,221,93,1396,749,852,95,1923,1010,128,1721,881,1775,1649,1749,1764,43,1539
837,35,456,1637,1796,8,357,31,1993,74,92,1197,498,958,1541,1156,1933,861,444,1995,1214
838,861,1933,1995,1541,1156,823,444,1214,35,958,1637,31,1796,8,498,456,357,1197,1581,1993
839,168,364,1883,1958,1476,1913,1499,896,711,609,1461,1910,403,616,1954,738,1330,95,1381,1703
840,1833,727,221,14,93,1396,749,852,1923,95,1010,1775,128,1721,1749,881,1539,1764,43,1649
841,1933,1541,861,1995,1156,444,1214,823,35,31,1796,456,1637,498,8,357,1197,591,958,74
842,301,1721,1183,95,1800,727,729,1534,14,1108,2065,1405,521,679,1923,403,299,1289,278,1664
843,1933,1156,1541,1995,861,444,1214,823,35,1796,31,1637,8,456,357,74,1197,1993,498,92
844,727,1833,14,221,93,1396,852,749,1010,1923,95,128,1764,1749,1775,881,1721,43,1355,1512
845,861,1156,1541,1995,1933,1214,823,444,35,1637,31,1796,357,8,958,456,74,498,1197,92
846,1064,375,1018,1718,806,1684,1995,1156,35,1133,861,1933,31,1796,1214,1541,1637,871,944,8
847,168,364,609,1461,403,1958,1910,1703,852,738,1499,440,1192,483,1913,1883,1476,1330,95,616
848,301,1721,1183,95,1800,1405,1108,729,679,14,2065,521,1534,727,881,1923,912,299,712,2043
849,1933,1541,861,1995,1156,1214,444,823,35,1637,958,1796,31,8,456,498,357,1197,74,1993
850,35,8,1637,31,1796,456,357,1993,74,1197,92,498,958,1156,1541,1933,289,861,1995,444
851,1833,221,14,727,93,1396,749,852,1923,1010,95,128,1721,1749,1775,881,1764,1539,1512,712
852,14,221,1833,727,93,1396,852,749,1010,95,1923,1721,128,1764,881,1775,712,1749,1703,1512
853,35,1541,1637,1156,1796,823,1933,1214,861,958,1995,498,456,444,8,31,92,357,74,1197
854,301,1721,1183,95,1800,1405,1108,521,729,679,2065,14,1534,881,1923,299,403,727,819,2043
855,168,364,738,1461,609,1883,403,1703,1958,1289,43,1664,1954,1913,1476,1910,807,440,1330,1775
856,35,1796,1637,31,357,8,456,74,498,1993,958,92,1197,1156,1541,861,1933,1995,1214,444
857,35,1796,1637,31,357,74,456,8,861,498,1993,1156,958,92,1541,1995,1197,1214,1933,823
858,301,1721,1183,95,14,727,299,609,1534,1923,1512,1800,440,738,1833,2025,1664,109,712,1396
859,35,1637,2037,958,289,8,74,357,31,1796,456,1541,44,1933,1993,92,1156,1197,498,444
860,221,14,727,1833,93,1396,852,749,1923,128,95,1010,881,1775,1749,43,1721,1764,1539,1703
861,117,1779,1387,1951,1009,740,35,8,92,357,31,1796,74,1993,456,1197,1637,958,498,861
862,1933,861,1541,1156,1995,1214,444,823,35,1637,1796,31,958,357,1197,8,498,456,74,1993
863,168,364,738,1913,1703,1775,711,1143,1381,43,1958,1461,1664,403,1883,1954,1476,1539,414,1281
864,1064,375,1018,1718,806,1684,1995,1156,861,871,1933,1214,1541,944,1796,31,1133,35,444,8
865,35,8,456,1796,31,74,357,1993,1637,92,1197,498,958,1156,861,1541,1995,1933,1214,6
866,14,1833,727,221,93,1396,852,749,95,1010,1923,128,881,1764,1721,1512,1775,1192,1749,1539
867,168,364,1883,1476,1725,1958,738,609,1913,1865,1703,1910,403,1192,1461,1330,1499,1775,1381,43
868,117,1387,1779,740,1951,1009,35,357,92,456,8,1796,74,1197,1993,31,1637,498,958,861
869,35,8,1993,31,1637,456,1796,357,74,92,1197,498,958,1156,1933,1541,1995,861,289,1214
870,1833,727,14,221,93,1396,749,852,95,1923,1010,128,881,1721,1775,1749,1764,546,1539,1703
871,1833,14,727,221,93,1396,749,852,1923,1010,95,1721,1649,128,1775,1192,1749,1764,1961,1539
872,301,1721,1183,95,14,727,712,1405,1512,1833,1923,609,299,1800,881,738,221,1534,440,93
873,1833,221,14,727,93,1396,852,749,1923,95,1010,43,1775,881,1764,1749,128,712,1192,1721
874,1833,14,727,221,93,1396,749,852,1010,1764,95,1923,128,1512,1355,1775,1749,881,1283,1058
875,1833,727,221,14,93,1396,749,852,1923,95,881,1721,128,1775,1749,1649,546,43,1192,1010
876,35,8,456,1637,1796,357,31,1993,74,92,1197,498,958,2037,289,44,1541,1156,1933,861
877,1833,221,727,14,93,1396,749,852,1923,95,1010,1749,1775,881,1721,128,43,1764,1539,712
878,301,1721,1183,95,727,14,1534,299,1833,1800,440,1923,1405,1664,2025,1512,609,1396,109,2065
879,14,727,1833,221,93,1396,749,852,95,1923,1721,1649,128,881,1775,1010,1749,1961,763,1192
880,727,14,1833,221,93,1396,852,749,1923,95,128,1010,1775,881,1721,1749,1192,1539,1764,1703
881,35,456,357,8,31,1796,1993,1637,74,1197,92,498,958,1156,861,1933,1995,1541,1214,823
882,727,1833,14,221,93,1396,852,749,95,1923,128,1721,1010,881,1649,43,1703,1775,1749,819
883,1833,14,221,727,93,1396,852,749,1010,1923,1764,1775,95,128,1749,881,1539,1512,1355,43
884,1933,861,1995,1541,1156,444,1214,823,35,1796,31,1637,8,456,357,498,1197,1993,92,74
885,35,1796,31,8,456,1637,357,74,1993,1197,92,498,1156,1541,861,1995,1933,1214,958,444
886,14,1833,727,221,1396,93,852,749,95,1923,1010,881,1775,128,1749,1764,43,1539,1192,1512
887,301,1721,1183,95,727,14,1405,1800,1833,1534,1923,521,881,679,440,1764,1512,712,1108,1283
888,35,1637,8,31,1796,456,357,74,92,1993,498,1197,1156,1541,958,1995,861,1933,823,1214
889,301,1721,1183,95,1405,1800,727,14,1534,1387,1512,521,679,1664,1923,1108,1764,738,43,712
890,117,1387,1951,740,1779,1009,8,35,92,357,31,1796,74,456,1637,1993,1197,498,958,861
891,221,1833,14,727,93,1396,852,749,1923,95,1721,1010,712,881,128,1775,43,1749,1192,1764
892,168,364,738,609,403,1910,1958,1664,1725,43,1330,95,109,1461,440,1703,1289,852,1192,1883
893,35,1637,8,1796,31,357,456,74,1993,92,1197,498,958,1541,1156,1933,861,1995,1214,823
894,1064,375,1018,1684,806,1718,1133,944,871,1156,1995,861,1750,677,958,1933,1214,1480,35,791
895,1833,221,14,727,93,1396,749,852,1010,1923,95,1764,128,1749,1775,881,43,546,1539,819
896,168,364,609,1958,1883,403,1476,1499,738,1461,1703,1913,1779,616,1938,1289,1910,1954,448,1585
897,301,1721,1183,95,727,14,1534,1800,2025,299,440,729,2065,1833,278,1923,93,1405,403,521
898,174,1869,1581,6,2013,591,2037,2054,1156,1699,7,1640,1588,1350,410,327,1712,561,1783,99
899,1833,727,14,221,93,1396,852,749,95,1923,1010,881,128,1775,43,1749,1764,1539,546,712
900,1833,221,14,727,93,1396,852,749,1923,1010,95,128,1721,881,1749,1775,1764,712,1539,43
901,727,1833,14,221,93,1396,852,749,1923,95,128,1010,1775,1749,881,1721,1539,43,1764,1649
902,1933,861,1541,1214,1995,1156,444,823,35,1637,958,1796,31,456,1197,8,498,357,74,92
903,1933,861,1995,1541,1214,1156,444,823,35,1637,958,1796,31,456,8,357,498,74,1993,92
904,727,14,1833,221,93,1396,852,749,95,1923,1010,128,881,1764,1721,1749,1775,1539,1512,1192
905,35,357,8,31,1796,456,1637,1993,74,1197,92,498,958,117,1156,1541,1009,861,1933,1995
906,168,364,1387,1958,1779,117,1664,738,403,609,1461,1883,1910,1476,1725,483,1703,1009,1954,1876
907,35,1637,1796,8,456,31,74,1993,357,92,1197,498,1156,1541,958,1933,1995,861,444,1214
908,35,1995,31,1156,1637,1933,456,1796,8,861,1214,357,1541,498,823,74,1993,444,958,92
909,168,364,1355,1751,1010,1958,1461,738,1725,609,1883,117,414,1775,448,1476,43,582,1289,1330
910,14,1833,727,221,93,1396,852,749,1923,95,1010,128,1749,881,1775,1539,819,546,1764,1512
911,740,1387,1779,117,1009,1951,35,8,357,456,92,1796,74,31,1993,1197,1637,498,958,289
912,1833,14,221,727,93,1396,852,749,1923,95,881,1010,128,1775,1721,1192,1749,43,1764,1539
913,1933,861,1995,1156,1541,1214,823,444,35,1637,958,8,1796,31,357,456,498,1197,92,74
914,95,1520,14,727,301,93,403,1833,1405,65,670,523,117,1534,1672,1923,1873,1664,1387,274
915,861,1933,1541,1995,1156,1214,444,823,35,1637,31,1796,958,591,8,456,498,357,1197,74
916,35,31,456,8,1637,357,1796,1993,74,1197,92,498,958,1156,1933,1995,861,1541,1214,823
917,168,364,609,1910,1958,403,1387,1461,738,1779,1585,1355,1751,616,1954,1883,1330,807,1703,1476
918,168,364,609,117,1779,440,483,1958,1192,403,1913,1461,1883,738,1186,561,1387,613,1664,442
919,301,1721,1183,95,1800,1405,727,14,299,1534,521,403,1108,729,1833,679,440,2065,881,712
920,168,364,1461,738,1910,1958,95,1143,1725,852,1913,38,403,1775,1476,1330,1954,1751,1381,582
921,168,364,738,609,1664,1461,1703,1958,1775,1913,403,1289,1585,483,1186,613,440,1779,1381,43
922,1833,727,14,221,93,1396,852,749,1923,1010,95,1775,1749,128,1764,881,1539,1721,1512,43
923,168,364,1958,738,403,1883,609,1585,1355,95,1461,1476,1289,1725,616,1865,1910,1330,1751,1913
924,727,1833,221,14,93,1396,852,749,95,1923,1010,128,1721,881,1749,1775,1764,1539,712,43
925,861,1933,1541,1995,1156,444,1214,823,35,31,1796,1637,8,456,357,498,958,1197,1993,591
926,168,364,1910,609,1476,1883,1330,1461,95,1958,616,1289,403,1751,1775,738,1211,1355,1703,852
927,1933,1995,861,1541,1156,444,1214,823,35,31,1637,958,1796,944,8,871,456,357,498,1064
928,1933,1995,1156,1541,861,1214,823,444,35,1637,31,1796,456,357,498,8,1197,1993,74,958
929,727,1833,221,14,93,1396,852,749,1923,95,128,1010,1721,881,1749,1775,1703,1539,1764,546
930,168,364,1958,1664,403,738,1910,1461,1725,609,1703,1883,1856,1913,483,1289,1954,1779,1241,38
931,301,1721,1183,95,727,14,440,221,609,1923,712,299,1833,1800,646,1406,1512,738,1534,1101
932,168,364,609,1958,403,738,1330,95,1355,1289,43,1883,1476,1461,1751,1775,440,1664,1192,616
933,168,364,1883,1958,1476,1387,403,117,616,1461,1289,1779,1585,1330,738,1910,1009,1775,1913,38
934,168,364,1703,1461,738,1913,1883,609,1585,1779,1775,1958,117,1289,1910,1938,1664,403,1476,414
935,14,727,1833,221,93,1396,852,749,95,128,1923,1010,881,1721,1764,1775,1749,1192,43,1539
936,301,1721,1183,95,14,1800,1534,299,727,2065,1405,679,521,1108,440,729,2025,1664,1923,403
937,168,364,1387,609,1725,1958,117,738,403,1883,95,1461,1476,1910,1664,43,1289,1779,1865,1703
938,1833,14,221,727,93,1396,852,749,1010,1923,128,1764,95,1775,1749,881,43,1539,1512,819
939,168,364,403,1958,1461,43,738,1883,1910,1355,1751,609,1476,616,1865,1703,1289,1330,1664,1954
940,168,364,1910,609,1883,1958,403,1476,1703,616,1330,1499,1461,1913,1289,1954,95,807,738,440
941,1933,1541,1995,861,1156,1214,444,823,35,958,1637,31,1796,456,357,8,498,591,1197,74
942,35,1637,958,8,289,31,1933,1541,1156,357,74,2037,456,1796,1995,861,1993,1214,823,444
943,861,1933,1541,1995,1156,1214,823,444,35,958,1637,1796,31,591,357,1581,498,8,74,1197
944,1833,14,727,221,93,1396,749,852,1923,95,1010,1721,128,1775,1764,1749,881,1649,1539,43
945,1833,14,727,221,93,1396,749,852,1010,1923,128,95,1764,1775,1749,881,1512,1539,1355,1721
946,1933,861,1541,1995,1156,1214,823,444,35,1637,1796,31,456,8,357,958,498,74,1197,92
947,301,1721,1183,95,14,1800,727,1534,2065,299,1405,679,1108,440,2025,729,521,1833,1923,609
948,1833,727,14,221,93,1396,852,749,1923,1010,95,128,1749,881,1775,1764,546,819,1539,1703
949,301,1721,1183,727,95,14,1923,1833,93,221,712,43,609,1534,1396,440,881,1800,738,819
950,1833,14,727,221,93,1396,749,852,95,1010,1923,128,1721,1764,1649,1775,819,881,1749,546
951,14,1833,727,221,93,1396,852,749,1923,95,1010,128,1775,881,1749,43,1764,712,1539,1721
952,35,8,357,31,1796,456,1637,74,1993,92,1197,498,958,861,1156,1541,2037,1933,289,1214
953,7,2034,171,327,799,513,1783,1699,6,561,1322,1621,1440,1640,1588,958,410,1581,1384,571
954,301,1721,1183,95,727,14,1923,712,881,1534,43,1833,221,1800,1405,738,1664,819,609,93
955,301,1721,1183,95,727,14,1923,1512,299,738,712,1534,221,1833,609,440,646,1283,881,1101
956,168,364,1910,1461,1703,738,1883,609,1289,43,1913,852,1725,1958,1664,483,616,1330,1476,1938
957,1833,14,221,727,93,1396,852,749,1923,95,1010,1775,881,1749,128,1539,1764,43,1512,712
958,35,1637,8,456,31,1796,357,1993,74,92,1197,498,958,1156,1933,1995,861,1541,1214,823
959,35,1637,456,31,1796,8,357,1993,74,1197,498,92,1156,1933,1995,1541,861,958,1214,823
960,301,1721,1183,95,14,727,1534,1923,2025,609,278,440,93,299,1800,1405,881,1833,265,1396
961,1933,1541,861,1995,1156,444,1214,823,35,1637,1796,958,591,31,456,357,8,1581,498,1197
962,168,364,738,1387,609,1779,1910,95,1476,1664,616,1883,1958,1330,403,1585,117,1289,440,1192
963,1058,1355,1010,1512,1054,1751,1764,1283,582,1705,1149,448,1806,414,1749,1143,711,1118,1725,1396
964,35,8,31,456,1637,1796,357,1993,74,92,1197,498,958,1156,1933,861,1541,1995,1214,2037
965,1833,14,221,727,93,1396,749,852,1923,1010,95,1749,1775,881,1539,1764,128,43,1512,712
966,168,364,1461,1751,1913,1958,117,1289,1725,1387,448,738,1703,1954,1355,403,1775,1779,414,1883
967,14,1833,727,221,93,1396,749,852,95,1923,1010,128,1721,881,1649,1775,1764,43,1749,546
968,1933,1156,1995,861,1541,444,1214,823,35,31,1796,1637,871,944,456,357,8,498,1064,1197
969,14,1833,221,727,93,1396,852,749,95,1923,1010,43,881,1775,712,128,1749,1649,1764,1192
970,301,1721,1183,95,727,14,299,440,2025,1833,1800,1534,93,1923,278,403,1405,1283,881,609
971,14,1833,727,221,93,1396,749,852,1010,95,1923,1764,1512,128,881,1355,1749,1775,1721,1283
972,14,1833,221,727,1396,93,852,749,1923,1010,95,128,1775,1764,1749,881,1539,1512,1192,43
973,14,1833,221,727,93,1396,852,749,1923,95,1010,128,1775,881,43,1721,712,1764,1749,1539
974,591,1447,1995,1156,1933,1541,861,31,1214,35,958,444,8,357,823,1796,1637,74,456,92
975,168,364,738,43,609,1703,1779,403,1461,117,1355,1387,1958,1910,1751,1664,1585,1883,109,1954
976,301,1721,1183,95,727,14,299,440,712,1923,1512,646,1534,609,1833,2025,221,1283,278,738
977,1833,14,727,221,93,1396,852,749,1010,1923,95,1764,1749,881,1775,128,1512,1539,1355,1054
978,727,1833,221,14,93,1396,852,749,1010,1923,95,128,1721,1192,881,43,1764,1749,1775,609
979,861,1541,1933,1156,1214,1995,444,871,944,1018,1064,823,375,1718,1194,1750,991,806,2068,1684
980,799,327,7,171,2034,1588,513,1783,410,958,1097,1581,697,2037,99,581,44,1640,1621,1699
981,117,1387,1009,740,1951,1779,8,35,357,456,1796,92,31,74,1993,1197,1637,498,958,861
982,1933,1156,1995,861,1541,823,444,1214,591,35,958,1637,31,1796,456,1581,8,174,944,498
983,958,2037,35,1637,289,1933,44,74,8,1796,31,456,357,1541,1993,1156,444,1995,92,1197
984,35,1796,456,1637,8,357,31,74,1197,1993,498,92,1541,1156,958,861,1995,1933,1214,823
985,1933,1541,861,1995,1156,444,1214,823,35,1637,958,31,1796,8,1197,498,357,456,74,92
986,1064,375,1018,1718,1684,806,1133,944,871,1156,861,1995,1214,1933,677,35,1796,1480,1750,31
987,35,1796,1637,31,8,357,456,74,498,1993,92,1197,861,1156,1541,958,1933,1995,1214,444
988,168,117,1779,364,1387,1958,1461,403,1009,1883,1951,1585,1910,1775,738,1476,740,1381,1703,1913
989,168,364,609,1910,616,1883,1289,1779,1461,738,1703,1476,1330,1009,403,1958,1751,1241,95,1186
990,861,1995,1933,1156,1541,444,1214,823,35,1637,1796,498,31,1197,357,958,8,591,456,1993
991,14,727,221,1833,93,1396,852,749,95,1923,1010,1721,128,881,1775,1764,1749,43,1703,712
992,301,1721,1183,95,727,14,299,1534,1833,440,1800,2025,278,403,1101,1923,2065,221,609,1405
993,168,364,403,1958,117,1775,1387,1913,738,1143,1779,711,1461,1381,1539,1476,95,1585,1954,1883
994,168,364,1958,1461,403,1289,117,1585,738,1910,1913,1751,1779,1954,1775,1355,1664,1499,448,1703
995,168,364,1958,609,738,403,1725,95,1461,1664,1910,711,1913,852,1883,1775,1954,1381,1539,1143
996,1833,14,221,727,93,1396,852,749,95,1923,128,1010,881,1721,1775,712,43,1764,1749,1192
997,1833,14,221,727,93,1396,852,749,1923,95,1010,881,1775,1749,1764,128,43,1539,1192,1512
998,1833,14,221,727,93,1396,852,749,1010,1923,95,1775,1764,881,1749,128,1539,43,1512,1143
999,1058,1010,1355,1054,1512,1764,1751,1283,582,1705,1149,448,1806,414,1143,1749,1118,711,1725,1396
