0,1018,1684,806,1718,1064,375,2065,2043,621,1844,905,1035,1480,1898,1219,1793,1851,172,839,1592
1,168,1927,2037,1111,1913,1133,44,1061,1697,1406,967,1261,1958,1763,1740,1721,1221,1042,998,1509
2,168,2037,852,1111,1927,1634,1000,44,1913,1261,1449,1406,967,1763,1061,1740,1910,1418,1721,1065
3,168,2037,1927,1111,1261,1061,1913,21,1814,289,44,357,1192,1000,1697,967,99,1406,581,1958
4,1705,582,1355,1512,1751,1058,1010,1283,1764,1054,1806,448,414,1149,711,1539,1649,1961,1381,1118
5,1355,582,1751,1058,1512,1764,1010,1705,1054,1283,1806,448,1149,414,711,1539,1649,1381,1961,1118
6,1404,958,1973,227,1439,1993,581,1447,357,870,1869,1541,591,92,1995,918,2013,174,8,1637
7,1355,582,1058,1751,1512,1010,1705,1764,1283,1054,1806,448,414,1149,711,1539,1649,738,1961,1118
8,1796,498,1993,456,1197,35,74,357,8,1637,92,31,1214,1156,444,1933,289,823,958,861
9,1447,591,174,227,1350,2059,1869,465,2054,113,804,1567,1937,697,1588,298,1712,1640,1144,1023
10,1684,375,1018,806,1718,1064,1276,2068,944,2012,1522,871,1750,1480,591,378,888,990,991,1652
11,1951,740,117,1779,1009,1387,1447,1933,1995,444,861,591,1915,1750,1214,1937,571,1197,74,871
12,14,727,1833,221,852,1396,93,749,403,998,648,1856,1958,1703,897,1272,429,1042,128,1539
13,1721,301,1183,1672,1283,1751,109,403,582,1958,95,1355,224,763,1054,474,93,1557,912,948
14,1214,1541,823,1933,1156,861,1995,444,1869,174,581,31,92,2013,1796,1197,74,870,289,1993
15,1214,823,1197,1796,1541,1993,1933,1156,861,74,31,958,456,498,8,35,1995,357,1637,444
16,1018,375,806,1718,1133,1064,1684,677,1221,227,944,581,1447,1750,870,1869,1541,1219,621,591
17,1951,740,117,1779,1009,1387,1933,444,1995,861,1214,1541,823,1156,357,958,1993,930,1197,1447
18,1355,582,1751,1010,1705,1058,1512,1764,1283,1054,448,1806,1149,414,711,1539,1649,1961,1381,1118
19,1214,1541,823,1933,1156,861,1995,444,1796,1197,958,1993,74,1869,456,357,289,31,498,8
20,375,1018,1718,806,1684,1064,1522,434,888,963,990,846,942,2012,1276,1652,719,691,621,1592
21,1355,582,1751,1010,1705,1058,1512,1764,1283,1054,1806,448,414,1149,711,1143,1539,1749,1649,337
22,1355,1705,582,1751,1058,1512,1010,1283,1764,1054,1806,448,414,1149,711,1539,1649,1381,1961,1118
23,1018,1684,806,1718,1064,375,871,1480,1750,944,2068,991,227,839,1221,677,74,759,1133,621
24,1018,375,378,1522,1718,1276,888,806,990,942,1684,846,2012,1064,1488,1652,1770,2043,1844,236
25,582,1355,1512,1751,1058,1705,1010,1283,1764,1054,1806,448,1149,414,711,1539,1649,738,1961,1118
26,14,727,1833,221,93,852,749,1396,998,648,403,1703,1775,733,1856,364,671,1721,1958,711
27,168,1042,1913,2037,364,852,14,93,1950,1833,1927,967,1971,77,1000,1856,727,749,44,1958
28,44,289,2037,823,1214,1156,1541,1995,1933,861,444,1993,958,1796,357,1197,498,2013,456,1581
29,727,1833,14,221,1396,852,93,749,998,648,403,1721,1856,1703,1958,1272,1775,128,1042,429
30,1705,582,1355,1512,1751,1058,1010,1283,1764,1054,1806,448,414,1149,711,1539,1649,1381,738,1961
31,1197,1796,74,35,1993,31,456,498,357,1637,8,92,823,1214,1156,1933,1541,1995,958,289
32,1447,591,2054,1937,1350,861,1933,1995,444,1640,1915,823,1214,1712,1197,561,74,1581,1932,1156
33,727,1833,14,221,1396,93,749,852,998,648,403,1721,1272,1775,1703,1958,168,166,1763,1118
34,582,1355,1751,1705,1010,1058,1512,1764,1283,1054,1806,448,1149,414,711,1539,1143,1118,1649,1749
35,1951,740,117,1779,1009,1387,1447,591,1937,991,2054,861,1933,1995,444,1480,823,1214,1750,571
36,1355,582,1751,1705,1010,1058,1512,1764,1283,1054,1806,448,414,1149,711,1539,1649,1961,1381,1118
37,1684,1018,375,1718,806,1064,1404,1133,958,1221,227,1993,944,677,1750,498,74,1973,456,92
38,1588,410,513,799,327,7,1581,171,2034,1783,581,174,99,870,1097,1869,1719,713,2013,1781
39,1018,375,1684,1064,1718,806,691,719,174,1581,591,1447,1522,1692,1133,963,531,1221,1624,1869
40,727,1833,14,221,852,93,749,1396,403,998,648,1721,1856,1958,1703,1272,1539,1775,128,1763
41,1387,1951,740,117,1779,1009,1447,861,1933,1995,444,823,1214,1937,1197,74,1581,1156,1541,2054
42,1214,1156,1541,823,1933,456,1197,35,1993,498,861,74,1995,1637,1796,357,92,31,444,8
43,14,727,1833,221,852,749,1396,93,1856,403,998,1958,1775,648,1703,1272,1725,1118,364,1721
44,727,1833,14,221,852,93,749,1396,648,403,998,1856,1703,1272,1539,1958,128,1721,1775,364
45,727,14,1833,221,93,852,749,1396,648,403,998,1272,1958,1703,1856,1539,1721,128,1775,1763
46,168,1927,581,1261,2037,1913,1950,852,1000,1697,1061,221,1833,44,967,1817,1696,14,99,1042
47,727,14,1833,221,1396,93,852,749,998,648,403,1721,1703,168,1856,1272,1763,1775,1913,364
48,1214,823,1933,1541,1156,861,1995,444,74,1796,1197,31,1993,35,357,92,498,1637,456,958
49,1588,410,99,1783,7,327,2034,1781,1712,799,581,513,958,1097,1581,1350,561,870,713,1322
50,958,1214,1637,31,1447,591,1993,456,1197,74,35,498,823,1156,1581,1995,8,1541,174,357
51,582,1355,1751,1010,1705,1058,1512,1764,1283,1054,1806,448,1149,414,711,1539,128,1749,1961,1649
52,799,171,1783,7,513,1588,410,327,2034,1097,1719,262,1585,697,156,1712,918,730,195,1201
53,375,1018,1064,1718,806,1684,1447,591,174,1869,1581,2054,944,677,227,31,1404,498,930,2068
54,168,2037,852,1913,727,1721,1725,904,44,1000,1763,967,1634,1406,749,1192,1111,1950,1065,1958
55,1214,823,1156,1995,1541,1933,861,444,1869,2013,1197,31,1993,1796,1581,958,35,375,581,174
56,1933,444,1541,861,823,1214,1156,1995,958,1796,74,870,357,581,1447,1993,92,1869,31,525
57,1951,740,117,1779,1009,1387,1933,444,1995,861,1214,1541,823,1156,357,958,1993,930,1197,1447
58,1018,806,1684,375,1718,1064,1447,591,677,227,1133,1404,1522,1221,2054,944,1750,174,1937,1869
59,448,1806,1149,43,712,414,1406,1010,1856,1664,738,1232,301,590,1725,840,1614,1592,153,1183
60,1214,823,1156,444,1541,1933,861,1995,74,1993,1796,1197,357,31,35,958,498,289,1869,92
61,301,1183,1721,299,403,109,1958,1355,1449,1751,1749,1143,1764,128,582,711,1283,224,1118,1281
62,168,1927,727,1913,2037,1061,1261,1406,1697,1000,904,840,1042,1954,44,1814,1725,1509,967,1721
63,1993,456,1197,74,357,35,498,8,1796,92,31,1637,1214,1447,1933,444,1541,1995,1156,823
64,168,2037,1927,1913,1261,1042,852,1133,1000,677,1492,1763,727,1061,1833,44,582,1065,749,1406
65,1214,1541,823,1933,1156,861,1995,444,1581,1869,174,581,2013,31,92,1796,1197,74,870,289
66,582,1355,1751,1058,1512,1010,1705,1764,1054,1283,1806,448,1149,414,711,1539,1749,1961,1649,1118
67,1869,174,2054,1995,1937,1640,444,1156,74,958,1214,1581,1637,456,1699,1541,1447,861,1350,823
68,168,2037,44,581,1950,727,1111,1763,967,1721,1000,852,1260,1927,1406,1042,1252,1913,1509,1740
69,1447,591,174,1750,991,944,2068,791,227,1480,1018,375,1937,806,1869,1684,2054,1064,871,1781
70,727,1833,14,221,852,93,1396,749,998,648,403,1856,1703,1272,1721,1775,1763,712,733,364
71,456,1197,35,1993,498,74,1637,1796,357,92,31,8,1214,1156,444,1933,289,823,958,861
72,1933,444,1541,861,823,1214,1156,1995,958,1796,74,357,581,1447,1993,92,31,525,1197,35
73,582,1512,1355,1751,1058,1705,1010,1283,1764,1054,1806,448,1149,414,711,1539,1749,1649,1118,1961
74,168,727,1913,1833,852,2037,432,1042,967,1406,1950,1927,1111,787,1971,1418,364,1000,904,344
75,92,1993,456,1197,74,1637,8,357,35,31,498,1796,1214,1933,444,1541,1995,1156,823,861
76,410,1588,7,799,327,2034,513,1783,171,1350,1937,1781,1581,1712,1440,2013,1097,99,2054,1719
77,174,1869,410,1214,1581,1541,1712,99,1156,2013,787,1350,1588,861,713,1781,7,1933,327,1022
78,498,1197,74,1796,35,1993,456,92,357,8,31,1214,1637,823,1156,1995,1541,1933,289,958
79,14,727,1833,221,93,852,749,1396,998,648,403,1703,1775,671,1856,733,364,1763,1721,43
80,1833,727,14,221,93,749,852,1396,998,403,648,1272,1118,1539,1703,1664,1958,128,1721,1775
81,582,1512,1355,1751,1058,1705,1010,1283,1764,1054,1806,448,414,1149,711,1539,1749,763,1649,1118
82,1993,456,1197,74,1637,357,8,92,35,498,1796,31,1214,1541,1933,444,1156,823,861,2013
83,1721,301,1183,1751,582,109,403,1672,1283,727,1355,1958,1010,1449,224,1054,474,1764,93,912
84,301,1721,1183,299,1672,109,912,403,523,1534,1557,763,1520,93,224,1749,731,1355,948,1961
85,1951,740,117,1779,1009,1387,1933,444,1995,861,1214,1541,823,1156,357,958,1993,930,1197,1447
86,14,727,1833,221,93,1396,852,749,998,648,403,1703,299,429,364,1856,1042,1775,1721,109
87,14,1833,727,221,1396,852,93,749,648,998,1856,403,1703,364,1272,1664,1958,1042,1721,1775
88,1796,74,498,456,1993,357,1197,35,8,92,31,823,1156,1637,1214,1933,289,1541,861,1995
89,375,1018,806,1684,1718,2068,357,35,1064,74,1197,31,1750,958,991,1993,456,791,944,8
90,740,1951,117,1009,1779,1387,1447,591,6,1937,561,2054,861,1699,1933,1995,444,1640,823,1214
91,448,1806,1149,414,43,712,1010,1664,1406,738,1614,301,590,1856,1725,840,1592,1183,650,544
92,727,1833,14,221,852,93,749,1396,998,648,1856,403,1721,1703,1272,1775,1763,168,364,1958
93,168,852,1042,2037,1950,1927,967,1697,44,1000,1856,1971,1274,763,1061,21,904,1634,1763,1133
94,498,1993,1796,456,1197,35,1156,74,823,1214,1995,357,8,1541,1637,92,31,1933,861,444
95,1355,1283,582,1010,1512,1751,1058,1054,1764,1705,711,1806,1539,1649,1961,1381,1118,738,763,1406
96,168,2037,44,1950,1763,1111,1133,1042,1406,289,1927,967,1856,840,1649,763,1000,1696,1740,344
97,1197,1796,1993,74,31,456,498,8,35,357,1637,92,1214,1156,444,1933,289,823,958,861
98,375,1684,806,1018,1718,1064,1221,1404,1133,958,227,1993,677,498,74,456,1276,92,581,1447
99,1214,823,1933,1541,861,1156,1995,444,1796,1993,357,35,1197,74,31,92,498,8,456,1637
100,174,1214,794,1995,1541,1869,193,1156,798,823,861,1933,571,1969,934,1511,156,1581,205,195
101,117,1387,1779,2034,327,1009,513,1951,7,740,344,799,1783,1233,405,1832,1089,1667,18,1336
102,168,727,1856,852,1665,1406,14,93,1042,1833,749,998,1396,432,967,1000,448,1958,1065,221
103,1833,727,221,14,852,1396,93,749,998,1856,403,648,364,1703,1272,1721,1763,1042,1725,299
104,168,1042,727,1913,2037,840,1950,1927,967,1971,1000,1856,44,1111,1958,1406,1449,1061,1438,519
105,1869,174,2054,1995,1937,444,1156,1447,74,561,958,1404,1214,1581,1684,1637,456,1541,861,1699
106,740,1951,117,1009,1779,1387,1447,1933,1995,444,861,1214,1937,1197,74,1156,1541,1993,31,18
107,1993,1796,357,498,8,1197,1214,456,92,74,35,1637,31,1156,444,1933,823,958,289,861
108,740,1951,117,1009,1779,1387,444,1197,1447,1933,1995,1541,861,74,6,591,18,357,1404,930
109,14,727,1833,221,93,1396,852,749,998,648,1703,403,364,1856,733,1763,166,1721,109,299
110,301,1183,1721,299,109,403,1355,1449,95,1749,128,582,1958,711,1283,224,1118,1281,912,1751
111,1355,582,1751,1010,1705,1058,1512,1764,1283,1054,1806,448,1149,414,711,1539,1649,1381,1961,1118
112,44,2037,289,1214,823,357,1993,498,1156,1541,456,1197,1995,74,1933,861,1581,958,8,35
113,1355,582,1751,1705,1010,1058,1512,1764,1283,1054,1806,448,1149,414,711,1539,1961,1649,1118,763
114,1581,1869,1404,2013,1541,958,1995,1214,174,2037,861,1156,1439,1640,1973,44,1699,561,1350,1097
115,958,1541,1214,861,823,444,289,1933,1712,1350,1995,99,1937,870,1447,2054,1719,581,174,1056
116,14,727,1833,221,1396,852,749,93,998,403,1703,1272,1856,648,1958,364,1721,881,414,299
117,1933,444,1541,861,823,1214,1156,1995,958,1796,74,357,581,1447,1993,92,31,525,1197,35
118,1214,823,958,1541,1156,1933,1995,1581,581,444,861,2013,99,1869,870,357,1993,289,1796,174
119,301,1721,1183,299,109,403,763,1958,1355,1283,1751,1961,712,1749,1054,43,93,1449,582,224
120,727,1833,14,221,852,93,749,1396,1856,998,403,648,1703,1725,1721,1272,1775,1763,364,1749
121,1387,740,1951,117,1779,1009,1447,1933,1995,444,861,1214,1937,1197,74,1156,1541,1993,31,18
122,1796,498,1993,456,1197,35,74,357,823,8,1156,1214,1637,92,31,1933,1541,861,1995,444
123,301,1721,1183,299,1672,912,1534,1749,403,523,948,109,1958,224,1751,1557,65,1118,819,731
124,1018,1684,375,1718,806,1064,1133,677,1404,1221,227,944,1750,1447,237,942,1869,1522,1480,871
125,117,1387,1779,1009,1951,740,344,787,405,1832,2002,602,18,686,1089,1667,1336,1017,1507,1400
126,14,727,1833,221,93,1396,852,749,998,648,1703,403,1775,1763,1856,1721,364,1042,1958,733
127,301,1721,1183,299,109,403,1449,1751,1958,1749,1355,93,224,1143,1118,1281,912,1539,712,582
128,1796,1993,1197,498,1214,823,35,456,1156,74,357,1995,1541,1637,8,1933,92,861,31,444
129,727,1833,221,14,1396,93,852,749,998,403,648,1272,1958,1703,128,1721,1775,613,738,1763
130,1796,1156,74,498,456,1993,357,1197,1995,1214,1933,823,35,1541,8,92,31,861,444,1637
131,1951,740,117,1779,1009,1387,444,1197,1447,1933,1995,930,1541,861,74,591,18,357,1750,1404
132,1512,1705,582,1355,1751,1058,1010,1283,1764,1054,1806,448,414,1149,711,1539,1143,1118,1649,1749
133,1951,117,740,1779,1009,1387,444,1447,1933,1995,1197,930,18,1541,1404,861,6,591,357,719
134,740,1951,117,1009,1779,1387,1933,444,1995,861,1447,1214,1541,823,1869,1156,1581,591,357,1937
135,301,1721,1183,299,109,1958,403,763,1355,1283,712,448,1749,43,93,1449,582,224,912,1751
136,1355,582,1751,1058,1512,1764,1010,1705,1054,1283,1806,448,414,1149,711,1539,1961,1649,1118,738
137,301,1183,1721,299,109,582,1054,403,1355,763,711,1283,1961,1449,712,1749,43,1705,128,1649
138,168,852,727,1913,1042,1186,2037,1261,582,749,1000,1763,1927,840,1449,1509,998,904,1665,1833
139,1796,456,1993,35,357,8,92,498,1197,1637,74,1214,31,1581,1541,823,1156,861,1933,444
140,1447,591,1581,227,1750,1214,944,991,1995,1712,1541,1869,174,871,1156,1522,791,1480,823,2068
141,301,1721,1183,299,1672,224,523,912,1749,1534,948,109,403,1520,65,670,474,1557,1118,819
142,871,791,2068,991,1750,1480,944,1447,591,679,375,1219,1064,1018,174,905,1522,227,1581,621
143,1197,1796,1993,74,456,498,8,35,357,1637,31,92,1214,1156,444,1933,289,823,958,861
144,1993,456,1197,74,1637,357,8,92,35,498,1796,31,1214,1933,444,1541,1995,1156,823,861
145,168,1111,967,1406,1042,1833,403,432,852,1000,790,1958,1260,840,1665,1396,904,1192,1251,1856
146,1214,1933,823,1156,1541,444,861,1995,1796,1581,1993,1197,289,1869,74,498,31,8,92,35
147,1214,444,1933,1156,1541,823,861,1995,1796,74,35,1993,31,498,8,357,92,1197,1637,1869
148,168,2037,727,852,1950,581,1958,44,1913,967,1927,1186,1763,1000,221,1260,1065,1833,1696,904
149,1750,791,871,991,2068,944,1480,1018,806,1718,375,1684,1064,227,1447,591,174,1308,846,1522
150,823,174,794,1214,1156,1995,1869,1541,193,798,861,571,1969,934,1511,156,1581,205,195,1384
151,1387,1951,740,117,1779,1009,1447,861,1933,1995,444,823,1214,1937,1197,74,1581,1156,1541,2054
152,727,14,1833,221,1396,93,852,749,998,648,403,1721,1272,1958,1703,1856,1042,429,128,1775
153,740,1951,117,1009,1779,1387,1933,444,1995,861,1447,1214,1541,823,1869,1156,1581,591,357,6
154,1721,301,1183,1751,109,403,1672,1283,582,1958,1355,1725,224,1054,474,93,912,948,763,358
155,14,727,1833,221,93,1396,852,749,998,648,1703,403,364,1775,1042,1856,1721,166,1763,1958
156,1796,498,1993,456,1197,35,74,357,823,8,1156,1214,1637,92,31,1933,1541,861,1995,444
157,1796,498,1993,456,1197,35,74,357,8,1637,92,31,1214,1156,444,1933,289,823,958,861
158,1197,1214,1993,498,823,35,456,1796,1156,74,357,1995,1541,1637,8,1933,92,861,31,444
159,289,958,357,1993,498,456,44,1197,74,8,823,35,1796,92,31,2037,1637,1156,1214,1541
160,513,7,1588,2034,410,327,1783,171,799,1581,1332,1937,713,1206,581,1350,1712,174,1186,1322
161,1355,582,1751,1705,1010,1058,1512,1764,1283,1054,1806,448,414,1149,711,1539,1143,1118,1749,1649
162,1522,888,990,846,942,2012,1276,1652,531,236,378,1770,1133,1750,1488,691,434,1624,1869,591
163,498,289,1993,1197,357,456,74,958,8,35,1637,1796,92,31,823,44,1156,1214,1541,1995
164,727,14,1833,221,852,93,749,1396,998,648,403,1856,1272,1721,1958,1703,1763,1042,168,364
165,301,1721,1183,299,1672,523,1534,403,109,912,1520,1958,224,1557,1751,1749,731,1355,65,948
166,1018,1718,1684,375,806,1064,1221,1404,1581,2013,1133,74,18,1898,92,1439,1035,677,1541,1793
167,35,498,456,1993,357,1796,31,8,74,1197,92,1637,1214,1995,1933,1156,861,958,1541,823
168,301,1721,1183,299,1672,109,1534,523,912,403,1355,712,1283,224,43,1557,763,93,1749,731
169,1692,1522,719,1684,434,806,591,531,691,1276,871,92,963,1624,2068,2012,1018,677,1480,227
170,1214,1933,444,958,1541,1796,1995,1993,174,561,1197,1156,2013,823,861,1637,1699,1581,2054,581
171,301,1721,1183,299,1672,1118,1749,403,912,109,523,1534,1958,95,1557,711,1520,731,224,1355
172,375,1018,1684,1522,806,1064,1194,1718,1995,846,1750,888,871,990,2012,861,174,236,1276,1652
173,740,1320,1089,1387,941,1832,1009,1439,120,1779,377,117,807,2068,602,1115,790,529,1951,44
174,168,852,967,1634,364,1042,1833,1065,840,432,91,166,1186,1000,749,904,1958,713,448,1533
175,582,1355,1751,1010,1705,1058,1512,1764,1283,1054,1806,448,1149,414,711,1649,1539,1961,1381,128
176,1355,582,1751,1705,1010,1058,1512,1764,1283,1054,1806,448,414,1149,711,1539,1649,1381,1961,1118
177,95,1054,1775,1118,474,1355,1751,1705,582,1749,128,109,1512,1672,403,711,1283,670,1058,1961
178,1684,375,1018,1718,806,1064,871,944,2068,1133,677,1480,1750,991,791,1221,1404,227,1276,903
179,1018,806,1684,375,1718,1064,1133,677,1447,591,719,691,227,1522,1692,963,531,1219,1221,1624
180,301,1721,1183,299,1672,1118,1749,403,912,109,648,523,1534,1958,1557,711,763,1539,749,731
181,498,1796,1214,456,1197,823,74,35,1869,1156,1993,1201,31,1541,861,1995,444,174,357,8
182,1018,1684,375,806,1718,1064,1035,1221,1404,2065,1898,18,1133,528,1581,172,677,1793,1447,905
183,727,1833,14,221,1396,852,93,749,998,403,1721,648,1856,1272,1703,1958,1042,364,1763,733
184,301,1721,1183,299,1672,43,1534,109,403,523,712,912,1283,1958,224,1557,1751,1749,731,1355
185,117,1387,1779,1009,1951,740,941,579,1832,2002,1207,602,1089,1551,18,686,1017,718,1336,801
186,582,1355,1751,1705,1010,1058,1512,1764,1283,1054,1806,448,414,1149,711,1649,1539,1961,1381,109
187,740,1951,117,1009,1779,1387,444,1447,1933,1995,1197,1541,861,6,591,18,719,357,1404,930
188,1214,823,1156,1995,1541,1933,861,444,35,1796,74,1197,1993,31,498,1869,357,8,1637,958
189,301,1721,1183,299,109,403,1449,1355,1751,912,1958,1749,128,1764,582,1283,224,731,1143,1118
190,301,1183,1721,299,403,1958,109,1751,711,95,1749,1355,763,712,93,1143,224,1118,1281,912
191,448,1806,1149,414,43,712,1856,1406,1010,1664,738,301,590,1232,759,1725,840,1592,1665,871
192,14,221,727,1833,1396,852,93,749,648,403,998,1856,1272,1958,1703,429,1721,1775,613,1539
193,727,14,221,1833,749,93,852,1396,403,998,648,1721,1856,1958,1703,1272,1763,166,364,733
194,823,1214,444,1933,1156,1541,861,1995,1197,31,1993,1869,1796,1581,174,35,1447,2013,227,375
195,740,1951,117,1009,1779,1387,444,1197,1933,1995,1447,1541,861,74,18,357,930,1214,1937,1156
196,727,1833,14,221,852,93,749,1396,998,648,1856,403,1721,1703,1272,1775,364,168,1763,1749
197,1197,1796,74,35,1993,31,456,498,357,1637,8,92,823,1214,1156,1933,1541,1995,958,289
198,1541,1933,861,823,1214,1156,1995,444,958,1796,74,870,357,581,1447,1993,92,1869,31,1197
199,1355,582,1751,1058,1512,1010,1705,1764,1283,1054,1806,448,1149,414,711,1539,1649,1961,1118,738
200,168,2037,1950,1725,1913,1000,727,44,967,1133,1958,1042,432,1406,1065,1418,904,807,1252,1856
201,1214,174,1581,1995,958,1156,1541,1750,1447,1869,823,1933,861,944,991,31,444,227,74,591
202,582,1355,1751,1058,1512,1010,1705,1764,1054,1283,1806,448,1149,414,711,1961,1539,1649,738,128
203,1214,1156,823,1541,1197,1933,1993,498,35,1995,456,1796,861,74,444,357,1581,1637,8,92
204,1355,582,1751,1010,1705,1058,1512,1764,1283,1054,1806,448,1149,414,711,1539,1749,1649,1118,1961
205,1197,1993,1796,498,357,74,456,31,35,8,1637,92,1214,823,1933,289,1541,444,1156,958
206,1684,1018,375,1718,806,1064,944,2068,871,1480,1750,991,791,677,1133,1221,227,1276,1447,18
207,1214,958,823,1156,1541,1995,1933,861,289,2037,1581,2013,525,44,444,174,1937,1869,1350,1712
208,1214,823,861,1156,1933,1995,444,1541,1796,1197,35,74,31,498,1993,1637,92,456,8,357
209,727,1833,14,221,93,852,749,1396,998,403,1721,648,1856,1272,1958,1703,1725,1775,128,733
210,168,1927,1000,2037,1913,1133,904,1697,1061,1221,852,840,1261,787,519,1958,1200,44,1721,1910
211,958,74,1197,498,35,92,456,870,31,918,1796,99,1541,1447,357,1214,861,823,444,1097
212,1404,958,1973,227,1439,1993,581,1447,357,870,1869,1541,591,92,1995,918,2013,174,8,1637
213,14,727,1833,221,93,1396,852,749,998,648,403,1703,671,364,1775,1042,1856,429,1721,1763
214,168,2037,852,1950,967,44,904,1927,1697,1111,1725,1833,1065,1186,1252,1274,1649,1665,1634,1000
215,1197,1993,1796,1214,357,8,498,74,35,31,444,456,1156,1637,92,823,861,1995,1541,1933
216,1214,1541,823,1933,1156,1995,861,444,1796,74,498,35,31,1197,357,289,1993,8,1637,456
217,1355,582,1751,1010,1705,1058,1512,1764,1283,1054,1806,448,1149,414,711,1143,1539,1749,1649,1118
218,1588,1581,410,1350,1712,1783,1937,799,2054,2034,7,591,327,713,2013,1447,171,99,227,1699
219,727,14,1833,221,852,1396,749,93,1721,403,998,648,1856,1703,1272,1958,1042,364,1763,733
220,289,1156,1214,823,1995,1541,44,1640,958,1993,861,1933,444,1796,1197,2037,1447,357,2013,1581
221,301,1721,1183,299,109,403,711,912,95,1749,1355,763,1958,712,93,1539,224,731,1118,1281
222,727,221,1833,14,1396,93,852,749,998,403,1856,168,648,1958,1272,1703,1721,1775,1042,128
223,301,1721,1183,299,1672,1749,912,109,403,523,1534,1557,1118,852,1449,731,224,1355,358,1520
224,301,1721,1183,299,109,582,403,1283,1355,1449,1749,128,1054,1958,93,224,1118,1281,912,1751
225,448,1806,1149,414,43,1406,712,1010,1856,1664,738,301,590,1725,963,840,871,1592,1183,1286
226,740,1089,1320,1387,1427,941,1832,1009,1017,718,1439,120,1779,529,117,807,2068,602,790,1951
227,301,1721,1183,299,109,912,403,1672,1283,1534,224,1751,1958,523,1749,731,1355,948,1520,1054
228,1214,823,1156,861,1933,1995,444,1541,74,1993,357,1796,1197,31,35,498,1869,92,1637,456
229,1718,806,1018,1684,227,375,174,1447,1276,1064,591,1581,1522,2012,1869,958,846,1488,1541,888
230,168,2037,44,1913,727,1261,1950,1000,1763,1958,1133,677,1856,1042,1927,95,1406,432,840,967
231,727,1833,14,221,93,852,749,1396,998,403,1856,648,1721,1775,1749,1958,1272,1703,1664,1118
232,852,2037,1260,364,967,44,1042,727,1817,998,1065,1913,166,1833,132,1763,1853,1272,289,93
233,727,14,1833,221,1396,93,852,749,998,403,648,1703,168,1721,1856,1272,1763,1876,1775,364
234,1018,1684,375,1718,806,1064,1133,677,1221,871,1480,1750,944,2068,1404,991,227,74,1973,1439
235,1951,1779,1009,1387,117,740,444,1447,1933,18,1995,1197,930,1541,861,1404,6,591,719,357
236,301,1721,1183,299,1672,1118,1749,403,912,109,523,1534,1958,1751,1557,711,731,224,1355,358
237,448,1806,1149,414,1856,1406,712,1010,1664,738,43,301,590,759,1725,871,1592,963,1183,1132
238,1018,375,806,1718,1133,1064,1684,677,174,1581,591,1447,1221,1869,227,870,2013,581,944,1781
239,582,1355,1751,1058,1512,1010,1705,1764,1054,1283,1806,448,1149,414,711,1539,1143,1649,1749,1118
240,168,1042,727,1913,1950,1725,2037,1856,1721,1252,1634,1000,1927,1958,904,1665,44,1418,1133,1509
241,1214,823,1156,1541,1995,1933,861,444,1796,74,35,357,1197,1993,498,31,1869,1637,456,8
242,117,327,1387,2034,1779,1009,1951,344,740,7,1832,405,513,799,1089,1551,1667,18,686,268
243,1355,1283,582,1010,1512,1751,1058,1054,1764,1705,711,1143,1539,1749,1806,1649,1118,1961,1381,1281
244,1796,498,1993,456,1197,35,74,357,8,1637,92,31,1214,1156,444,1933,289,823,958,861
245,806,375,1684,1018,1581,1718,1064,227,1447,591,174,2012,1869,888,2054,1541,2013,1404,1276,1652
246,963,719,691,434,1692,1624,531,1522,1684,806,591,1276,888,1018,227,1718,2012,1447,1488,375
247,727,1833,14,221,1396,852,93,749,998,403,1856,1272,648,1958,1703,1725,1721,1775,128,1042
248,1993,456,1197,74,357,35,498,8,1796,92,31,1637,1214,1933,444,1541,1995,1156,823,861
249,1588,410,1350,174,195,1869,193,1581,591,2054,1937,794,1511,798,99,23,1332,262,713,156
250,174,1214,823,1541,1995,1640,861,1156,227,561,1933,1869,1440,713,513,958,1652,99,1783,7
251,14,727,1833,221,1396,93,852,749,998,403,364,648,1703,671,1042,1775,1856,1476,1721,429
252,301,1183,1721,299,1672,1283,1749,109,711,403,582,43,95,712,1118,1355,224,763,1958,1054
253,1796,74,498,1197,1993,31,92,35,8,456,1637,357,1214,1156,444,1933,823,958,289,861
254,1993,1796,1197,498,74,357,35,456,8,1156,1214,1637,92,823,31,1541,1933,861,1995,444
255,1751,1355,582,1058,1764,1512,1010,1705,1054,1283,1806,448,1149,414,711,1749,1539,1649,1118,1961
256,301,1721,1183,299,109,1672,403,1283,43,712,1749,1054,1355,224,763,1958,93,582,1557,912
257,958,1581,1214,456,8,2013,1937,92,35,823,289,1156,1197,1637,1796,74,1588,1350,1933,1541
258,1993,74,1796,456,35,1197,357,498,92,31,1637,8,1214,1156,1933,1541,823,1995,861,444
259,1933,444,1541,861,823,1214,1156,1995,958,1796,74,1404,870,357,581,1447,1973,1993,92,1869
260,1156,1995,1214,1541,823,1933,861,444,1796,1869,1993,1197,74,1581,174,498,31,8,92,35
261,168,1913,1133,852,581,99,1042,967,2037,44,1000,1418,904,1192,1958,1721,1833,1781,1763,1260
262,168,2037,727,581,1950,1913,787,904,967,99,852,1260,1000,998,1133,870,1065,1971,44,1958
263,1355,582,1751,1705,1010,1058,1512,1764,1283,1054,1806,448,1149,414,711,1539,1649,1961,1118,128
264,168,727,1913,1950,1725,1634,2037,1721,1252,967,1000,1418,1927,1958,414,1509,904,1665,965,448
265,301,1183,1721,299,1672,1283,582,1749,109,711,403,1355,43,763,712,1118,93,1449,224,1961
266,1197,1796,1993,74,31,456,498,8,35,357,1637,1214,823,92,1933,1541,444,1156,958,861
267,1993,456,1197,74,35,498,1796,357,8,1637,92,31,1214,1933,444,1447,1541,1995,1156,823
268,1750,791,871,991,2068,944,1480,1018,806,1718,375,1684,1064,227,1447,591,174,1308,846,1522
269,301,1721,1183,299,109,1672,1534,523,912,403,1557,763,712,1283,1355,224,43,1749,731,65
270,727,1833,14,221,852,93,749,1396,403,1721,998,128,648,1856,1958,1703,1272,1539,1775,364
271,301,1183,1721,299,1672,1749,403,109,727,1958,1751,95,1118,1355,1449,224,1143,711,1557,912
272,870,1781,2054,99,581,1350,1937,823,1541,2013,1214,1712,1588,1995,289,1719,918,1156,444,1332
273,740,1951,117,1009,1779,1387,444,1197,1447,1933,1995,1541,861,74,6,591,18,719,357,1404
274,301,1183,1721,299,109,403,582,711,1283,95,712,1749,1054,1355,43,763,1958,93,224,1118
275,740,1951,117,1009,1779,1387,1447,591,1937,2054,861,1933,1995,444,823,1214,1197,74,1581,1156
276,1588,410,7,327,1783,171,513,2034,799,1350,1097,1712,1937,2054,561,1640,794,1719,195,156
277,1097,1581,713,1783,1588,410,7,1719,1214,513,171,581,174,2034,870,958,2054,99,918,262
278,1705,582,1355,1512,1751,1058,1010,1283,1764,1054,1806,448,1149,414,711,1539,1649,1381,1961,1118
279,14,727,1833,221,93,1396,852,749,998,364,648,403,1703,429,1775,1856,1042,299,671,1721
280,301,1721,1183,299,403,109,1958,711,1283,95,712,582,1749,1355,43,763,93,1143,224,1118
281,14,727,1833,221,93,1396,852,749,998,648,403,364,1703,1763,671,1856,1042,1721,299,1503
282,301,1721,1183,299,109,912,403,1672,1283,1534,1355,224,1958,523,749,1749,731,948,1520,727
283,289,44,498,456,1197,357,823,1993,92,2037,35,958,1156,1796,1214,1541,74,1995,8,1350
284,1214,958,823,1156,1541,1995,1933,861,289,2037,1581,2013,44,444,525,174,1712,1937,1869,1350
285,378,1522,1276,888,990,942,846,2012,1488,1652,1770,236,531,1750,1133,691,434,1447,1624,1480
286,1214,1541,823,1933,1156,861,1995,444,1869,1197,31,958,74,581,1993,498,870,8,357,174
287,498,1796,1214,456,1197,823,74,35,1869,1156,1993,31,1541,861,1995,444,1588,174,357,8
288,2013,1581,174,2054,99,1937,1869,958,581,1350,1214,1640,44,1097,1781,2037,561,1699,227,823
289,301,1721,1183,299,109,403,763,912,1961,1749,1355,93,1958,448,1449,712,224,731,1751,582
290,168,2037,727,44,852,1913,1186,1910,1000,1665,582,1927,1406,1763,99,840,1449,998,1042,1833
291,582,1355,1751,1705,1010,1058,1512,1764,1283,1054,1806,448,414,1149,711,1118,1539,1143,1649,337
292,375,227,1064,1684,1018,1276,1718,1447,1869,1522,942,846,591,2012,237,378,990,174,31,1404
293,168,2037,44,1000,727,1763,1721,1406,1927,1950,1042,289,1261,1913,1200,749,1665,1910,2014,1418
294,95,582,403,1961,1751,109,1775,1705,474,128,1355,1054,1283,670,1958,43,1672,1749,299,200
295,1214,1933,1541,823,1995,444,861,1581,1156,958,581,174,357,227,74,1332,1447,870,2013,6
296,1796,498,1993,456,1197,35,74,357,8,1637,92,31,1214,1156,444,1933,289,823,958,861
297,301,1721,1183,299,731,912,109,403,1672,358,1283,224,1534,948,1520,523,575,670,582,1749
298,168,852,1950,1958,1042,1913,1751,582,1725,1721,2037,1856,14,448,1000,364,1927,93,1833,1283
299,1581,1214,1869,958,823,1156,1541,1995,174,1933,2013,2037,861,289,1712,44,444,1350,713,2054
300,1951,117,740,1779,1009,1387,1447,591,6,1937,561,944,1480,2054,861,1699,1933,991,1995,444
301,727,14,1833,221,1396,93,852,749,648,998,403,1721,1958,1272,1664,1703,1856,364,1042,1118
302,14,727,1833,221,1396,93,852,749,648,998,403,1272,1703,1664,1856,1539,1958,1042,1721,364
303,1355,582,1751,1010,1705,1058,1512,1764,1283,1054,1806,448,1149,414,711,1539,1749,1961,1649,1118
304,168,2037,44,1000,727,1913,840,1042,1406,289,1950,1927,967,1111,1910,1958,1449,807,1740,344
305,727,168,852,840,1856,1260,519,1910,1696,1806,1186,967,1200,344,1406,1751,255,1913,1725,14
306,301,1721,1183,299,403,109,1958,711,912,95,763,1749,648,1355,1449,1539,93,1143,448,712
307,958,1541,1796,74,1214,357,861,823,444,1447,525,92,31,1197,35,561,1933,870,1995,1993
308,513,171,7,1783,327,799,2034,1588,410,1581,958,2054,1214,262,1097,1719,99,1350,174,918
309,740,1951,117,1779,1009,1387,1447,861,1933,1995,444,823,1214,1937,1197,74,1581,1156,1541,2054
310,301,1721,1183,299,403,109,1958,1751,711,912,763,1749,648,1355,1449,1539,93,1961,1143,712
311,168,1927,2037,1950,1261,967,904,1697,21,357,1065,840,44,1763,1252,1061,1634,1000,1042,1111
312,498,456,1993,1197,357,74,289,8,35,1637,1796,92,31,823,1156,1214,1541,1995,1350,1933
313,1588,410,513,799,327,7,171,2034,1783,1097,1719,1712,918,730,977,195,1585,914,1921,697
314,357,35,8,92,1404,1492,74,1197,498,1814,31,958,456,1684,1993,1061,1637,375,1973,1018
315,168,1927,2037,1950,44,967,1261,1418,1111,965,852,1406,1506,21,1725,1649,1492,763,904,1061
316,1214,1796,1156,823,1993,1541,1197,498,1933,35,1995,456,861,74,444,357,1637,8,92,31
317,168,2037,1133,1042,677,1913,44,1406,967,1763,1192,1958,1721,998,1111,1863,2014,1061,1260,904
318,2037,44,289,1214,1156,1581,174,823,1541,1869,2013,410,1995,1588,1350,1933,861,1937,1993,1284
319,958,357,1993,498,456,289,1197,74,8,823,35,1796,92,31,1637,1156,1214,1541,1995,1933
320,1214,823,1197,1796,1541,1993,1933,1156,861,74,31,456,498,8,35,1995,357,1637,444,92
321,1214,1541,1156,1933,823,444,861,1995,1581,1869,958,581,2013,1447,174,227,870,1937,1781,713
322,168,2037,852,21,1958,1913,44,967,582,1000,1697,1927,1950,1725,1833,1418,14,1042,727,1406
323,1355,582,1751,1058,1512,1010,1705,1764,1283,1054,1806,448,414,1149,711,1539,1961,1649,1118,738
324,1447,591,1869,1718,806,174,1684,375,2054,1995,1937,1640,1018,444,1156,1064,74,561,958,1404
325,727,1833,14,221,93,749,852,1396,1721,998,403,648,1272,1539,1775,1703,1958,128,168,733
326,727,1833,14,221,852,749,93,1396,1721,403,998,648,1856,1703,1272,1539,1476,1775,1958,128
327,1355,582,1751,1705,1010,1058,1512,1764,1283,1054,1806,448,1149,414,711,1539,1649,1381,1961,1118
328,1214,1156,823,1541,1197,1933,1993,498,35,1995,456,1796,861,74,444,357,1637,8,92,31
329,1796,498,1993,456,1197,35,1156,74,823,1214,1995,357,8,1541,1637,92,289,44,31,1933
330,727,1833,221,14,1396,93,852,749,998,648,403,1721,1272,1958,1763,1775,1703,168,738,1664
331,727,14,1833,221,93,852,749,1396,998,648,1272,403,1721,1958,1703,1763,1856,1664,1118,364
332,1404,958,1973,227,1439,1993,581,1447,357,870,465,1869,1541,591,92,1995,918,2013,174,8
333,823,1214,1156,1995,1541,1933,861,958,444,1796,74,31,1197,35,289,498,456,8,92,1993
334,168,2037,1042,1111,1927,44,1913,1261,1406,1763,1950,582,1634,1449,967,529,1954,1260,1065,1058
335,375,806,1684,1018,1718,1064,1541,227,958,1447,1581,1995,92,1214,498,1937,1156,591,2054,74
336,174,1869,1440,1870,6,1699,1022,1640,804,1284,1350,561,1308,465,1023,2059,1621,475,116,2054
337,1197,498,1993,1796,357,74,456,31,35,8,1637,92,1214,823,1933,289,1541,444,1156,958
338,14,727,1833,221,93,749,852,1396,998,648,403,1703,1775,1721,733,1958,711,1664,949,432
339,498,1993,456,357,8,74,35,1197,1637,1796,92,31,1214,1156,1995,1581,958,1097,1541,1933
340,1581,1214,1156,1869,174,823,561,1541,1699,1995,1447,1588,2013,2054,1640,410,591,861,6,1937
341,168,1042,1913,1927,2037,1971,852,967,1950,1396,14,221,1696,166,904,1725,1833,1665,44,1000
342,195,1350,794,23,193,1712,1581,262,99,2054,798,1783,571,1969,1937,1588,1781,410,934,7
343,727,14,1833,221,1396,852,749,93,648,998,1856,1272,403,1721,1958,364,1703,1775,1118,1725
344,1214,823,1541,1933,861,1156,1995,444,1796,498,74,35,357,1993,31,1197,8,289,1637,92
345,698,1567,2059,1915,1869,174,465,524,1284,909,1046,995,1937,1023,68,1032,2054,113,1995,804
346,168,2037,44,967,1111,1950,852,1927,1042,904,1665,1406,1913,1000,1418,727,364,581,790,1721
347,740,1951,117,1009,1779,1387,1447,6,591,1937,561,1699,1640,2054,861,1933,1995,444,823,1214
348,1197,1796,1993,74,31,456,498,8,35,357,1637,1214,823,92,1933,1541,444,1156,958,861
349,1581,410,958,1588,1201,1332,823,1585,918,525,1652,1214,1206,1372,591,1712,977,1438,820,1156
350,740,1951,117,1009,1779,1387,1447,861,1933,1995,444,823,1214,1937,1197,74,1581,1156,1541,2054
351,168,581,852,1913,1042,1509,967,2037,1000,44,364,1958,1927,1721,1763,1418,1260,1833,749,1821
352,301,1183,1721,299,582,109,403,1355,711,1283,95,763,712,1749,448,1449,43,93,1961,1958
353,456,1197,35,1993,498,74,1637,1796,357,92,31,8,823,1156,1214,1933,289,1541,861,1995
354,1214,1541,823,1933,1156,861,1995,444,1796,1197,958,1993,74,1869,289,456,357,31,498,8
355,1447,1750,823,944,591,991,1214,227,1541,1933,1995,871,958,1581,174,791,1480,444,1937,1156
356,301,1183,1721,299,1672,912,1283,1749,109,1534,523,948,711,403,1118,712,582,575,224,43
357,1214,1541,1156,1933,861,823,444,1995,1197,1796,1581,958,1869,74,31,1993,174,357,92,35
358,582,1355,1751,1705,1010,1058,1512,1764,1283,1054,1806,448,1149,414,711,1539,1649,1381,1961,1118
359,727,221,1833,14,852,1396,93,749,998,403,648,1856,1721,1703,168,1272,1775,733,1763,1913
360,168,2037,44,1950,967,727,852,840,965,1000,1065,1042,904,1913,1406,1252,1763,1418,1634,807
361,14,727,1833,221,1396,93,852,749,998,648,403,364,1703,1856,1042,1721,299,1763,733,1958
362,1993,74,357,1796,456,35,1197,498,92,31,1637,8,1214,1156,1933,1541,823,1995,861,444
363,168,2037,1042,44,852,727,1913,1406,1000,1763,1634,1950,1721,1111,749,1061,1958,967,432,1833
364,727,1833,14,221,852,93,749,1396,403,998,1856,1272,1958,648,1703,1118,1539,671,1664,1721
365,1796,74,498,1197,1993,31,92,35,8,456,1637,357,1214,1156,444,1933,823,958,289,861
366,1018,1684,375,1718,806,1064,677,1133,35,357,8,92,74,1197,498,31,958,456,1993,1637
367,174,2054,1869,1447,561,1350,1284,1937,1699,1640,698,2059,1440,1588,227,1322,697,410,465,995
368,1796,74,1214,498,1197,1993,31,92,35,1933,1156,861,8,456,1637,444,357,823,1541,1995
369,14,727,1833,221,1396,93,749,852,998,648,403,1703,1775,166,1721,1763,613,1958,711,1664
370,168,2037,44,1913,1950,727,1927,1111,1763,1721,967,1000,1856,581,1958,1697,1696,1406,1042,1252
371,1833,727,14,221,1396,93,749,852,998,403,648,1272,1958,1118,1703,1664,128,1721,1775,1539
372,1214,823,1541,1933,861,1156,1995,444,1796,289,74,1993,35,1197,357,44,31,498,8,456
373,1018,375,1684,1064,1718,806,1133,677,1219,1221,227,944,1750,581,1447,870,942,1869,18,1541
374,301,1721,1183,299,1449,109,403,1672,1751,1958,1749,1355,1118,727,224,1281,93,1143,912,1539
375,582,1751,1355,1010,1512,1058,1764,1705,1283,1054,1806,448,414,1149,1539,711,1749,1649,1118,1961
376,35,456,1637,31,498,8,1197,357,1993,958,74,1796,92,1447,1214,591,823,1156,1995,1541
377,582,1355,1512,1751,1058,1705,1010,1283,1764,1054,1806,448,1149,414,711,1539,1961,1649,1118,738
378,168,2037,44,1042,1000,1913,1950,1133,677,581,727,99,1971,1406,1927,1856,289,1665,1111,967
379,168,1261,581,1927,1061,2037,852,1913,21,1186,357,1000,904,1697,1814,967,1492,44,99,998
380,168,2037,1042,1958,1913,1950,44,1111,1186,1763,1927,1449,1856,364,1649,1833,1665,1406,1740,998
381,174,1869,1214,2013,1581,1541,1712,1156,787,99,1350,861,1781,7,1933,410,327,1588,1022,870
382,1447,1581,591,958,1541,1869,1214,174,561,1588,2054,1640,410,823,227,581,1937,99,6,2013
383,727,1833,14,221,1396,852,93,749,998,403,1856,1272,648,1703,1725,1721,1775,1958,128,1042
384,14,727,1833,221,1396,93,852,749,998,648,1703,403,1042,1775,1856,429,1721,733,364,1476
385,1214,823,1197,1796,1541,1993,1933,1156,861,74,31,456,498,8,35,1995,958,357,1637,444
386,582,1355,1751,1705,1010,1058,1512,1764,1283,1054,1806,448,1149,414,711,1539,1649,1961,1381,1118
387,1197,1796,1993,74,31,456,498,8,35,357,1637,92,1214,1156,444,1933,289,823,958,861
388,1214,1541,823,1933,1156,861,1995,444,1197,31,958,74,289,1993,498,8,357,1796,1581,92
389,92,1993,456,1197,74,1637,8,357,35,31,498,1796,1214,1541,1933,444,1156,823,861,2013
390,727,1833,14,221,852,93,749,1396,998,1856,403,1721,648,1725,1703,1664,1272,364,1958,1042
391,958,1541,1796,74,1214,870,357,861,823,444,1447,525,92,31,1197,35,561,1933,1781,1995
392,14,221,727,1833,1396,852,93,749,403,998,1856,1272,1958,648,1703,1042,1721,1763,364,166
393,958,74,1197,498,35,92,456,31,1796,1541,1447,357,1214,861,823,444,289,918,525,8
394,1796,74,498,456,1993,357,1197,35,8,92,31,1637,1214,1156,444,1933,289,823,958,861
395,1833,727,14,221,1396,93,749,852,998,403,648,1272,1118,1703,1664,1958,128,1721,1775,1539
396,301,1721,1183,299,403,109,1958,912,95,1749,1355,582,1143,711,1283,1539,224,731,1118,1281
397,591,1447,2054,174,1567,958,1284,465,823,995,2059,1869,698,909,1937,68,524,113,1993,1046
398,1214,1541,823,1995,1156,861,444,1933,1581,1869,958,357,74,1993,1197,289,35,31,1637,456
399,456,1197,35,1993,498,74,1637,1796,357,92,31,8,1214,1156,444,1933,289,823,958,861
400,1684,375,1018,1718,806,1064,871,944,2068,1133,677,1480,1750,991,791,1221,1404,227,1276,903
401,1214,823,958,1541,861,444,1796,1156,74,870,357,1933,581,1993,525,92,1447,31,1995,1197
402,301,1721,1183,299,582,1751,109,403,1672,1283,1355,1958,1010,1749,1449,1118,727,224,1054,474
403,1018,806,1684,375,1718,1064,1447,1214,1541,1995,174,958,444,1156,591,74,823,1933,861,456
404,740,1951,117,1009,1779,1387,1447,1933,1995,444,861,6,591,1214,1937,1197,561,74,1156,1640
405,301,1721,1183,299,912,109,403,1672,1283,224,1534,1355,948,1520,200,523,575,670,582,731
406,168,2037,852,44,727,1958,1950,1042,1927,1856,1509,749,1000,432,93,1697,1725,1192,1913,14
407,1522,888,990,846,942,2012,1276,1652,531,236,378,1770,1133,1750,1488,691,434,1624,591,963
408,448,1806,43,1149,712,414,1010,1664,1406,738,301,1856,590,1232,1725,903,840,1592,759,1183
409,1214,823,1197,1796,1541,1993,1933,1156,861,74,31,456,498,8,35,1995,357,1637,444,92
410,168,2037,1042,21,1958,852,1000,44,1913,1697,1971,967,1927,1950,1721,1418,344,727,1406,14
411,791,944,871,1480,1447,2068,1750,991,591,378,1018,1276,2012,888,1937,1064,227,2043,846,1488
412,727,1833,14,221,852,749,93,1396,403,1721,998,1856,1703,1749,648,1958,1775,1272,1539,1725
413,740,1951,117,1009,1779,1387,1447,6,591,1937,1640,2054,561,861,1699,1933,1995,444,823,1214
414,1197,1796,1993,74,31,456,498,8,35,357,1637,92,1214,1156,444,1933,289,823,958,861
415,168,2037,1000,852,44,1634,1509,1186,1763,1927,1065,1042,99,904,1913,967,790,582,1721,840
416,1951,740,117,1779,1009,1387,444,1197,1447,1933,1995,930,1541,861,74,591,18,357,1404,1214
417,1684,1718,806,375,1018,1064,92,498,1214,74,1541,35,1156,31,1995,357,823,444,1197,1933
418,168,727,1856,852,93,1042,1665,1406,14,749,998,688,1634,904,432,967,1186,1000,1251,1958
419,14,727,1833,221,93,852,749,1396,648,998,403,1703,1775,1856,1721,364,1763,733,1958,711
420,1197,1214,1993,498,823,35,456,1796,1156,74,357,1995,1541,1637,8,1933,92,861,31,444
421,14,727,1833,221,1396,93,852,749,998,648,1703,403,364,429,1856,1042,1876,1775,1721,299
422,1214,1541,1156,861,1933,823,444,1995,958,1197,31,1993,1796,174,2013,1581,1869,581,35,74
423,498,1796,1214,456,1197,823,74,35,1869,1156,1993,31,1541,861,1995,444,713,357,8,174
424,301,1183,1721,299,403,1672,1749,109,1958,1751,95,1118,1355,1281,224,1143,711,1725,1557,912
425,806,375,1684,1018,1718,1064,1214,1447,1933,444,1541,1995,174,958,1156,591,74,823,861,456
426,301,1721,1183,299,582,109,403,1672,1283,1355,1749,1449,1118,224,1958,1054,474,128,93,912
427,498,456,1993,1197,357,74,958,8,35,1637,289,1796,44,92,31,823,2037,1156,1214,1541
428,448,1806,1149,414,43,1406,712,1010,544,1856,1664,738,301,590,434,1551,1725,840,1614,1592
429,727,1833,14,221,93,852,1396,749,998,403,648,1856,1721,1958,1703,1272,1775,128,1042,738
430,168,1913,727,1000,1133,677,1042,2037,44,1927,1192,904,1214,1763,749,613,1721,1950,998,581
431,375,806,1684,1018,1718,1064,1133,677,591,1447,1221,174,1404,1581,227,1869,2013,74,31,1522
432,168,2037,44,93,1913,1111,1950,998,852,14,1763,1833,727,1000,1927,1449,1665,967,1406,1533
433,44,289,498,2037,1796,823,357,1993,958,456,35,74,1197,1156,1581,8,1214,1541,92,1995
434,1214,1541,823,1933,1156,861,1995,444,174,1581,1869,581,2013,31,92,1796,1197,74,870,289
435,14,727,1833,221,93,1396,852,749,998,648,1703,403,364,1775,1763,1856,1721,1042,1876,541
436,14,727,1833,221,93,1396,749,852,998,648,403,1703,1775,1763,126,166,1721,733,109,299
437,727,1833,14,221,93,749,852,1396,998,128,403,648,1272,1958,1539,1703,1721,1775,126,1763
438,513,171,1783,799,2034,7,327,1921,1588,2002,1206,410,1763,1511,210,790,1712,268,138,1427
439,1387,1951,740,117,1779,1009,1447,1933,1995,444,861,1214,1937,1197,74,1156,1541,1993,31,18
440,301,1721,1183,299,43,1672,109,1283,763,1449,1958,712,582,1355,727,224,93,474,403,1557
441,713,1581,1332,1937,581,1588,410,1350,7,1712,174,2002,1322,1201,2054,513,787,1869,99,1783
442,14,727,1833,221,93,1396,852,749,998,648,403,1703,364,1042,733,1856,671,166,1721,299
443,823,1197,1214,1796,1993,1156,1541,74,456,498,8,35,1995,357,1637,31,92,1933,861,444
444,1214,1197,1796,74,35,1993,823,1933,31,456,1541,498,1156,357,1637,8,861,92,1995,444
445,168,1111,1927,1042,1913,1261,21,1061,2037,1971,1406,967,1950,1665,1856,1697,1725,44,1958,763
446,174,1581,1869,1937,958,1214,1350,2034,7,2013,1097,99,2054,794,1712,1156,227,1783,918,327
447,1355,1283,582,1010,1512,1751,1058,1054,1764,1705,1143,711,1749,1539,1806,1649,1118,1381,1961,1281
448,713,1817,327,918,1507,1100,2034,253,1971,420,91,1950,7,896,1509,1268,249,1876,1585,1188
449,44,289,2037,823,1993,958,1796,357,1197,498,1156,1581,1214,456,1541,1995,35,74,965,92
450,1581,1783,1588,410,7,513,171,2034,870,2054,99,581,1214,262,1781,1097,327,713,2013,1350
451,740,1951,117,1009,1779,1387,1933,444,1995,861,1447,1214,1541,823,6,1869,1156,1581,591,1640
452,1355,1283,582,1010,1512,1751,1058,1054,1764,1705,711,1806,1539,1649,1961,1381,1118,763,1281,1143
453,513,171,7,1783,327,799,2034,1588,410,1581,174,2054,1214,262,195,1097,1350,99,1937,1541
454,1993,958,1869,227,174,35,1581,31,713,1197,1712,1719,498,870,977,1637,1588,1097,357,8
455,1018,1684,375,1718,806,1064,1133,677,1404,1219,1221,227,944,1750,1447,237,942,1869,18,1522
456,1684,806,375,1018,1718,1064,357,35,8,92,677,74,1197,498,31,456,1993,1133,958,1221
457,1214,1156,823,1933,1541,861,1995,444,1796,74,1197,31,35,1869,498,1993,1637,92,456,8
458,727,1833,14,221,852,749,93,1396,998,1856,648,1703,403,1721,364,1272,1775,1763,1118,1958
459,727,14,1833,221,1396,852,749,93,403,648,998,1958,1856,1721,1775,364,1749,1703,1272,1539
460,1796,498,1993,456,1197,35,74,357,8,1637,92,31,1214,1156,444,1933,289,823,958,861
461,740,1951,117,1009,1779,1387,1447,591,6,1937,1699,561,2054,861,1933,1995,444,1640,823,1214
462,301,1721,1183,299,1672,1749,403,109,1958,95,727,711,763,1118,1355,1449,224,93,1143,448
463,1721,301,1183,1672,109,403,1283,727,93,1958,1355,1751,448,763,224,1054,1449,582,1557,912
464,1197,1796,1993,74,31,456,498,8,35,357,1637,1214,823,92,1933,1541,444,1156,958,861
465,1796,74,498,1197,1993,31,92,35,8,456,1637,357,1214,1156,444,1933,823,958,289,861
466,456,498,1993,74,1197,1796,357,35,8,92,31,1637,1214,1156,444,1933,289,823,958,861
467,375,1718,1684,1064,806,591,1447,1018,174,1581,227,1221,1869,2013,74,1404,31,1522,92,2054
468,498,1993,1796,456,1197,35,1156,74,823,1214,1995,357,8,1541,1637,92,289,44,31,1933
469,1684,1018,375,1718,806,1064,1404,1133,958,1221,227,1993,944,677,1750,498,74,1973,456,92
470,1214,1156,1933,823,444,1541,861,1995,1796,289,74,1993,35,1197,357,31,498,44,8,456
471,301,1183,1721,299,109,403,763,711,1961,95,1449,1749,1355,1649,93,1958,448,712,224,1118
472,806,375,1684,1018,1718,1640,1064,6,1621,1699,1440,561,1447,1322,174,1541,2013,591,1581,2054
473,740,1951,117,1009,1779,1387,1447,591,1937,2054,861,1933,1995,444,823,1214,1350,1197,74,1581
474,806,1684,1018,375,1718,1064,1447,174,1541,591,1581,2013,2054,6,1869,227,1937,1995,1214,1440
475,375,806,1684,1018,1718,1064,1133,677,1447,591,227,1522,1404,1221,2054,174,1937,1869,1350,942
476,1156,456,498,1993,74,1197,1796,357,1995,1214,1933,823,35,1541,8,92,31,861,444,1637
477,1796,74,498,1197,1993,31,92,35,8,456,1637,357,823,740,1156,1214,1951,1933,117,1009
478,14,727,1833,221,93,1396,852,749,998,403,364,648,1703,671,1775,1856,299,1763,1721,429
479,301,1721,1183,299,109,1449,403,1672,1283,1355,1958,582,1749,1118,727,224,1281,474,93,1143
480,301,1721,1183,299,1751,582,109,403,1449,1010,1283,1355,1958,1764,1749,128,1512,1054,93,224
481,168,1042,2037,1950,1913,852,1000,14,1971,1927,1833,582,44,1418,93,1065,1133,967,1725,677
482,1993,456,1197,74,1637,357,8,92,35,498,1796,31,1214,1933,444,1541,1995,1156,823,861
483,1933,444,1541,861,823,1214,1156,1995,958,1796,74,870,357,581,1447,1993,92,1869,31,525
484,448,1806,1149,414,712,1010,1664,1406,738,43,301,1856,1793,990,590,759,1725,544,903,1592
485,1796,74,498,1197,1993,31,92,35,8,456,1637,357,823,1156,1214,1933,1541,861,1995,444
486,861,1541,823,1214,1156,444,1933,1995,1197,1993,958,498,1796,289,456,357,35,74,44,2037
487,1750,944,991,871,791,1480,2068,375,1018,1064,1718,172,1684,227,1447,591,1221,174,1488,621
488,1796,74,498,1197,1993,31,92,35,8,456,1637,357,1214,1156,444,1933,823,958,289,861
489,740,1951,117,1009,1779,1387,1447,861,1933,1995,444,823,1214,1937,1197,74,1581,1156,1541,2054
490,582,1355,1512,1751,1058,1705,1010,1283,1764,1054,1806,448,414,1149,711,1961,1539,1649,738,128
491,375,1684,806,1018,1718,1064,1221,1404,1133,227,677,1276,1447,1750,942,1869,1522,591,2012,846
492,582,1512,1355,1751,1058,1705,1010,1283,1764,1054,1806,448,414,1149,711,1539,1749,1961,1649,1118
493,958,1541,1214,861,823,444,525,1933,1995,870,1447,581,174,1156,561,591,289,99,1439,1404
494,727,1833,14,221,1396,93,852,749,998,403,1856,1042,1958,648,1703,1272,1721,1775,128,429
495,14,727,1833,221,93,749,852,1396,998,648,403,1763,1703,1775,126,1721,733,1958,711,1664
496,727,221,14,1833,852,1396,93,749,998,403,648,1856,1703,1272,1721,166,1763,364,733,1042
497,1214,1541,289,1156,1995,823,1933,861,44,444,1581,2013,1993,958,1796,357,1197,2037,498,456
498,168,2037,1913,1927,44,1042,1186,1763,1449,1833,1634,1406,1697,1192,1725,998,1954,967,1721,1065
499,727,1833,14,221,1396,852,93,749,998,1703,403,1721,1856,648,1272,1725,1958,1042,364,1763
500,168,2037,1000,1111,1186,1913,1200,1261,44,1406,852,1763,1133,1910,1509,255,1192,483,1449,613
501,1447,591,174,1750,991,944,2068,791,227,1480,1018,375,1995,1937,806,1869,1684,1064,1221,871
502,1197,1993,1796,357,8,498,74,1214,35,31,456,1637,1156,92,823,1995,1541,444,1933,861
503,227,591,1447,1750,958,697,1284,1221,1948,465,2054,1201,1350,1522,1581,1781,23,942,1064,475
504,1796,498,1993,456,1197,35,1156,74,823,1214,1995,357,8,1541,1637,92,31,1933,861,444
505,1214,1933,823,1541,1156,444,1995,861,1581,958,289,1937,1993,357,1796,1197,1869,35,74,456
506,740,1951,117,1009,1779,1387,444,1447,1933,1995,1197,1541,861,6,591,18,357,1404,930,719
507,1447,591,1869,1718,806,174,1684,1621,6,375,1284,465,68,909,1567,1937,1032,2054,1995,1018
508,1721,301,1183,109,403,1283,1355,912,95,1449,582,763,448,93,1958,224,731,65,749,1751
509,498,456,1993,1197,357,74,8,35,1637,1796,289,92,31,823,1156,1214,1541,1995,1933,861
510,1721,301,1183,1672,109,1283,1449,1958,582,727,1355,763,224,93,95,474,403,1557,912,948
511,456,498,1993,1156,74,1197,1796,357,1214,1933,1995,823,35,1541,8,92,31,861,444,1637
512,1796,74,498,456,1993,357,1197,35,8,92,31,1637,1214,1156,444,1933,289,823,958,861
513,14,727,1833,221,1396,93,852,749,998,648,1703,403,429,364,1856,1775,166,1721,1763,299
514,301,1721,1183,299,109,403,1672,1449,727,1751,1958,1749,1355,1118,224,1281,1143,1725,912,1539
515,301,1183,1721,299,403,109,1355,1958,1751,95,1749,1143,1449,582,711,1283,128,1764,224,1118
516,1796,498,1993,456,1197,35,1156,74,823,289,1214,1995,357,8,1541,1637,92,44,31,1581
517,168,2037,44,1913,1950,1000,904,727,1133,1042,1406,1634,1252,1261,1958,1725,2014,1856,677,1910
518,1588,410,513,799,327,7,171,2034,1783,1097,1719,918,1712,730,195,1585,1921,697,1581,977
519,448,1806,1149,414,43,712,1010,1664,1406,1614,738,301,590,1856,1232,1725,840,1592,1183,544
520,727,1833,14,221,1396,93,749,852,998,648,403,1721,1272,1703,1775,1118,1763,1958,1749,733
521,168,2037,44,1000,727,1763,852,1927,1065,1406,904,1042,289,1261,1913,1721,1214,1634,1186,1910
522,1588,1214,174,823,1581,1995,1156,1712,1869,1933,410,861,1541,2013,1781,99,870,444,513,1937
523,171,1581,7,513,1783,327,799,2034,1350,1588,918,1332,1097,1621,561,1440,1937,2054,1322,1699
524,14,727,1833,221,1396,93,852,749,648,998,403,1958,1272,1664,1703,1856,1721,364,1042,1118
525,2034,1581,7,1783,327,171,410,513,1588,799,1869,174,2013,561,1712,99,1640,6,1097,713
526,168,1927,2037,1697,1958,21,1261,1111,1061,44,1913,1042,1740,1492,1406,1950,1763,1721,1449,1634
527,1214,1541,1156,1995,1933,823,861,444,1796,74,357,35,1993,92,1197,498,31,456,1637,8
528,823,1197,1214,1796,1993,1156,1541,74,456,498,8,35,1995,357,1637,31,92,1933,861,444
529,1214,1995,1541,823,1156,1581,1933,861,444,958,357,1993,1869,174,1447,2013,1652,1796,289,1197
530,498,1796,1214,456,1197,823,74,35,1869,1156,1993,31,799,1541,861,1995,444,1585,1588,713
531,301,1183,1721,299,403,1958,1672,1749,109,1751,711,1118,1355,1281,224,763,712,93,1143,1557
532,1214,823,1156,444,1541,1933,861,1995,1869,174,31,92,1796,2013,1197,74,581,289,870,1993
533,727,1833,14,221,93,852,749,1396,998,403,1856,648,1721,1703,1958,1272,168,1763,1664,364
534,1214,823,1156,1995,1541,1933,861,444,1796,74,1197,31,1993,35,357,92,498,1637,1869,1581
535,357,1796,74,498,35,1197,92,1993,456,31,8,1637,823,958,1214,289,1156,1933,1541,1995
536,1197,35,1993,498,74,456,1796,92,31,1637,357,8,823,1156,1214,1933,1541,861,1995,444
537,582,1355,1751,1058,1512,1010,1705,1764,1054,1283,1806,448,1149,414,711,1539,1749,763,1649,1118
538,1796,74,498,1156,1993,1197,456,1214,357,1933,823,35,1541,8,92,1995,31,740,861,444
539,727,14,1833,221,93,1396,852,749,403,998,648,1721,1958,1272,1703,1856,1664,364,1042,1118
540,174,1581,1350,99,1869,2054,227,1937,1097,1781,713,581,1332,1214,2013,1712,561,1588,958,799
541,1796,498,1993,456,1197,35,74,357,823,8,1156,1214,1637,92,31,1933,289,1541,861,1995
542,740,1951,117,1009,1779,1387,1447,6,591,1937,1640,2054,561,861,1699,1933,1995,444,823,1214
543,1214,1933,823,1156,1995,1541,444,861,1796,1993,289,1197,74,498,31,8,92,35,1581,357
544,168,2037,1913,581,852,1186,1763,44,99,1000,967,1581,221,1927,1958,1418,1065,840,1509,1634
545,1933,444,1541,861,823,1214,1156,1995,958,1796,74,870,357,581,1993,92,1869,31,1197,35
546,375,1684,806,1018,1718,1064,357,1133,677,35,92,1404,74,1197,498,31,8,958,456,1993
547,1993,456,1197,74,1637,357,8,92,35,498,1796,31,1214,1933,444,958,1541,1995,1156,2013
548,168,2037,1042,852,904,1927,44,967,1634,1065,1186,1274,1697,432,1000,1833,1406,1541,1418,1763
549,1869,1581,174,1214,823,1541,1995,1156,581,99,1937,1350,2054,1796,2013,7,1933,861,289,327
550,31,823,1993,1637,74,1796,958,1197,92,498,1214,35,456,8,1156,1350,1933,1097,1937,861
551,1018,677,375,806,1718,1133,1064,1684,35,357,8,92,74,1197,498,31,958,456,1993,1637
552,14,727,1833,221,93,1396,852,749,998,648,403,1703,1042,364,1856,429,1775,1721,166,1763
553,117,1387,1779,1009,1951,740,579,2002,405,941,1089,344,1832,18,1336,1507,891,7,973,686
554,14,727,1833,221,93,1396,852,749,998,403,364,648,1703,1775,1856,1876,1763,1721,109,1476
555,727,1833,14,221,93,1396,749,852,998,1721,403,1749,648,1775,711,1539,1958,1118,1272,1281
556,1214,823,1541,1933,861,444,1156,1995,1796,1197,357,1993,35,1637,498,31,74,456,174,8
557,823,1197,1796,1214,1993,74,31,958,456,498,1156,1933,1541,8,35,1995,357,1637,444,92
558,1721,301,1183,403,109,1958,1355,912,1751,1449,582,1283,224,731,65,1764,1520,1054,1557,523
559,35,498,456,1993,357,1796,31,8,74,1197,92,1637,1214,1995,1933,1156,861,958,1541,823
560,44,727,2037,852,1042,1533,1509,1833,967,1186,1921,998,1274,1913,581,14,1506,1821,1065,1192
561,1197,8,31,1993,498,357,74,1796,456,35,740,1637,92,1951,117,1779,1009,1156,1387,1214
562,727,1833,14,221,852,749,1396,93,998,1856,1703,648,403,1721,364,1272,1763,166,1984,1958
563,444,1214,823,1541,1933,861,1156,1995,1796,1197,357,1993,1581,35,1637,498,958,1869,31,74
564,14,727,221,1833,1396,852,93,749,648,403,998,1856,1272,1703,1958,128,1721,1775,1042,1539
565,174,1869,1937,465,2013,1581,2054,1350,909,193,1583,1712,410,1032,794,591,1046,995,1447,475
566,727,1833,221,14,93,1396,852,749,998,1721,403,168,648,1958,1272,1763,1703,738,733,1664
567,1018,1684,806,1718,1064,375,871,1480,1750,944,2068,591,1447,991,174,1581,227,1221,1869,677
568,852,168,1725,1665,1506,432,1634,1418,967,519,1186,1964,749,344,1065,14,1958,364,684,44
569,1214,1156,1933,823,444,1541,861,1995,1796,289,74,1993,35,1197,357,31,498,44,8,456
570,1214,1933,823,1156,1995,1541,861,444,1796,1581,1869,1993,289,1197,74,174,581,498,31,8
571,1197,1796,1993,74,31,456,498,8,35,357,1637,1214,823,92,1933,1541,444,1156,958,861
572,1581,1214,958,7,870,1156,581,2013,1783,171,2034,174,1995,1541,799,1588,513,1781,823,99
573,31,823,1993,1637,74,1796,958,1197,92,498,1214,35,456,8,1156,1933,1097,861,1937,1350
574,448,1806,43,1149,712,414,1406,1010,1856,1664,738,301,1232,590,1725,840,903,1592,153,759
575,1779,117,1387,1009,740,1951,1447,1933,1995,444,474,861,6,591,948,1750,1214,1937,571,670
576,1951,740,117,1779,1009,1387,1933,444,1995,861,1214,1541,823,1156,357,958,1993,930,1197,1447
577,1018,375,1684,1064,1718,806,1133,1221,227,944,677,1750,581,1447,942,1869,18,1541,1522,1844
578,1214,1156,1541,289,1933,1995,823,861,444,498,44,1581,1796,357,2013,1993,958,456,35,74
579,513,1783,327,2034,1581,7,1869,799,171,2013,410,1588,174,1712,958,713,1585,1781,1719,977
580,1951,740,117,1779,1009,1387,1933,444,1995,861,1214,1541,823,1156,357,958,1993,930,1197,1447
581,1018,1684,806,1718,1064,375,1522,621,1844,1276,990,2043,1480,1447,591,2012,1652,1793,172,1898
582,727,1833,14,221,852,93,749,1396,648,403,998,1856,1958,1703,1272,1539,126,128,1721,1775
583,168,2037,581,99,1927,852,1950,1541,727,1418,1000,44,1133,749,967,1697,1042,1913,1833,1406
584,727,1833,14,221,852,1396,93,749,998,403,1721,1856,648,1958,1703,1272,1725,1775,128,429
585,35,498,456,1993,357,1796,31,8,74,1197,92,1637,1214,1995,1933,1156,861,958,1541,823
586,301,1721,1183,299,109,403,912,95,1749,1355,582,1958,711,1283,1539,224,731,1118,1281,1751
587,958,1197,2013,31,1214,1796,823,1581,74,498,8,35,1993,1637,456,92,870,581,99,357
588,1214,823,1156,1995,1541,1933,861,444,1869,74,1197,1796,289,31,1581,357,958,35,1684,1993
589,1214,35,1581,1796,1637,958,8,31,456,498,1197,1541,1156,823,1995,861,1993,74,357,1869
590,168,1042,1927,2037,1913,1261,1000,1133,852,677,21,904,44,967,1833,787,1065,582,1634,1814
591,513,171,7,1783,327,799,1588,2034,410,1712,1581,23,1332,2054,1937,794,1214,262,205,1097
592,410,1588,2034,1783,7,1581,327,171,799,581,174,513,99,870,1869,1350,713,2013,1781,1937
593,168,2037,1042,44,852,1000,967,1913,364,1958,1950,1927,1418,1065,14,1971,727,403,93,749
594,14,727,1833,221,93,852,749,1396,998,648,403,1703,126,1775,1856,364,1721,1763,733,1958
595,168,852,727,1634,1833,93,713,1856,749,432,1696,967,1042,1821,1396,221,14,1406,1065,403
596,14,727,1833,221,93,1396,852,749,998,648,1703,403,364,1775,1856,1763,1721,1876,1958,711
597,301,1183,1721,299,1672,1749,403,109,1958,1751,95,1118,1355,224,582,474,1143,711,1283,1557
598,1796,498,1993,456,1197,35,1156,74,823,1214,1995,357,8,1541,1637,92,289,44,2037,31
599,168,1261,1418,1763,2037,1111,1634,967,1042,1927,1950,21,1406,840,1856,344,1697,763,904,1061
600,1214,823,861,1156,1933,1995,444,1541,74,1993,357,1796,1197,958,31,1581,35,498,1869,289
601,1796,74,498,1197,1993,31,92,35,8,456,1637,357,823,1156,1214,1933,1541,861,1995,444
602,375,1684,806,1018,1718,1064,1133,677,1221,1404,227,1276,1447,1750,942,1869,1522,591,2012,846
603,14,727,1833,221,93,1396,852,749,998,648,403,1703,1042,364,1856,299,429,1775,166,1721
604,1951,740,117,1779,1009,1387,444,1197,1933,1995,930,1447,1588,1541,861,74,18,357,410,1214
605,1796,498,1993,74,357,1197,456,35,8,92,31,823,1156,740,1637,1214,1933,289,1541,1951
606,168,1042,2037,44,1913,852,1958,1950,1927,14,1971,1000,1391,727,1863,291,749,197,432,1833
607,823,289,958,1993,1933,444,92,1214,581,456,44,1541,1995,861,1197,35,2037,31,357,1156
608,1993,456,1197,74,1637,357,8,92,35,498,1796,31,1214,1933,444,1541,1995,1156,823,958
609,727,1833,14,221,93,1396,852,749,998,1856,648,403,1272,1721,1042,1958,1703,738,1664,1984
610,799,171,1783,7,513,1588,410,327,2034,1097,1719,262,156,918,1585,1712,730,195,1260,1233
611,740,1951,117,1009,1779,1387,1447,591,6,1937,1699,561,2054,861,1933,1995,444,1640,823,1214
612,727,14,1833,221,93,1396,852,749,998,403,648,1721,1272,1539,1703,1958,1664,711,1207,1118
613,1197,1993,1796,498,357,74,456,31,35,8,1637,92,1214,823,1933,289,1541,444,1156,958
614,1276,1522,888,846,1488,1652,1770,2012,236,942,1750,6,990,1447,1869,174,1480,591,378,1692
615,1712,1588,410,794,171,1783,1511,7,2054,513,1350,798,697,1581,799,99,327,1869,156,2034
616,95,1355,1512,1751,1054,1749,1961,109,1775,582,670,1283,1705,711,712,1381,1118,1725,731,474
617,1447,6,591,1869,1640,1699,561,174,1937,2054,1440,1621,1322,1350,1712,227,1022,405,1588,1056
618,727,1833,14,221,852,93,749,1396,998,403,648,1856,1721,1703,733,1272,1763,168,364,1958
619,1796,498,1993,456,1197,35,1156,74,823,289,1214,1995,357,8,1541,1637,92,44,31,1581
620,727,14,1833,221,1396,852,749,93,403,648,998,1856,1721,364,1775,1749,1958,1272,1703,1118
621,168,2037,1950,44,1913,1133,727,1927,1000,967,1763,1958,1065,904,1042,1252,1971,1725,1696,1022
622,168,2037,44,1913,727,1950,1133,1763,1000,1541,1927,1406,852,1856,1261,787,1958,1214,1042,1252
623,727,1833,14,221,852,93,749,1396,1856,998,1272,403,364,1958,648,1703,1721,1763,1664,1042
624,1796,498,1993,456,1197,35,1156,74,823,1214,1995,357,8,1541,1637,92,289,44,2037,31
625,727,14,1833,221,1396,93,852,749,998,1272,648,403,1721,1958,1703,1664,949,1042,1856,364
626,301,1721,1183,299,1672,1749,109,403,1355,1449,95,1118,1281,224,582,1958,474,711,1283,1557
627,14,727,1833,221,93,1396,852,749,998,648,403,1703,1042,429,1856,1775,1721,364,609,109
628,1833,14,727,221,852,1396,93,749,998,403,1856,648,1958,1042,1703,1664,1272,364,1721,671
629,168,852,1111,1856,727,749,1406,1042,93,483,967,1058,1634,519,904,255,1186,1000,1200,582
630,806,375,1684,1018,1718,1064,591,2012,888,1447,227,677,1276,1652,990,1522,1133,1221,2054,1488
631,727,14,1833,221,1396,93,852,749,998,403,648,1721,1703,168,1272,1664,1856,1958,1042,364
632,1796,74,498,1993,1197,456,1156,1214,357,823,35,1541,1933,8,92,1995,31,861,444,1637
633,168,852,727,1721,1725,432,1260,1665,1406,1192,1856,1634,1418,967,1186,1964,1506,1863,648,1065
634,1869,174,2054,1995,1937,444,1156,1447,74,561,958,1404,1214,1581,1684,1637,456,1541,861,1699
635,1588,410,7,327,171,2034,799,1783,513,1097,918,977,1585,1921,697,1581,1372,1332,1186,790
636,1993,456,1197,74,35,498,1796,357,8,1637,92,31,1214,1933,444,958,1541,1995,1156,2013
637,168,2037,1042,727,1913,1000,1833,44,852,1133,1958,677,1406,1950,1111,1927,967,1856,582,364
638,1993,456,1197,74,1637,357,8,92,35,498,1796,31,1214,1933,444,958,1541,1995,174,1156
639,1721,301,1183,1672,224,523,912,1283,109,948,1520,403,65,95,1534,575,670,1355,474,1557
640,117,1387,1779,2034,327,1009,1951,740,7,344,787,405,2002,1133,513,799,1667,1832,1089,602
641,168,1927,2037,44,1725,1950,1261,1697,1042,357,1856,498,1814,1492,967,21,344,1418,92,1133
642,727,1833,14,221,93,852,749,1396,648,998,1856,403,1721,1958,1703,1272,1664,1775,1118,364
643,168,1721,1913,727,1763,2037,787,967,1950,1406,1000,904,1042,1111,44,1971,1958,1725,1061,1634
644,14,727,1833,221,1396,93,852,749,998,648,403,1703,364,1042,1856,166,1721,1763,299,109
645,727,1833,14,221,852,93,749,1396,403,648,998,1721,1856,1958,1703,1272,1539,1775,128,364
646,1750,944,1480,991,227,1447,174,591,871,729,791,1219,1108,1851,1255,2043,422,1898,1221,1035
647,1796,1993,1197,498,1214,35,456,1156,74,357,823,1541,1637,8,1933,92,1995,861,31,444
648,14,727,221,1833,1396,852,93,749,648,403,998,1856,1703,1272,1539,1958,1042,128,1721,1775
649,591,1447,2054,1937,1350,1640,1915,1712,561,1932,298,1284,2059,995,1439,696,1621,1567,227,1032
650,1796,498,1993,456,1197,35,1156,74,289,823,1214,1995,357,8,1541,1637,92,44,31,1933
651,1197,1796,1993,74,31,456,498,8,35,357,1637,1214,823,92,1933,1541,444,1156,958,861
652,1833,727,14,221,1396,93,749,852,998,648,403,1272,1958,1703,1664,1721,1775,1118,738,166
653,806,375,1684,1018,1718,1064,1447,1214,1133,1541,1995,174,677,958,444,1156,591,74,823,1933
654,168,1913,2037,1186,727,609,1192,1958,21,1950,852,44,904,582,1000,483,613,1927,1111,1406
655,1796,498,1993,456,1197,35,74,357,8,1637,92,31,1214,1156,444,1933,289,823,958,861
656,174,1581,1869,2013,1447,1588,99,1214,581,410,6,1156,591,1937,1640,823,1350,327,561,2034
657,1214,1933,1156,823,1541,861,444,1995,74,1993,357,1796,1197,31,35,498,1869,1581,289,92
658,1796,498,1993,456,1197,35,1156,74,823,1214,1995,357,8,1541,1637,92,289,44,31,1933
659,168,2037,21,1541,1913,1950,852,1261,1000,1042,1927,582,1418,44,77,1697,1214,1133,967,1061
660,958,74,1197,498,35,92,456,31,1796,1541,1447,357,1214,861,823,444,289,918,8,561
661,1447,591,1869,174,1937,2054,1640,1350,1712,561,227,1621,1588,1699,1439,1056,2059,823,1404,1214
662,1447,591,6,1937,2054,1712,1621,1440,1350,227,1699,1308,823,1009,1869,1404,1640,1214,117,1156
663,1796,74,498,1993,1197,456,357,1933,35,1214,1156,8,92,31,740,1637,444,1541,861,1951
664,168,2037,44,727,1950,1042,904,1958,852,1133,1192,1927,677,93,1856,1634,1000,613,1725,1697
665,823,1993,1933,958,1541,1869,444,1995,92,1214,456,861,1197,2013,35,2037,31,357,1581,1156
666,301,1183,1721,299,1672,1749,912,109,403,1118,523,1534,1557,711,763,731,93,224,1355,358
667,289,44,1156,1214,1541,823,1995,2037,2013,1581,581,1796,174,958,1993,498,1933,1869,357,456
668,1869,174,1937,2054,1995,444,1156,1447,74,561,227,958,1404,1214,1581,1684,1350,1637,456,1284
669,168,2037,1111,1913,44,1950,1406,1927,967,1133,1763,77,1042,998,1260,1954,1833,1186,2014,790
670,1214,823,1156,1995,1541,1933,861,444,1796,1993,357,35,1197,74,31,958,92,498,8,44
671,740,1951,117,1779,1009,1387,1447,591,6,1937,1699,561,2054,861,1933,670,991,1995,444,474
672,727,14,1833,221,1396,93,852,749,998,403,1272,1958,648,1703,1721,1856,299,1539,364,1118
673,727,1833,14,221,852,93,749,1396,403,998,648,1856,1703,1272,1539,1958,128,1721,1775,1042
674,1581,1214,823,958,7,1541,1156,1933,2013,1995,1783,171,581,2034,174,870,799,861,1588,513
675,168,2037,1042,44,1133,1913,1950,677,852,1971,967,1958,1833,519,1000,807,727,581,749,99
676,806,375,1684,1018,1718,1064,1133,591,677,2012,888,1447,227,1276,1652,990,1522,1221,2054,1488
677,1833,727,14,221,1396,93,749,852,998,403,648,1272,1958,1703,1664,1721,1763,299,109,166
678,1995,1214,1541,444,1581,1869,823,861,958,1156,1933,357,1447,74,1009,1951,581,1387,174,870
679,727,1833,14,221,852,93,749,1396,403,998,1856,1958,1272,648,1703,1721,1775,1539,128,364
680,1214,823,1156,1995,1541,1933,861,444,1796,74,8,35,1993,31,498,357,1197,1637,92,1869
681,1197,1796,74,35,1993,31,456,498,357,1637,8,92,823,1214,1156,1933,1541,1995,958,289
682,1796,498,1993,456,1197,35,1156,74,823,1214,1995,357,8,1541,1637,92,289,44,31,1933
683,1214,1156,823,1541,1933,1995,861,444,1993,1796,1197,74,92,456,357,31,498,958,8,35
684,14,727,1833,221,93,1396,852,749,998,648,1703,403,364,671,1775,1856,1042,429,1476,1721
685,1796,498,1993,456,1197,35,1156,74,823,1214,1995,357,8,1541,1637,92,289,44,2013,31
686,740,1951,117,1009,1779,1387,444,1197,1933,1995,1447,1541,861,74,18,357,930,1214,1937,1156
687,168,1042,1950,2037,581,1913,1927,1833,852,14,1000,1697,749,44,967,93,1821,727,1065,1856
688,92,1993,456,1197,74,1637,8,357,35,31,498,1796,1214,1933,444,1541,1995,1156,823,861
689,168,2037,727,1111,44,1927,1913,852,21,1958,1061,1740,1814,1000,1261,1950,1406,967,1725,1763
690,1214,1541,861,823,1156,1995,444,1933,74,1993,357,1796,1197,1581,958,31,289,44,35,498
691,14,727,1833,221,93,1396,852,749,998,648,403,1703,364,1856,1763,166,1721,299,109,733
692,1993,456,1197,74,35,498,1796,357,8,1637,92,31,1214,1933,444,1541,1995,1156,823,861
693,168,2037,1111,1000,852,44,1406,967,1927,1763,1740,1042,1721,289,1261,1913,1418,1260,1200,2014
694,14,727,1833,221,93,1396,749,852,998,648,403,1703,1775,1721,429,733,166,897,1958,711
695,375,1684,1018,1581,1718,1064,806,1750,591,174,1447,1221,1869,871,944,1541,2068,991,1480,791
696,727,221,1833,14,1396,852,93,749,998,403,1856,1272,1958,648,1703,1042,1721,1775,128,1763
697,168,1042,1927,2037,1261,852,1697,1133,21,1950,1833,44,1763,967,1061,1000,1856,1111,1418,1406
698,958,1197,2013,31,1214,1796,823,1581,74,498,8,35,1993,1637,456,92,870,581,99,357
699,1796,74,498,1993,1197,456,357,1933,35,1214,1156,8,92,31,740,1637,444,1541,861,1951
700,1197,1993,1796,498,357,74,456,31,35,8,1637,92,1214,823,1933,289,1541,444,1156,958
701,227,1214,444,1750,944,1541,1480,861,1712,991,1869,1447,174,823,591,871,1995,6,791,1933
702,727,1833,14,221,852,93,749,1396,403,648,998,1721,1856,1958,1272,1703,1775,128,1539,168
703,1796,498,1993,456,1197,35,1156,74,823,1214,1995,357,8,1541,1637,92,31,1933,861,444
704,1156,1214,823,1995,1541,1993,861,1933,444,1796,1197,357,581,456,498,35,870,8,1869,958
705,1214,1541,823,1933,1156,861,1995,444,31,74,1197,1993,498,8,1869,357,1796,1581,92,174
706,498,1796,1214,456,1197,823,74,35,1869,1156,1993,31,1541,861,1995,444,174,357,8,1719
707,1214,1156,823,1541,1933,444,861,1995,1796,74,1993,31,498,357,92,1197,8,35,1637,456
708,958,1581,498,1214,8,357,35,1197,74,1993,31,456,1637,92,2054,1350,1937,1796,2013,823
709,1214,823,1541,1156,1995,1933,861,444,958,1581,1796,1993,174,2013,561,1197,1588,1869,581,99
710,1951,740,117,1779,1009,1387,444,1447,1933,1750,1995,1197,930,1541,861,591,18,357,1404,871
711,168,727,1913,1833,1261,1509,2037,840,852,787,93,967,1927,1950,1396,1000,1763,1061,1697,1042
712,582,1355,1751,1705,1010,1058,1512,1764,1283,1054,1806,448,1149,414,711,1539,1961,1649,128,1118
713,168,2037,1133,1950,21,1913,904,1725,44,677,1261,1042,1927,1856,1721,1406,1018,1252,1634,1958
714,168,2037,1913,904,1000,1950,1192,727,1721,1958,609,967,1261,44,255,1634,1763,1252,1065,840
715,1993,456,1197,74,1637,357,8,92,35,498,1796,31,1214,1156,444,1933,823,958,1061,861
716,375,1018,806,1684,1064,1718,677,1133,1221,871,1480,1750,944,2068,591,1404,1447,991,174,1581
717,1993,456,1197,74,357,35,498,8,1796,92,31,1637,1214,1933,444,958,1541,1995,174,1156
718,1783,1588,7,410,327,171,2034,799,513,1585,1097,697,918,1201,1233,253,1581,977,1332,268
719,1447,591,174,1581,227,1937,823,1995,1869,1781,1350,958,1541,2054,1156,1214,6,444,581,1652
720,1214,1933,823,1156,444,1995,1541,861,1796,1581,1993,289,1197,1869,74,498,31,92,35,357
721,1993,456,1197,74,35,498,1796,357,8,1637,92,31,1214,1933,444,958,1541,1995,1156,2013
722,582,1355,1751,1058,1512,1010,1705,1764,1054,1283,1806,448,1149,414,711,1539,1649,1381,738,1961
723,375,806,1684,1018,1718,1064,1541,227,958,1447,1581,1995,92,1214,498,1133,1156,591,74,823
724,498,1993,1796,31,1197,456,35,8,357,74,92,1637,1214,1156,444,1933,289,823,958,1061
725,92,1993,456,1197,74,1637,8,357,35,31,498,1796,1214,1933,444,958,1541,1995,1156,2013
726,1951,740,117,1779,1009,1387,444,1197,1933,1995,930,1447,1541,861,74,18,357,1214,1937,1156
727,1447,2013,591,1869,174,1995,1937,2054,823,861,1214,1581,1156,1541,1350,444,1712,227,1719,99
728,582,1355,1751,1705,1010,1058,1512,1764,1283,1054,1806,448,1149,414,711,1539,1749,1961,1649,1118
729,799,171,2034,513,1783,7,327,1588,1995,1933,1156,1097,581,410,1581,1541,444,1719,174,1260
730,357,1581,375,1447,8,1993,31,958,456,74,92,35,581,174,498,591,1869,2054,1214,1156
731,456,1197,35,1993,498,74,1637,1796,357,92,31,8,1214,1156,444,1933,289,823,958,861
732,823,1933,1214,861,1156,1995,1541,444,1796,74,1197,31,1993,35,357,92,498,1637,456,958
733,1796,1993,1197,498,35,456,74,357,1637,8,92,31,1214,1541,823,1156,861,1933,444,2013
734,1993,456,1197,74,357,35,498,8,1796,92,31,1637,1214,1447,1933,444,958,1541,1995,174
735,301,1721,1183,299,1672,1534,912,1749,403,523,948,109,1355,1958,224,1557,65,1118,819,1539
736,727,14,1833,221,93,1396,852,749,998,403,648,1721,1958,1272,1539,1703,1664,299,711,1118
737,14,727,1833,221,1396,93,852,749,648,998,403,1703,1775,1856,1042,1876,1721,364,1763,1958
738,1796,498,1993,456,1197,35,1156,74,823,1214,1995,357,8,1541,1637,92,31,1933,861,444
739,1581,1869,2013,1541,958,1995,1214,174,861,1156,1640,2037,591,1699,561,44,1350,1097,227,1933
740,498,1993,1796,456,1197,35,1156,74,823,1214,1995,357,8,1541,1637,92,289,44,31,1933
741,727,221,1833,14,93,852,1396,749,998,403,1856,168,648,1703,1272,1725,1721,1775,1958,1042
742,727,1833,14,221,1396,852,93,749,998,648,403,1856,1272,1958,1703,1696,128,1721,1775,429
743,1197,1993,1796,1214,357,8,498,74,35,31,444,456,1156,1637,92,823,861,1995,1541,1933
744,727,14,1833,221,1396,93,852,749,648,998,1272,403,1721,738,1958,1664,1703,1856,364,1118
745,1214,823,1156,1541,1933,861,444,1995,8,1796,74,35,1993,31,498,357,92,1197,1637,456
746,727,1833,221,14,1396,93,852,749,998,648,403,1721,1272,1958,1775,1703,738,1763,1664,613
747,301,1721,1183,299,109,1751,403,582,1283,912,1958,1749,1355,1054,93,224,731,1143,1118,1539
748,1355,582,1751,1058,1512,1764,1010,1705,1054,1283,1806,448,414,1149,711,1539,1649,1381,738,1961
749,727,14,1833,221,93,852,749,1396,998,403,648,1721,1958,1703,1272,1539,1856,1664,711,1118
750,301,1721,1183,299,1672,109,763,1961,1449,93,1355,224,1649,95,1958,712,403,1557,912,1751
751,1197,1796,1993,74,31,456,498,8,35,357,1637,92,1214,1156,444,1933,289,823,958,861
752,301,1183,1721,299,1672,1749,109,403,1355,95,1118,1449,224,582,1958,474,711,1283,128,1557
753,1214,1933,1156,861,444,823,1541,1995,1796,74,1993,35,1197,357,31,498,8,456,1637,289
754,168,2037,1042,1913,1000,44,852,1133,677,967,1927,1506,364,1958,790,1065,1418,904,1509,1833
755,727,1833,14,221,1396,852,93,749,998,403,1856,648,1272,1042,1958,1703,1721,738,1664,733
756,301,1721,1183,299,1672,1749,912,109,403,1118,523,1534,1557,95,711,731,1520,224,1355,358
757,740,1951,117,1009,1779,1387,1447,861,1933,1995,444,823,1214,1937,1197,74,1581,1156,1541,2054
758,301,1721,1183,299,403,109,1958,1751,912,1749,1355,582,1143,711,1283,1539,224,731,1118,1281
759,1214,1933,1541,498,35,823,74,444,357,1993,861,31,1197,1995,1796,456,1637,1156,8,92
760,498,1993,1796,456,1197,35,1156,74,823,1214,1995,357,8,1541,1637,92,289,44,31,1640
761,301,1721,1183,299,912,109,403,1672,224,1534,1355,948,1751,1958,523,731,1749,670,358,575
762,168,2037,44,1186,840,1192,1950,1910,1406,1634,1000,727,852,1763,582,609,483,613,255,1042
763,14,727,1833,221,1396,93,852,749,998,648,403,1703,429,364,1042,1856,1876,1775,1721,1763
764,871,791,1750,991,944,1480,2068,679,1219,905,621,1035,1851,422,172,375,1592,1898,839,1108
765,1447,591,174,2054,1869,1640,561,1937,1699,1350,6,1588,227,410,1322,1712,1439,1567,1056,1336
766,967,1971,727,44,1042,1533,1252,2037,1634,99,2053,1954,2014,168,581,20,1950,1910,730,1192
767,727,1833,14,221,1396,93,749,852,998,648,403,1721,1272,1958,1775,1703,1118,1763,1664,1749
768,168,1927,2037,21,852,1042,1913,1261,1000,1697,1814,1214,1492,1061,1541,582,44,1065,807,727
769,168,2037,1913,852,1950,1833,1000,14,727,582,1111,1927,44,93,967,749,1406,1665,1058,1065
770,1156,1214,823,1541,1995,861,1933,444,289,498,1796,1581,357,1993,958,456,35,74,1197,2013
771,174,1588,410,1937,1350,2054,1869,193,794,823,934,861,2013,1214,1447,1995,1541,798,591,1969
772,1214,1197,35,1933,1993,498,1156,74,861,456,1796,92,31,1637,444,357,823,1541,8,1995
773,1214,823,958,1541,861,444,1796,1156,74,870,357,1933,581,1993,92,1447,31,1995,525,1197
774,168,2037,1042,44,1950,1111,1406,1927,967,1665,1186,1133,1763,763,344,1833,1954,364,677,1061
775,14,727,1833,221,93,1396,852,749,998,403,364,648,1703,1775,1856,1763,1721,166,1876,1958
776,1833,14,221,727,1396,852,93,749,998,403,1272,1856,364,648,1958,1703,671,1664,1721,1042
777,1214,823,1197,1796,1541,1993,1933,1156,861,74,31,456,498,8,35,1995,958,357,1637,444
778,871,791,944,991,1750,2068,1480,375,1064,1018,806,1718,1684,227,1447,591,1221,174,729,2043
779,168,2037,44,1111,840,852,1186,1950,727,613,1763,965,1910,1000,1449,1665,255,1192,483,1406
780,1214,1933,1156,861,444,823,1541,1995,74,1197,1796,31,1869,1581,357,958,35,1937,2013,174
781,95,582,403,1961,1751,109,474,1775,1705,128,1355,1054,1283,670,1958,43,1672,546,1749,299
782,1833,727,14,221,1396,93,749,852,998,403,648,1272,1958,1118,1539,1703,1664,1721,1775,109
783,168,727,1042,852,1833,1913,1763,14,221,749,2037,1186,840,1954,1000,613,93,1950,967,1927
784,1995,861,1684,1541,1156,375,1933,444,1214,806,1869,1652,174,823,1404,2013,1276,1018,2012,1447
785,1214,1933,823,1541,1156,861,1995,444,1796,1993,289,1197,74,498,31,8,92,35,357,44
786,498,1796,456,1993,1197,74,1214,35,958,357,8,1541,1995,174,92,1156,2013,1637,823,1933
787,168,1042,2037,1913,1000,1833,967,852,221,1950,1958,1927,364,14,749,44,2053,727,1856,1954
788,1541,1214,444,174,1995,823,1156,1933,1869,1447,861,591,1581,227,2013,1937,581,1712,99,1350
789,168,1927,1913,1261,2037,44,904,1697,852,1061,967,1406,1111,1581,1958,1418,221,1506,1042,21
790,958,1541,1796,74,1214,870,357,861,823,444,1447,92,31,525,1197,35,561,1933,591,1781
791,1522,375,888,236,1684,1018,1194,1064,942,1770,990,1652,378,871,1488,846,1750,2012,1276,806
792,1214,823,861,1156,1933,1995,444,1541,1796,1197,1993,74,31,498,357,1637,35,1869,8,456
793,727,1833,14,221,1396,852,93,749,998,648,1856,1703,403,1272,1958,1721,1775,1696,1042,364
794,1796,357,74,1993,498,1197,8,35,456,1637,92,31,1214,289,1541,1933,1156,1995,444,823
795,301,1721,1183,299,43,1672,1749,109,1283,403,711,1355,1958,763,712,582,1118,1143,1449,727
796,168,2037,1927,1261,852,289,44,357,904,1697,1814,1763,21,1406,1492,1065,1186,840,1061,1634
797,727,1833,221,14,1396,93,852,749,998,648,403,1856,1272,1721,1958,1703,1763,1775,1042,168
798,727,1833,221,14,852,749,1396,93,998,1856,403,648,1703,1725,364,1721,1272,1775,109,1763
799,958,1541,1214,525,861,823,444,289,1933,1712,1350,1995,99,1937,870,1447,2054,1719,581,174
800,498,1796,1197,35,74,1993,456,92,357,8,31,1637,1214,1156,444,1933,289,823,958,861
801,1214,823,1933,1541,861,1156,1995,958,444,31,1197,1581,1796,74,35,2013,289,581,456,498
802,1796,74,498,456,1993,357,1197,1951,35,740,8,92,117,31,823,1779,1156,1637,1214,1009
803,1214,1197,1993,823,1933,1541,498,1156,357,861,31,74,1796,1995,444,35,92,456,8,1637
804,31,1993,1637,74,1796,1197,92,498,35,456,8,1214,1156,357,444,1933,823,289,958,861
805,727,14,1833,221,93,852,749,1396,648,998,403,1721,1958,1703,1272,1539,1856,1664,711,1118
806,1197,1796,1993,74,31,456,498,8,35,357,1637,92,1214,1156,444,1933,289,823,958,861
807,1541,1933,861,444,823,1214,1156,1995,958,1796,74,357,581,1447,1973,870,1993,92,1869,31
808,92,1993,456,1197,74,1637,8,357,35,31,498,1796,1214,1156,444,1933,823,958,861,581
809,1355,1283,582,1010,1512,1751,1058,1054,1764,1705,711,1806,1539,1649,1961,1381,128,1118,763,1281
810,1355,582,1751,1705,1010,1058,1512,1764,1283,1054,1806,448,1149,414,1539,711,1749,1649,1118,1961
811,727,1833,14,221,852,93,749,1396,403,648,998,1856,1721,1958,1775,1749,1703,1272,1539,1118
812,14,221,727,1833,1396,852,93,749,403,998,648,1856,1272,1958,1703,1721,1042,1763,364,733
813,958,1541,1214,861,823,444,289,525,1933,1712,99,1097,1350,1995,1588,1719,1937,870,713,1447
814,727,1833,14,221,93,852,749,1396,403,648,998,1721,1856,1958,1703,1272,1539,1775,1763,126
815,174,1869,1581,1350,1588,2054,1937,1541,410,227,1781,99,697,2013,1783,7,1712,1447,2034,870
816,727,1833,14,221,93,749,852,1396,998,648,403,1721,1272,1958,1763,1775,1703,1664,1118,168
817,301,1183,1721,299,1672,1749,403,109,1355,1958,1751,1118,1143,1449,727,224,582,474,711,1283
818,168,1913,1000,357,1042,2053,967,1438,2037,44,1418,1927,904,1721,1133,1958,677,1214,166,1634
819,1684,806,375,1018,1718,1064,888,1541,2012,1276,1652,990,1522,1995,1214,1221,1869,1133,958,444
820,498,1156,1993,74,1197,456,1796,1214,357,1933,823,35,1541,8,92,1995,31,861,444,1637
821,168,2037,1950,44,727,967,581,1634,1509,1252,1000,1721,1927,1042,904,166,1665,1913,1418,807
822,301,1183,1721,299,403,109,1958,1449,1751,95,1749,1355,1143,711,224,1118,1281,912,1539,738
823,1522,888,990,846,942,2012,1276,1652,531,236,378,1770,1133,1750,1488,691,434,1624,591,963
824,168,2037,852,727,44,1913,1000,1406,1950,967,1634,1721,1418,1958,1065,1111,1283,448,749,1061
825,227,1447,942,1869,1541,1522,1276,1718,846,375,591,2012,1018,1221,990,1684,806,1995,958,2013
826,301,1721,1183,299,109,403,1449,1355,1751,1958,1749,1764,128,582,1283,224,1143,1118,1281,912
827,1214,861,1541,1933,1156,1995,444,823,1197,31,1993,1796,1581,2013,958,174,35,1869,74,1480
828,14,727,1833,221,93,1396,852,749,998,648,403,1703,364,429,1775,1042,1856,299,671,1721
829,117,1387,1779,327,1009,1951,740,7,344,787,405,2002,799,2034,513,1667,1832,602,18,1089
830,1018,1684,375,1718,806,1064,677,1133,1404,1221,227,944,1750,1447,237,942,1869,18,1522,1480
831,14,221,727,1833,1396,852,93,749,403,998,1856,1272,648,1958,1703,1876,1721,1775,1042,128
832,1993,456,1197,74,1637,357,8,92,35,498,1796,31,1214,1933,444,958,1541,1995,1156,2013
833,1447,591,1621,174,1567,1284,465,995,6,2059,2054,1869,698,1640,909,68,1699,561,524,113
834,1214,1156,1933,823,1541,861,444,1995,1796,1581,1869,1993,1197,289,74,498,31,8,92,35
835,1993,498,1197,357,456,8,1796,92,35,1637,74,31,1214,1156,444,1933,823,958,289,861
836,168,727,1913,1000,1950,1133,581,967,99,2037,44,1971,1927,904,1097,1721,1958,1042,1252,1509
837,1447,1750,591,944,991,1522,174,888,871,1488,846,1276,2012,791,227,1770,1480,1581,378,1937
838,727,1833,14,221,852,93,749,1396,1856,403,998,1775,1118,648,1703,1725,1272,364,1721,1539
839,1588,410,174,1712,1869,1581,794,1332,193,99,1511,713,1781,1969,1350,262,798,918,934,195
840,456,498,1197,35,357,1993,8,74,31,1637,1796,92,1214,958,1937,823,1156,1995,1541,1581
841,168,2037,1950,44,1000,852,1721,1927,1042,727,1406,1261,1913,1665,749,93,1214,1634,1252,1418
842,1581,1937,1214,1350,2054,174,1995,561,1541,958,289,2013,1933,99,1588,1156,2037,1869,1640,1781
843,727,14,1833,221,1396,93,852,749,648,403,998,1721,1703,1272,1539,1856,1958,429,1775,364
844,727,14,1833,221,1396,93,852,749,998,403,648,1272,1958,1539,1703,1721,1207,128,1775,166
845,14,727,1833,221,93,852,749,1396,998,403,1763,648,1703,1775,671,1856,364,1721,733,126
846,14,727,1833,221,1396,93,852,749,998,1272,1703,648,403,1958,1664,1042,1856,1721,364,738
847,498,1796,1197,31,8,1993,74,357,1214,1156,456,92,35,1637,1933,823,1541,861,1995,444
848,14,727,1833,221,93,1396,852,749,998,648,364,403,1703,1775,1042,1856,1721,166,541,1763
849,1214,1541,823,1933,1156,1995,861,444,1796,74,1197,31,35,498,1993,1637,8,456,357,1869
850,1018,1684,806,1718,1064,375,2012,888,1447,591,1276,1652,990,1522,227,1221,1488,677,174,942
851,1796,1993,1197,498,35,456,74,357,1637,8,92,31,1214,1156,444,1933,823,958,289,861
852,14,727,1833,221,93,1396,749,852,998,648,403,1703,1775,299,1763,1721,429,109,126,733
853,301,1183,1721,299,582,1751,109,403,1355,711,1283,1958,763,712,1010,1749,1143,1449,43,93
854,498,456,1993,1197,357,74,958,8,35,1637,1796,289,92,31,823,1156,1214,1541,1995,1933
855,1197,35,1993,498,74,456,1796,92,31,1637,357,8,1214,1156,444,1933,823,958,289,861
856,727,14,1833,221,852,1396,749,93,998,1856,648,403,1721,1703,364,1958,1272,949,1042,541
857,1355,1283,582,1010,1512,1751,1058,1054,1764,1705,711,1806,1539,1649,1381,1961,1118,738,763,1281
858,1796,1993,1197,498,35,456,74,357,1637,8,92,31,1214,1156,444,1933,289,823,958,1061
859,727,1833,14,221,93,1396,852,749,998,403,1721,648,1856,1272,1958,1703,1042,733,364,1000
860,1214,823,1541,1156,1933,861,1995,444,1197,1993,357,498,92,74,1796,35,31,8,958,1637
861,168,852,2037,1950,1913,1133,967,1721,1833,1000,1958,44,1042,749,1634,727,787,581,1583,1856
862,174,1869,1581,561,1699,1640,2013,1712,7,410,1588,327,1783,1350,1322,6,171,1541,1621,861
863,1796,74,498,1993,357,1197,456,1156,1214,1995,35,1541,1933,8,92,31,861,444,1637,823
864,168,2037,44,1927,1261,1000,1950,1913,727,1697,1061,967,1042,99,1406,581,1133,1111,344,1418
865,1156,1581,1214,823,1995,1541,1933,861,444,1869,2013,174,498,581,1796,74,1447,1637,99,1993
866,168,1913,1950,1133,1000,727,1958,852,1192,1042,1252,2037,44,1971,1721,1763,1018,677,904,806
867,727,1833,14,221,852,93,749,1396,998,648,1856,403,1721,1703,1272,1775,364,1118,1763,1958
868,1018,806,1684,375,1718,1064,1447,591,677,227,1133,1522,1221,2054,944,1750,174,1937,1869,846
869,1214,823,958,1541,861,444,1796,1156,74,870,357,1933,581,1993,525,92,1447,31,1995,1197
870,727,1833,14,221,1396,852,93,749,998,403,1856,1272,1958,648,1703,1725,1721,1042,1696,364
871,1993,456,1197,74,35,498,1796,357,8,1637,92,31,1214,1156,444,1933,823,958,861,581
872,727,14,1833,221,93,852,749,1396,648,998,1272,403,1721,1958,1703,1856,1664,1118,364,949
873,1581,1588,1214,7,958,1783,799,1156,513,410,2013,171,581,2034,174,1995,1541,870,1332,823
874,806,375,1684,1581,1018,1718,1064,6,1621,1640,1699,1440,2013,227,174,561,1447,1322,2054,1937
875,95,582,1751,109,1775,1705,474,128,1355,403,1672,1054,1283,670,43,1961,1958,1749,200,1512
876,301,1721,1183,299,109,403,763,711,912,1961,1449,1749,1355,1649,1539,93,1958,712,224,731
877,301,1721,1183,299,109,403,1355,1751,912,1958,1749,1449,582,1283,128,1764,224,731,1143,1118
878,727,14,1833,221,852,93,749,1396,1721,403,998,648,1856,1272,1703,1958,1042,733,364,166
879,1447,6,591,1869,1640,1699,561,174,1937,2054,1440,1621,1322,1350,1712,227,1439,1022,405,1588
880,375,806,1684,1018,1718,1064,1133,677,591,1447,1221,1404,227,174,1869,1522,1581,2054,2012,942
881,1214,823,1933,1541,1156,861,1995,444,1197,31,1993,1796,35,74,1869,375,958,1637,1439,740
882,168,2037,44,1000,727,1913,1133,904,1541,1927,1214,1261,1406,444,289,1042,1697,1725,1721,375
883,1214,823,1933,1541,1156,861,1995,444,74,1993,357,1796,289,1197,31,35,498,92,1637,958
884,806,375,1684,1018,1718,1064,227,1447,1581,1937,591,2054,174,2012,888,1869,1541,1350,2013,6
885,1779,1009,1387,1951,117,740,1447,1750,1933,1995,444,861,6,591,871,1214,1937,1197,561,2068
886,14,727,1833,221,1396,93,852,749,998,648,403,1703,1775,429,1856,1042,1721,364,1476,109
887,14,727,1833,221,93,1396,852,749,998,648,671,1703,403,364,1856,733,1763,166,1721,299
888,1197,1796,74,35,1993,31,456,498,357,1637,8,92,823,1214,1156,1933,1541,1995,958,289
889,727,1833,14,221,852,749,93,1396,1856,998,648,403,364,1721,1703,1272,1775,1749,1118,1476
890,301,1721,1183,299,109,403,1283,1355,912,1449,582,1749,1958,93,224,731,1118,1281,1539,712
891,958,1541,1796,74,1214,870,357,861,823,444,1447,92,31,1197,35,561,1933,591,1781,1995
892,301,1721,1183,299,109,403,1672,727,1355,1751,1958,1749,1449,1118,224,582,474,1283,128,1764
893,168,852,1042,1913,1396,727,582,749,364,1634,1509,2037,967,1721,1763,1927,1000,1725,93,904
894,375,806,1684,1018,1718,1064,1541,227,958,1447,1581,1995,92,1214,1133,498,591,74,823,174
895,1355,1283,582,1010,1512,1751,1058,1054,1764,1705,711,1539,1143,1118,1749,1806,1649,1381,1961,1281
896,168,2037,1000,1913,581,852,1954,1950,1927,967,1958,44,1260,1042,99,727,1971,1065,1763,1274
897,1447,6,591,1869,1640,1699,561,174,1937,2054,1440,1621,1322,1350,1712,227,1022,405,1588,1056
898,727,221,1833,14,93,852,1396,749,998,403,1721,648,1856,1958,168,1272,1703,1763,429,1775
899,1214,823,1156,1541,1995,1933,958,861,444,174,1869,1581,870,1447,581,561,591,289,99,1439
900,561,1447,1640,591,227,6,1440,1699,1350,1712,2054,174,958,1937,1522,1621,995,1581,68,870
901,168,581,2037,1950,852,1000,1927,1042,44,967,99,727,1261,1913,1065,749,93,1763,1817,1971
902,727,14,1833,221,93,852,749,1396,648,403,998,1721,1958,1703,1272,1539,1856,168,1763,128
903,1684,375,1718,1018,1064,806,357,1214,456,35,1156,1933,1541,74,31,823,1993,1995,1637,861
904,1796,1214,1993,1197,498,1933,1156,35,456,861,74,444,357,823,1541,1637,8,92,1995,31
905,168,1042,727,1913,93,1763,852,1721,2037,1261,1950,1856,1725,14,1927,1396,1000,1665,1958,1833
906,823,1197,1214,1796,1993,1156,1541,74,456,498,8,35,1995,357,1637,31,92,1933,861,444
907,1684,1718,806,375,1018,1064,35,357,92,1221,677,74,1197,498,1133,31,8,456,621,1993
908,727,1833,14,221,852,93,749,1396,648,998,403,1272,1856,1958,1703,1118,1539,1721,1775,364
909,823,1214,1933,1541,444,1995,1156,861,1796,1993,357,35,1197,74,31,498,8,289,456,92
910,958,1541,1214,525,861,823,444,289,1933,1588,99,1712,1097,1350,1995,171,1719,1937,870,713
911,727,1833,14,221,852,93,1396,749,998,403,1721,1703,1856,648,1272,1958,1725,1042,1696,364
912,740,1951,117,1009,1779,1387,1447,591,1937,2054,861,1933,1995,444,823,1214,1350,1197,74,1581
913,1214,1156,823,1541,1995,861,1933,444,1993,1197,1796,498,8,35,456,1637,581,357,74,1869
914,168,2037,44,727,1913,21,1000,1910,1261,1927,1950,1406,967,1111,1418,1958,1061,1449,1740,1725
915,727,1833,14,221,93,852,749,1396,998,1856,403,1272,648,1703,1721,1664,1775,1958,1118,364
916,1214,1156,1933,823,1541,444,861,1995,1796,289,74,1993,35,1197,357,31,498,8,456,1637
917,727,1833,14,221,852,93,749,1396,648,1721,403,998,1856,1272,1703,1539,1775,1958,128,733
918,727,1833,14,221,852,93,749,1396,998,1856,403,1721,648,1958,1703,1272,1725,364,301,1763
919,375,1684,806,1018,1718,1064,1133,677,35,357,74,958,456,1993,1221,1637,1197,498,1796,31
920,513,7,171,799,2034,1783,1588,327,713,790,1719,410,2002,1097,1921,364,1581,820,1272,1870
921,498,1993,1796,456,1197,35,1156,74,823,1214,1995,357,8,1541,1637,92,31,1933,861,444
922,1214,823,1156,1995,1541,1933,444,861,1581,31,92,1796,2013,1197,74,289,44,1993,174,35
923,1692,719,691,434,591,1624,963,357,227,1447,456,35,1796,74,713,1993,236,531,1770,92
924,14,727,1833,221,1396,93,852,749,648,998,403,1703,1775,429,1856,1042,1876,1721,364,1763
925,168,1061,2037,1261,1927,21,1042,581,1913,1000,1697,1814,1214,99,727,1541,1950,44,1111,1418
926,168,2037,1913,852,1950,1763,1833,727,1000,44,967,749,1406,1111,99,1065,1958,1061,1910,787
927,727,14,1833,221,1396,93,852,749,998,403,1272,1958,648,1703,1721,1856,364,1042,299,1696
928,92,1993,456,1197,74,1637,8,357,35,31,498,1796,1214,1156,444,1933,823,958,861,581
929,727,14,1833,221,93,852,749,1396,998,648,403,1721,1703,1856,1272,364,168,1913,1763,1775
930,727,14,1833,221,93,852,749,1396,998,648,403,1721,1703,1856,1272,364,1775,1118,1763,128
931,301,1721,1183,299,403,109,1355,1958,912,1751,1749,1449,582,1283,224,731,738,65,1764,1520
932,1637,31,1993,456,1214,1197,74,35,498,1447,8,958,1541,357,1995,1933,174,444,92,561
933,1214,1541,1156,1933,444,289,1197,1995,823,74,357,35,861,1993,1796,31,498,456,8,1637
934,1796,498,1993,456,1197,35,1156,74,823,1214,1995,357,8,1541,1637,92,289,44,31,1933
935,958,1214,823,1541,1995,1156,357,1933,35,498,444,861,8,92,1197,74,1993,31,456,1637
936,727,1833,14,221,93,852,749,1396,998,648,1856,403,1272,1721,1958,1703,1775,1664,364,1725
937,1447,591,958,1541,174,1214,1581,2054,823,227,581,99,870,2013,1350,1937,1869,1933,1995,713
938,727,1833,14,221,1396,852,93,749,998,1856,403,1272,1958,648,1703,1721,1775,1042,1696,364
939,168,1927,2037,1913,967,1950,1061,1697,904,1721,1261,1133,44,1042,998,1260,1954,1833,1186,21
940,740,1089,1614,1320,1387,941,1832,1009,2070,807,1439,120,1876,1779,117,2068,602,1492,790,529
941,301,1721,1183,299,109,403,763,1355,711,1283,95,1449,712,582,1749,448,43,93,1958,224
942,14,727,1833,221,93,1396,749,852,998,403,648,1763,1703,1775,1721,429,166,733,126,1503
943,1951,740,117,1779,1009,1387,444,1197,1447,1933,1995,930,1915,1588,1541,861,74,591,18,357
944,174,1869,1581,1712,561,1699,2013,193,2054,1640,794,1447,1583,1937,405,1022,410,1322,1350,591
945,168,1913,1950,498,967,357,1000,1418,2037,44,1927,904,92,1958,1042,727,730,1775,1721,35
946,727,1833,14,221,1396,93,852,749,998,1721,403,648,1272,1775,1703,1958,128,897,738,429
947,727,1833,14,221,93,852,749,1396,998,648,403,1721,1856,1272,1958,1703,1725,1775,733,1664
948,168,1763,2037,1111,840,1406,1696,852,1950,1954,1927,967,1971,1856,1740,1000,1042,44,1833,1061
949,92,1993,456,1197,74,1637,8,357,35,31,498,1796,1214,1933,444,958,1541,1995,174,1156
950,727,221,1833,14,1396,852,93,749,998,648,403,1856,1703,1958,1272,1042,128,1721,1775,429
951,1214,1541,1933,823,1156,861,1995,444,1581,1869,581,2013,31,1796,1197,174,870,1993,227,99
952,1951,740,117,1779,1009,1387,1447,861,1933,1995,444,823,1214,1937,1197,74,1581,1156,1541,2054
953,168,2037,852,44,1042,1950,840,1927,1186,1763,1000,1833,1509,1665,364,967,432,1954,1261,749
954,44,1937,289,1581,1214,823,2037,958,1541,1350,2013,861,1156,2054,1933,1995,1869,965,1993,498
955,823,1197,1214,1796,1993,1156,1541,74,456,498,8,35,1995,357,1637,31,92,1933,861,444
956,168,2037,44,1927,1111,1913,727,289,1763,967,1740,1061,1000,1697,1814,357,1406,1950,1261,1958
957,448,1806,43,1149,712,414,1010,1664,1406,738,301,590,1856,1665,1232,759,1725,903,840,1592
958,1993,456,1197,74,1637,357,8,92,35,498,1796,31,1214,1156,444,1933,823,958,1061,861
959,375,806,1018,1718,1684,1064,357,958,1993,1197,1404,1221,35,74,581,1447,92,1637,456,498
960,823,1995,1156,1541,1214,861,1581,174,444,410,1869,1933,2013,581,1588,99,1937,870,591,1350
961,1684,1018,375,1718,806,1064,871,944,2068,621,1133,1800,1844,677,1793,1480,1750,2043,991,528
962,168,2037,1133,1913,904,44,1042,1186,1763,1406,1192,1261,483,613,1634,1833,967,582,1721,1449
963,1796,498,1993,456,1197,35,1156,74,823,289,1214,1995,357,8,1541,1637,92,44,31,1933
964,456,1197,35,1993,498,74,1637,1796,357,92,31,8,1214,289,1541,1156,1933,444,1995,823
965,727,14,1833,221,93,1396,852,749,403,998,648,1721,1272,1703,1539,1856,1958,1664,364,711
966,727,14,1833,221,93,1396,852,749,998,648,403,1721,1703,1958,1272,1856,1664,364,1042,1118
967,1684,806,1018,375,1718,1064,1750,1541,944,227,591,2068,1480,1447,1276,791,1581,1995,991,1214
968,1197,1796,1993,74,31,456,498,8,35,357,1637,92,1214,1933,444,1541,1995,1156,823,861
969,1018,375,806,1718,1133,1064,1684,677,1221,227,621,944,581,1447,1750,870,1869,1898,1541,1219
970,92,1993,456,1197,74,1637,8,357,35,31,498,1796,1214,1156,444,1933,823,958,861,581
971,958,1541,1214,861,823,444,289,525,1933,1712,1350,1995,99,1937,870,1447,2054,1719,581,174
972,498,1993,1796,456,1197,35,74,357,8,1637,92,31,1214,1156,444,1933,289,823,958,861
973,1993,456,1197,74,357,35,498,8,1796,92,31,1637,1214,1156,444,1933,823,958,861,581
974,727,1833,221,14,852,1396,93,749,998,1856,1703,648,403,1042,1958,1272,738,1721,1775,1763
975,92,1993,456,1197,74,1637,8,357,35,31,498,1796,1214,1933,444,1541,1995,1156,823,958
976,31,1214,823,1993,1637,74,1796,958,1197,92,498,35,456,1447,1933,8,1156,861,581,444
977,375,806,1214,1684,1995,1541,1018,1156,1933,823,1581,1718,861,1064,357,958,444,8,227,1993
978,1796,498,1993,456,1197,35,74,357,8,1637,92,31,1214,1156,444,1933,823,958,289,861
979,1783,1588,7,410,327,171,2034,799,513,1097,1585,918,977,1921,697,1581,1372,1332,790,1201
980,168,1406,852,727,414,1634,1260,1856,967,1200,1065,1111,132,1283,1149,1186,1913,519,1764,840
981,14,727,1833,221,93,1396,852,749,998,648,403,1703,1042,1775,1856,1763,429,1721,364,1476
982,456,1197,35,1214,1993,498,823,74,1637,1796,357,92,31,1156,1995,1541,8,1933,958,861
983,14,727,1833,221,93,1396,852,749,998,648,403,1703,364,1775,1856,299,1763,429,1721,109
984,2037,44,289,1214,2013,823,410,1588,958,1541,861,1156,1350,965,174,1869,99,1933,1995,1581
985,301,1183,1721,299,1672,1749,109,403,1449,95,1118,1355,1281,224,1958,711,1557,912,1751,1539
986,498,1993,1796,456,1197,35,74,357,8,1637,92,31,1214,1156,444,1933,289,823,958,861
987,1541,1156,1214,1995,861,823,870,1933,1581,958,2012,581,444,99,1522,1332,289,1869,375,888
988,1796,498,1993,456,1197,35,74,357,8,1637,92,31,1214,1156,444,1933,289,823,958,861
989,44,289,2037,958,1993,823,1197,1796,357,498,1156,1214,456,1541,1995,1581,35,74,965,92
990,168,727,1913,1000,852,1042,2037,44,1133,93,1927,1950,14,613,1214,1763,1833,749,1186,1192
991,1447,591,6,2054,561,1937,1699,1640,1350,1915,1322,1712,1932,298,1621,1440,1284,2059,995,696
992,168,581,2037,1927,1950,1913,1261,852,1000,1833,44,14,967,99,1042,1634,1260,727,93,1954
993,498,1993,1796,456,1197,35,74,357,823,8,1156,1214,1637,92,31,1933,1541,861,1995,444
994,1018,1684,806,1718,1064,375,1522,1276,990,1480,1447,591,2012,1652,991,1750,378,2068,1488,871
995,1214,1933,31,1197,1541,1993,1796,35,498,92,1637,823,456,74,444,357,861,8,1995,1156
996,498,1993,1197,1796,456,35,1156,44,74,1214,1995,357,823,8,1581,1541,1637,92,289,2037
997,1447,591,6,2054,1937,561,1699,1640,1350,1933,1995,444,861,1915,823,1214,1322,1712,1581,1932
998,727,1833,14,221,1396,93,852,749,998,1721,403,648,1272,1775,1703,1958,128,897,429,1763
999,289,823,1214,1156,1933,1541,1995,444,1197,861,1993,44,1796,357,35,456,2013,958,2037,1581
