0,1214,444,1541,1933,861,456,1995,74,8,823,1156,31,1197,35,498,1796,92,1993,357,1637
1,1520,1534,819,65,1405,274,670,731,523,575,200,912,224,1873,1557,1529,546,474,358,1672
2,727,1833,221,14,93,1396,852,749,582,1281,1749,1703,1721,1577,1058,1751,376,1283,1512,128
3,168,1325,1783,171,1507,973,327,7,2034,799,1954,95,1232,1961,1684,1336,197,949,952,2002
4,1541,444,1214,1995,823,861,1581,1156,1933,958,1973,456,1439,375,74,1404,498,92,8,1018
5,8,1197,456,498,74,35,31,92,1796,357,1993,1637,1214,444,861,958,1541,823,1933,1995
6,444,1541,958,861,35,1214,823,1933,1061,1156,2054,92,2037,44,1796,456,1995,1197,21,1350
7,456,444,958,35,8,1541,498,1995,1197,1796,1933,1993,31,823,92,1214,289,74,1637,1156
8,168,95,852,541,1325,166,1512,949,1727,171,7,973,1507,2053,1954,1725,648,197,344,1315
9,444,1541,861,1214,1933,823,1995,1156,958,456,92,1197,35,8,289,1796,498,31,74,1350
10,1214,861,823,1156,444,1933,375,1541,806,1684,1995,677,1018,1064,1718,8,1350,456,92,31
11,1350,410,2054,1783,171,591,174,1447,513,1588,1937,1869,1214,1581,1541,799,823,870,1439,7
12,1541,444,1933,1214,1995,958,861,823,1156,456,35,498,8,92,74,1197,1796,289,31,1993
13,174,1869,1214,444,1541,1995,861,1933,823,1156,1522,991,1350,1439,591,870,846,944,942,2013
14,582,1058,1054,1010,1283,1705,1512,1751,1355,1764,414,1149,1539,448,1281,1806,1749,1775,1721,1118
15,1783,799,513,171,7,2034,327,410,1588,1206,790,1056,1781,1712,581,44,1350,440,918,949
16,301,1721,1183,712,1283,109,1054,1958,1751,1010,763,43,582,727,128,1512,1764,1649,1923,1539
17,1779,1387,117,740,1009,1951,1197,357,498,74,92,31,456,35,1993,8,1214,1796,1933,861
18,1581,1783,1350,1541,410,444,171,7,174,799,327,1995,1156,861,1214,823,513,2054,2034,1588
19,301,1721,1183,727,1283,1961,1751,1010,582,1764,1054,221,1058,763,1958,1539,128,1725,1512,1775
20,727,1833,221,14,93,1396,749,852,1281,1749,1577,1058,1740,376,1539,582,711,1283,1381,1703
21,1054,582,1058,1283,1010,1751,1764,1512,1705,1355,414,1806,448,1149,1833,1281,1539,221,1749,1721
22,1387,117,1779,740,1951,1009,444,1018,1684,861,1480,1933,1064,823,1214,1995,806,2068,871,1541
23,823,1541,444,1214,1350,1995,861,410,1581,1933,870,1156,1588,958,1869,991,174,791,1439,1480
24,1783,799,2034,513,171,7,327,174,410,1350,1869,1588,1322,870,1640,1621,1440,1699,99,2054
25,8,92,456,498,35,357,31,1796,1197,1637,74,1133,677,1993,823,375,1214,861,1064,444
26,1350,1869,174,1541,444,823,1933,1214,861,2054,1995,8,1284,456,1581,918,1796,1156,1937,804
27,727,1833,221,14,1396,93,852,749,1281,582,1749,1118,128,1539,1058,711,1381,1775,1751,1703
28,1214,444,861,958,1541,823,1933,1995,456,1156,8,74,498,92,35,2037,1197,1796,31,357
29,1541,444,861,958,2054,1933,1156,823,1214,1350,1995,1869,2037,410,174,1588,99,44,289,870
30,171,327,1449,740,799,7,1725,1783,1779,1971,960,718,1856,513,2034,440,128,1950,807,949
31,1214,823,444,1541,1018,1933,1995,861,375,806,1156,1718,1684,1064,456,958,74,991,8,791
32,582,1058,1054,1010,1283,1764,1751,1512,1705,1355,414,1149,448,1806,1539,1281,1775,1833,1749,711
33,2043,122,1898,759,839,528,1108,1793,679,1255,1844,1275,1219,1592,1800,1851,905,594,729,172
34,410,1588,870,99,1781,1783,581,513,7,2034,799,1350,1719,171,934,327,262,195,798,1969
35,1541,1933,823,444,591,1995,1214,1350,861,1447,2054,1156,958,289,1937,44,174,1796,713,8
36,168,1440,1054,6,1325,1507,1621,171,1512,197,799,95,1954,2034,1533,1232,1640,1783,1336,1322
37,174,1869,410,1350,698,113,298,1144,804,2059,475,68,1567,1586,1783,1588,513,171,1284,1023
38,8,456,35,1796,1197,74,92,31,498,357,1993,958,1637,289,444,1541,1214,2037,44,591
39,1783,799,7,2034,513,327,171,1588,410,1350,1719,99,1781,870,1156,934,1541,861,1869,958
40,301,1721,1183,763,1961,109,299,727,1958,128,1539,1649,1856,1111,93,1725,221,712,1775,1833
41,1214,861,444,1541,823,1995,1156,1933,958,456,498,8,1350,35,92,74,31,1197,289,1796
42,582,1054,1058,1010,1764,1283,1751,1705,1512,1355,414,1149,448,1806,1833,1281,1539,221,1721,168
43,1640,1699,1440,1322,6,561,1621,1783,799,2034,513,7,327,171,410,1588,1350,174,1869,2054
44,582,1054,1283,1058,1010,1751,1764,1705,1355,1512,414,448,1149,1806,1833,1281,1721,1539,221,944
45,1869,174,1783,171,410,513,2034,799,7,327,870,1588,99,1781,1350,1712,1581,787,581,1022
46,806,375,1064,1718,1684,1018,677,1133,1214,804,991,823,236,1750,2012,444,944,1652,2068,846
47,456,1197,498,8,1796,35,92,1637,444,31,74,357,1541,1993,861,1214,958,823,1933,1995
48,582,1054,1058,1010,1283,1705,1751,1355,1764,1512,414,448,1806,1149,1281,1539,1833,1749,1721,1775
49,1779,1387,740,1951,117,1009,1933,871,1480,944,2068,444,1684,861,1018,823,375,1064,903,991
50,498,357,117,1197,1779,31,456,1009,74,1387,8,92,35,740,1993,1796,1951,1637,1214,444
51,1214,444,1541,861,1933,823,1995,1156,31,456,498,92,1796,1197,74,8,1637,35,958,1993
52,991,944,1480,871,1750,2068,791,1898,1851,729,1793,2043,1108,1800,839,1844,1219,594,905,1592
53,2043,839,759,1898,122,1793,528,1592,594,1275,1108,729,1219,905,1255,1851,1844,1800,679,621
54,1064,806,1684,375,1133,1018,991,677,1750,1480,944,2068,871,1718,791,1652,1770,1522,236,378
55,456,35,8,498,1197,74,958,92,444,1796,1541,31,1214,357,861,823,1637,1993,1933,1995
56,444,591,1447,1214,823,1933,804,861,1541,1995,1567,113,1284,1156,456,8,475,1066,524,35
57,1387,117,1779,740,1009,1951,1480,871,1933,944,444,2068,1684,991,1018,1750,1064,861,823,806
58,991,1350,1214,1750,944,791,871,2068,174,1480,1869,823,444,591,1447,861,1541,804,870,1995
59,991,1480,2068,1750,791,944,871,236,1447,846,1652,942,591,1439,1522,1350,1973,2012,1488,378
60,1018,375,1064,677,806,1684,1214,823,92,8,1133,1541,456,1796,31,444,861,1718,1197,1156
61,727,1833,221,14,1396,93,749,852,1281,1749,1577,128,376,1721,582,1856,1283,1058,1539,1740
62,168,95,1325,852,541,197,171,1315,952,1200,7,91,1056,1727,949,327,1507,1954,973,166
63,1350,444,2054,410,1541,1937,1214,1933,861,1869,823,1783,174,1995,1588,2013,1781,171,2034,1156
64,8,456,74,1197,498,1796,92,35,1637,1350,357,31,823,1993,1214,1541,1933,444,861,1995
65,357,498,1779,1197,456,92,117,8,74,31,740,35,1387,1009,1993,1796,1951,1637,289,958
66,582,1058,1054,1283,1010,1512,1751,1705,1764,1355,414,1149,448,1539,1281,1806,1775,1749,711,1118
67,456,498,31,357,1197,8,117,74,1779,35,92,1796,1009,1993,740,1387,1951,1637,289,958
68,444,958,1214,1541,1995,861,1933,823,498,456,92,74,1197,357,8,1796,1156,35,31,289
69,444,1541,1214,861,1995,1933,1156,823,958,498,456,1796,92,8,1197,35,31,1637,74,357
70,727,1833,221,14,1396,93,749,852,582,1705,1058,1751,1283,1054,1512,1355,1281,1764,1577,376
71,799,1783,171,7,513,327,2034,410,1588,1350,2054,697,1719,870,790,174,99,1937,1781,1097
72,582,1010,1058,1054,1764,1512,1283,1705,1355,1751,414,448,1149,1281,1806,1539,1833,711,221,1749
73,944,991,1480,1750,236,2068,791,2012,444,871,1214,1522,823,942,861,1995,1156,1933,1973,1541
74,1541,444,1933,1214,1995,823,861,1156,958,456,35,92,289,8,498,1796,74,1197,31,357
75,991,944,1480,1750,871,2068,791,729,1898,1439,1851,2043,1793,1447,1800,591,1108,521,1973,839
76,1541,444,1933,1214,861,1995,823,1156,958,456,31,35,8,1796,498,1197,92,1993,74,1637
77,958,2037,289,456,35,44,8,1796,498,1541,1197,444,92,74,31,1933,1993,861,1995,1156
78,1350,1214,444,1541,1933,823,861,1869,1156,456,2054,991,174,1995,8,591,2068,791,74,35
79,1214,1933,861,444,823,1541,1995,1156,456,958,74,92,8,498,1350,35,31,357,1796,1197
80,727,1833,221,14,1396,93,852,749,1281,582,1749,1577,376,1058,1703,1539,1751,1283,1721,1705
81,1541,1214,861,444,1995,1933,823,1156,958,456,31,498,1197,8,92,35,1993,74,1637,1796
82,456,498,74,8,92,35,1197,357,31,1796,1214,444,1637,1993,958,1541,861,823,1933,1995
83,444,1541,1214,861,1933,456,823,1995,1156,8,35,958,1197,498,92,1796,74,31,289,1993
84,168,799,1783,171,1325,327,7,2034,1440,513,1954,95,6,1056,1320,973,1232,949,820,1619
85,1640,1440,1322,1621,6,1699,561,174,1869,1567,475,804,298,696,1046,113,1559,1342,1023,1284
86,958,2037,289,44,456,35,8,1796,498,74,1197,92,31,357,174,1993,1541,444,1869,1637
87,582,1054,1283,1058,1751,1010,1705,1512,1764,1355,414,1806,448,1149,1281,1833,1539,1749,1721,1775
88,456,117,35,1197,1779,8,92,498,740,31,74,444,357,1993,1796,861,958,1387,1214,1951
89,727,1833,221,14,93,1396,852,749,582,1281,128,1577,376,1058,1283,1751,1054,1705,1749,1512
90,582,1054,1058,1283,1010,1751,1705,1764,1512,1355,414,1149,448,1806,1539,1281,1775,1833,1749,1721
91,444,1541,1214,861,456,1995,823,1933,498,1197,1156,35,92,8,1796,958,74,1637,1993,31
92,174,444,1869,1541,1214,1933,958,861,1350,1995,823,2054,410,1156,289,35,44,2037,1581,1783
93,727,1833,221,14,93,1396,852,749,1577,301,1721,376,582,1740,1281,1058,1054,128,1751,1856
94,727,1833,221,14,1396,93,852,749,1281,582,128,1749,1721,1058,1751,1283,1118,1703,1512,1958
95,727,1833,221,14,93,1396,749,852,1281,1577,1740,1856,376,1749,1058,582,1539,128,1721,711
96,727,1833,221,14,93,1396,749,852,1281,1749,1577,1703,376,1740,582,1381,1539,128,711,1118
97,301,1721,1183,727,763,1961,299,109,1054,128,712,1958,1283,1764,1725,1111,1775,1058,1649,1740
98,8,456,35,1796,498,1197,92,31,74,1993,1637,357,958,289,1541,444,1214,861,1933,823
99,727,1833,221,14,93,1396,749,852,1281,1577,376,1749,582,1740,128,1118,1381,1856,1539,1703
100,727,1833,221,14,93,1396,852,749,1577,582,376,1740,1058,1856,1281,1751,1283,1749,1721,1512
101,958,456,1541,444,35,498,8,92,74,1796,1197,1933,1214,1995,861,31,823,1156,357,1993
102,456,1197,498,357,8,31,74,35,117,92,1993,1779,1796,444,861,1637,1387,740,1951,823
103,456,8,35,1796,289,958,74,1197,498,31,92,444,1637,1541,1993,357,2037,1933,1995,1214
104,168,1325,95,7,171,1727,1783,852,1512,327,1449,1975,1954,2034,541,973,1507,1863,799,1725
105,1018,806,1718,1684,1480,375,991,944,1064,1750,2068,791,871,1214,444,1133,861,1933,823,903
106,1214,444,1541,1933,861,823,1995,1156,456,498,958,31,92,74,35,8,1197,1637,1796,1993
107,727,1833,221,14,93,1396,749,852,1281,1749,1577,582,1058,1539,1740,1751,376,1705,128,1512
108,727,1833,221,14,1396,93,749,852,582,1054,1283,1751,1705,1512,1058,1281,128,1764,376,1355
109,1621,1350,1440,6,1640,1322,1699,174,2054,1869,513,799,561,171,2034,1783,697,327,1937,7
110,1783,799,410,513,7,327,2034,171,1869,1588,174,1350,1781,2054,1937,99,918,1206,405,581
111,174,1869,410,1588,870,99,171,1783,7,327,513,1781,2034,1350,1969,799,581,1712,1322,23
112,1322,1640,1621,1699,1440,6,174,561,1869,1350,787,591,1969,799,1447,1783,1022,1214,1583,513
113,727,1833,221,14,1396,93,852,749,1281,582,1283,1058,128,1749,1512,1054,1577,1721,1705,1751
114,846,1652,378,236,1522,942,1488,1770,990,2012,1276,888,1718,1750,806,991,871,1064,375,1684
115,1541,823,1214,444,861,1156,1933,1995,958,525,846,942,799,513,1783,1869,713,236,1488,1322
116,799,1783,7,171,513,327,2034,1588,410,1440,1621,1699,6,1322,1640,561,1350,2054,790,1719
117,582,1054,1058,1010,1764,1283,1751,1512,1705,1355,414,1149,448,1806,1833,1281,1539,221,1749,711
118,1214,444,1541,823,861,1933,1995,1156,456,958,498,31,92,35,1796,1197,8,74,1637,1993
119,727,1833,221,14,93,1396,852,749,1281,1749,582,1703,1058,1751,1512,1740,1577,1283,301,1539
120,8,456,1197,1796,31,92,35,74,444,498,1214,861,1541,1933,1156,1993,823,1637,1995,357
121,444,1541,1214,1933,1995,2037,44,958,823,861,1156,289,35,456,1796,1869,92,1197,2054,8
122,456,958,35,8,1796,92,444,31,1541,498,1214,1993,861,1197,823,74,357,1995,1156,1933
123,1779,117,740,1387,1951,1009,74,35,1197,456,8,31,444,2068,498,823,92,861,1933,871
124,168,171,1783,7,1954,2034,1325,327,799,1684,197,1315,852,513,1132,1289,91,1000,949,1336
125,236,378,846,1652,942,1522,1770,1488,2012,990,888,1276,1064,806,1718,375,1684,1018,1214,2043
126,1064,806,1684,375,1018,1718,1133,677,1750,944,991,871,2068,791,1480,804,2043,905,1973,729
127,1064,1018,806,375,236,378,942,1350,1684,1522,1652,677,1718,1770,1133,2012,991,846,823,888
128,375,806,1018,357,1718,8,498,74,456,1064,92,31,1684,1197,1796,35,1993,1214,861,1652
129,1058,582,1010,1054,1764,1283,1751,1705,1512,1355,414,1149,448,1806,1539,1281,1749,1775,711,1381
130,787,1022,174,1583,405,1869,799,1322,1781,262,99,2034,171,1567,1621,513,1969,298,1783,804
131,991,846,871,1480,236,1770,1522,2068,944,378,791,1488,1750,1652,2012,942,990,888,1276,1214
132,582,1058,1010,1054,1283,1705,1512,1355,1764,1751,414,448,1149,1806,1539,1281,1749,1833,1775,711
133,591,1447,1284,475,1066,524,113,1144,68,1567,1342,804,1559,2059,1586,1023,916,465,298,698
134,727,1833,221,14,93,1396,749,852,582,1577,376,1705,1512,1281,1058,1740,1751,1721,1703,1283
135,174,1995,99,1214,444,1869,861,1541,1350,1969,410,513,870,799,823,1156,1933,787,7,1783
136,1058,1010,1054,582,1283,1705,1512,1751,1764,1355,414,1539,1149,1281,448,1806,1749,1775,711,1381
137,806,1684,1064,375,1718,1018,677,1133,991,1750,871,944,1214,1480,2068,791,804,823,236,861
138,1118,711,1381,1539,1281,1749,1143,1775,1054,1705,1751,1764,1355,1512,1058,1283,1010,582,376,1740
139,8,456,1796,35,74,92,498,1197,31,1637,1993,357,958,289,1541,444,44,2037,1214,1933
140,1054,1058,582,1283,1764,1751,1010,1512,1705,1355,414,1149,448,1806,1281,1833,1539,221,1749,711
141,444,1214,1933,1541,1995,823,1156,861,1197,456,35,1796,8,498,31,92,958,74,289,1993
142,444,1541,823,861,1933,1995,1214,1156,117,958,740,456,1197,1779,1951,1796,35,31,1387,74
143,958,2037,1796,289,456,498,44,8,35,74,92,1197,31,357,1993,1637,1541,2054,444,1869
144,444,1933,1214,861,1541,1350,823,1640,1995,1156,8,74,289,456,1322,174,1796,2054,35,1869
145,444,1064,1214,375,823,861,1133,1684,1018,806,677,74,456,1718,31,991,1480,871,1541,2068
146,1541,444,861,1214,1933,1995,823,1156,958,31,456,92,35,1796,498,74,8,1197,2054,1993
147,1214,1541,444,861,823,1933,1995,1156,456,498,8,35,1197,92,958,31,74,1796,357,1637
148,1018,1214,823,375,1064,1684,1718,861,1933,444,1541,806,1995,1156,691,1480,677,991,2068,944
149,991,944,1480,1750,871,2068,791,1439,1973,1851,729,2043,1404,1898,1108,1793,1592,905,521,1214
150,456,444,1541,35,958,1995,1796,1933,117,8,31,289,1197,1156,823,591,1214,498,1779,74
151,378,1652,846,942,236,1522,1488,1770,990,888,2012,1276,806,1718,1064,759,2043,905,375,528
152,1350,1869,2054,410,174,1588,1937,1783,870,2034,171,2013,861,513,7,99,942,1781,1541,1522
153,1541,444,861,823,1995,1933,1214,1156,958,2054,1350,2037,44,456,92,289,498,35,713,870
154,1064,1018,1214,1684,806,444,861,1718,375,823,1995,1156,1541,1933,357,456,92,1750,31,1652
155,1640,1621,1699,1322,1440,561,6,1447,591,1783,174,1869,1350,513,799,1284,171,68,804,327
156,1010,582,1058,1054,1764,1705,1751,1283,1512,1355,414,1539,1281,1149,1749,1806,1381,1775,448,711
157,1779,117,1009,498,740,1197,31,1387,357,456,74,1951,35,8,92,1993,1637,1796,861,289
158,171,799,410,7,327,1783,2034,513,1588,2054,174,1350,1937,697,1869,790,1384,949,1921,1206
159,582,1054,1058,1010,1283,1705,1512,1764,1355,1751,414,448,1149,1806,1281,1833,1539,1749,1118,221
160,301,1721,1183,1961,763,1725,109,1649,727,299,1958,43,712,1740,128,1856,1111,1775,1283,403
161,582,1054,1058,1283,1010,1751,1512,1764,1705,1355,414,448,1149,1806,1539,1281,1833,1749,1721,1775
162,456,444,1541,8,35,1197,1214,498,861,823,1796,1933,1995,958,92,74,31,1156,1637,1993
163,375,1064,1018,806,1684,1133,677,1718,92,8,456,31,498,1214,1197,74,1796,823,357,35
164,991,1750,1480,944,871,2068,791,1064,1684,375,1018,806,236,1718,677,729,1522,1133,846,378
165,958,8,456,498,1541,1214,1933,1796,35,823,1197,1995,444,31,74,861,92,1993,357,1637
166,727,1833,221,14,1396,93,749,852,1281,1749,128,1577,1539,582,1118,711,376,1856,1058,1740
167,1541,1214,444,861,1995,1933,823,1156,958,456,31,498,74,1197,8,35,1637,92,1993,1796
168,1350,1783,1322,1640,1621,513,799,171,327,6,2034,7,1699,410,2054,1440,1937,561,591,1869
169,1133,677,375,1018,1064,1684,806,1718,92,823,804,8,456,1214,31,113,498,1915,35,444
170,8,498,456,1197,31,92,74,1796,35,357,1637,1993,958,1214,1541,444,861,1933,823,289
171,444,1541,861,823,1995,1214,1933,1156,456,958,35,1197,92,498,8,1796,1993,1637,1350,74
172,1064,375,1684,806,1018,1718,1133,677,1214,823,444,861,1156,1995,1933,871,1480,1750,791,991
173,456,498,8,1197,35,357,92,1993,74,31,1796,1637,861,444,289,1541,1933,1214,1995,958
174,8,74,498,456,92,357,31,1541,1796,1197,958,35,1214,1993,1995,861,1933,1637,444,823
175,1541,1214,444,861,823,1156,1933,1995,1350,410,1869,2054,1588,1783,174,1581,7,799,327,513
176,958,1541,444,456,35,1933,861,8,1796,1214,823,1156,1995,92,1197,31,498,289,74,1993
177,958,1541,444,2037,861,1214,1933,289,456,35,1156,1995,44,823,8,74,31,498,92,1197
178,1350,410,171,1783,513,799,2034,1588,327,2054,7,1937,697,1621,6,1322,1640,1440,174,965
179,958,35,456,289,44,2037,8,92,1796,74,31,498,1197,357,1993,1637,174,1869,1350,561
180,1541,444,1214,823,1995,861,958,1933,1156,456,498,92,35,8,74,31,1993,357,1197,1796
181,582,1058,1054,1283,1010,1705,1512,1355,1751,1764,414,448,1806,1149,1281,1539,1749,1833,1775,1118
182,1010,1058,582,1054,1705,1512,1283,1355,1764,1751,414,1149,1539,1281,448,1806,1749,711,1775,1381
183,8,498,1197,456,92,1796,357,1637,74,35,31,1993,958,1214,861,444,1541,823,1933,289
184,1214,444,1933,861,823,1541,1995,1156,591,456,1447,1350,958,8,35,1796,289,92,1197,31
185,582,1058,1054,1283,1010,1512,1751,1705,1355,1764,414,448,1149,1539,1281,1806,1749,1833,1775,1118
186,456,8,1796,35,74,92,958,1197,289,498,31,444,1214,1541,861,1933,823,1995,1156,1637
187,799,513,7,1783,171,2034,327,168,1325,410,949,1206,1588,541,1449,648,364,2070,221,268
188,301,1721,1183,763,128,1961,727,1054,109,299,1764,1725,1775,1958,1283,1649,712,582,1539,1058
189,1541,1783,799,444,823,1214,1995,861,171,7,1581,1933,410,513,2034,1350,327,1156,1588,1869
190,456,8,498,1197,1796,35,92,1993,1637,74,31,357,444,1541,958,1214,861,1933,1995,823
191,410,1869,174,171,1588,1783,513,799,2034,7,327,870,1781,99,1350,581,1712,787,1322,1621
192,168,799,7,2034,1783,171,513,1325,1507,327,91,197,166,949,541,1440,442,1315,579,852
193,1018,1064,1684,375,806,1718,677,1214,1133,823,444,1995,861,1541,1156,1480,1933,1750,1522,1652
194,1969,195,262,794,1384,23,934,156,1511,205,174,99,444,1214,861,1869,1541,1995,870,1933
195,301,1183,1721,1961,727,1539,763,1111,128,1740,1649,1775,1958,712,109,1283,299,1577,1856,1751
196,1214,823,375,1018,806,677,444,1684,861,1541,1064,1156,1718,1995,1133,1933,92,8,456,31
197,498,1197,8,456,31,74,357,92,35,1796,1993,1637,1214,1779,861,1933,823,117,1995,1009
198,1058,582,1054,1010,1512,1283,1705,1764,1751,1355,414,1281,1539,448,1149,1806,1749,1833,711,1775
199,375,1064,1684,1018,806,1133,677,1718,991,1480,2068,823,1750,944,1214,871,236,791,1156,378
200,168,1954,7,949,799,171,1783,541,1336,1325,2034,1684,327,852,166,1727,95,1507,1315,1289
201,1350,2054,1541,1640,1937,1440,1322,823,1699,1621,1214,861,444,561,846,942,6,1156,888,1783
202,1652,378,236,942,1522,1064,846,1770,806,1718,1018,1488,888,375,2012,1684,8,990,1276,92
203,1541,444,1214,861,1995,1933,1156,823,958,2054,2037,1350,289,456,35,44,31,92,1869,2013
204,1541,444,1214,456,958,1933,861,498,823,1995,74,8,35,92,1156,1197,31,357,1796,1637
205,456,8,1796,35,31,289,1197,498,1993,92,958,74,1637,444,357,1995,1541,1933,1156,823
206,444,1541,1995,823,1214,861,1156,1581,1933,456,958,35,8,1973,1993,498,1796,174,92,1197
207,727,1833,221,14,93,1396,852,749,1281,1749,1539,1577,582,376,1058,711,1740,1381,1118,128
208,1779,117,1009,1387,740,1951,31,1197,1933,74,498,1214,444,456,35,357,591,1993,1995,861
209,8,456,498,74,92,1197,1796,35,31,357,1637,1993,958,1214,444,289,861,1541,1933,823
210,456,1197,8,1796,35,74,1541,444,498,92,31,1637,958,823,1214,1995,1933,1993,861,357
211,1214,444,823,1541,861,1995,1933,1156,456,498,31,1197,74,8,35,1796,92,357,958,1993
212,456,74,8,498,31,92,958,35,1796,1197,357,1993,1637,289,1995,1541,444,1214,1933,117
213,168,95,171,1325,1054,1289,1961,1010,1058,1954,1512,1381,1749,799,7,1149,91,541,2034,852
214,174,1869,1969,195,794,23,262,99,934,870,156,697,410,1384,1588,1350,1781,205,1511,798
215,444,861,1541,1214,823,1995,1933,1156,1350,2054,958,174,498,1869,92,410,8,456,1796,99
216,958,456,444,35,8,289,1541,1933,92,861,498,1214,1796,2037,74,1197,1995,31,823,1156
217,727,1833,221,14,93,1396,852,749,1281,582,1577,1749,376,1512,1751,1703,128,1283,1381,1058
218,1350,174,2054,1869,1783,1937,444,410,1214,171,861,2034,1933,327,1581,799,7,1588,870,823
219,1214,1541,444,861,1156,823,1933,1995,942,1018,846,1350,375,378,236,31,958,1718,1652,92
220,513,799,171,1440,7,2034,1621,1783,1097,1640,6,327,713,918,958,2037,1699,1541,1322,1719
221,301,1721,1183,1283,1751,1961,1958,1010,727,763,1764,1539,1054,582,1649,109,1512,1058,221,1775
222,301,1183,1721,109,1961,763,299,1649,712,1958,1692,1283,1054,43,1775,1539,1751,1725,852,403
223,8,456,35,1197,74,1796,31,92,498,1993,1637,357,958,444,1541,823,1214,1933,861,1995
224,1640,1322,1440,1783,6,1621,799,1699,2034,174,171,513,561,1869,327,1350,7,475,1567,2054
225,117,1779,456,1951,444,740,35,958,1541,1197,8,1933,289,1387,1796,1995,92,861,1009,31
226,719,1692,691,434,963,1624,531,1350,1214,2054,591,8,1541,823,35,456,444,92,861,1796
227,168,1325,852,221,1727,95,541,648,949,912,166,197,171,200,1975,1449,948,1507,1954,670
228,727,1833,221,14,93,1396,749,852,1281,1749,1539,376,1577,582,1058,1381,711,1751,128,1856
229,1541,444,1995,1933,1214,823,1156,861,958,456,1581,498,289,35,8,74,44,92,1796,1993
230,727,1833,221,14,93,1396,852,749,1856,1281,1721,1749,376,1577,1740,582,301,1283,1058,128
231,1541,444,823,861,1214,1933,1995,1156,456,958,35,8,498,289,1796,92,1197,1637,74,31
232,727,1833,221,14,93,1396,749,852,582,1058,1283,1281,1751,1856,1764,128,1512,376,1054,1577
233,1480,991,1750,944,2068,236,871,1684,1064,378,1718,846,1652,942,1522,791,1018,806,375,1770
234,727,1833,221,14,1396,93,852,749,1281,1749,128,582,1118,1058,1539,711,1283,1751,1577,1856
235,958,2037,44,289,1869,410,1541,174,2054,444,1350,861,1933,35,1588,92,1156,456,498,1796
236,582,1058,1010,1054,1283,1751,1705,1512,1764,1355,414,1539,1281,1749,1775,1118,448,1149,711,1833
237,1640,1322,1440,1699,561,8,1621,456,1197,1796,92,498,31,74,6,1350,35,357,1637,1214
238,8,1197,74,498,31,1796,92,1637,456,357,35,1993,958,1640,1350,2054,1440,21,1541,1214
239,991,1480,944,791,2068,1750,871,1350,174,591,799,1933,1509,1214,444,1712,861,1783,171,1447
240,168,1325,852,1961,799,1727,171,1427,1289,442,1954,1507,2034,1232,7,1783,91,1789,1975,1268
241,117,1387,1779,740,1009,1951,357,498,1197,31,74,456,8,92,35,1796,1993,1637,444,861
242,991,1480,944,791,1750,871,2068,1350,1214,1973,861,1439,444,1541,823,1156,1933,799,1404,591
243,117,1779,1387,740,1951,1009,444,861,1933,823,1541,1214,1995,1156,1197,456,35,74,31,357
244,582,1054,1058,1283,1010,1751,1764,1512,1705,1355,414,1149,1806,448,1281,1539,1833,1749,1775,711
245,498,456,35,1796,8,1197,74,92,31,357,1637,1993,958,444,1214,1541,289,861,823,1156
246,1214,861,1933,823,1156,444,1541,1995,92,8,456,31,498,1993,1796,1197,35,1350,74,357
247,301,1721,1183,1961,763,1283,1539,1958,712,109,1010,1054,582,727,1751,128,1764,1649,1058,299
248,168,1325,171,541,7,95,912,2034,1954,1320,799,852,1289,1507,1783,91,1619,648,197,1268
249,456,498,8,74,1197,31,35,92,1796,357,1993,1637,444,1214,958,1995,1541,289,1933,823
250,8,456,35,498,1197,1796,92,1993,31,74,357,1637,958,444,1541,1214,861,289,823,1933
251,727,1833,221,14,1396,93,852,749,1281,582,1749,1856,128,1721,1751,1539,1058,1703,1283,1577
252,799,1783,513,171,7,327,2034,410,1588,1350,870,823,2054,1541,1781,861,444,1214,1719,790
253,727,1833,221,14,93,1396,852,749,1281,582,1749,1577,1751,1054,128,1058,1512,1740,1703,711
254,301,1721,1183,763,1961,109,299,1958,712,1111,128,1649,727,403,43,376,1539,1740,1283,1725
255,456,1214,498,74,8,444,1541,1197,31,35,1933,357,1995,92,861,958,823,1156,1796,1993
256,444,1541,1869,1995,174,1214,861,1350,823,1581,2013,1933,804,1712,1156,2054,870,1439,791,1783
257,168,1336,1954,1325,1232,171,1507,1054,197,7,852,1315,952,949,582,541,1783,95,1058,840
258,1058,1054,582,1283,1010,1512,1764,1751,1705,1355,414,1281,1149,448,1833,1806,1539,221,1749,711
259,591,1447,456,1796,8,1197,31,35,444,1541,1933,74,92,498,1214,1993,1995,823,1156,357
260,498,456,8,35,92,1197,74,1796,444,1541,31,1214,357,1637,958,861,823,1993,1933,1995
261,799,513,410,7,1783,1588,2034,171,1781,327,195,1384,99,581,44,2013,1969,262,870,934
262,1214,444,1541,823,1933,1995,861,1156,958,289,1350,92,2054,1581,456,31,1197,498,1439,2037
263,168,1325,1961,171,799,7,1727,2034,1783,1507,197,166,671,95,513,327,1725,1649,1289,912
264,1783,799,171,513,7,2034,327,410,1588,1350,1541,2054,1937,1995,444,1214,823,870,99,697
265,1480,1750,991,944,691,963,719,871,2068,434,1684,791,1692,1064,1718,1018,1624,375,806,531
266,1350,434,1541,691,963,2054,1214,1692,1624,719,823,1933,1995,444,861,1783,531,410,174,1937
267,991,1480,944,1750,2068,791,871,1214,444,861,1933,823,1541,1156,729,1995,905,122,1592,174
268,1350,2054,697,174,410,1937,1869,591,1588,1783,1447,1621,1640,870,1322,6,991,171,513,227
269,357,498,1197,74,8,456,31,92,35,117,1779,1796,1993,740,1387,1637,1009,1951,444,861
270,1541,1995,444,1214,1933,958,861,870,1350,1869,174,823,1156,74,456,2054,1781,1581,99,8
271,1783,799,171,513,7,2034,410,327,1588,1541,1214,444,823,44,861,2037,1350,1995,2054,1156
272,582,1058,1054,1283,1010,1751,1705,1764,1512,1355,414,1149,448,1806,1539,1281,1721,1775,1749,711
273,1214,823,1541,444,861,1933,1156,1995,1350,8,92,456,2054,35,31,74,958,1796,1197,498
274,444,456,1214,1541,823,35,861,498,8,92,1197,1995,1796,1993,74,31,1933,958,1156,1637
275,958,2037,289,8,456,1796,35,74,1197,498,44,92,31,1993,357,1541,174,1637,444,1933
276,991,1350,944,1750,871,1522,791,1869,888,174,236,2068,1588,1652,410,942,1480,1783,870,378
277,1350,2054,410,1783,2037,1588,1937,1541,99,444,513,171,799,823,870,7,2013,1781,1214,1869
278,1214,444,861,456,498,1541,74,1995,1933,823,8,92,1197,1156,958,357,35,31,1796,1637
279,117,1779,1197,357,498,74,1387,31,456,1009,8,740,92,1951,35,1993,1796,1637,1214,861
280,727,1833,221,14,93,1396,852,749,1281,1749,582,1058,1703,1577,1539,1283,376,1740,1512,1751
281,174,1869,1969,262,195,794,934,799,23,99,1783,787,1384,410,2034,156,513,1022,1588,171
282,727,1833,221,14,93,1396,749,852,1281,582,1749,1577,128,1703,1539,1721,1118,376,1381,1740
283,1197,591,456,1214,35,1447,8,444,31,74,1796,498,1933,92,357,1541,823,1995,117,861
284,174,1869,1969,410,23,1588,794,1384,195,262,99,934,1712,870,2013,327,1781,1322,697,1440
285,456,35,8,31,74,1796,117,1197,498,1779,92,357,1993,740,591,1009,1637,1447,958,1387
286,1214,444,823,1541,861,498,92,456,1995,1156,8,1796,1197,1933,357,74,31,35,1637,1993
287,168,1336,1427,799,171,1961,1149,1325,852,1727,541,1449,1507,912,1406,7,1232,1332,95,1665
288,301,1721,1183,763,1961,1725,109,299,128,1649,712,1958,43,727,1856,1054,1111,1775,403,1749
289,168,95,1512,541,1054,1325,197,1315,1381,166,949,1289,1705,671,646,1010,852,91,912,171
290,1541,444,1214,861,823,1995,1156,1933,958,1350,2054,289,2037,92,456,35,713,1937,31,2013
291,498,456,1197,8,357,74,31,35,92,1993,1796,1637,1214,861,444,958,1933,1541,289,1995
292,727,1833,221,14,93,1396,749,852,376,1856,1577,1725,1740,1281,1749,128,582,301,1058,1539
293,1058,582,1010,1054,1512,1764,1283,1705,1751,1355,414,1149,1539,448,1281,1806,711,1749,1775,1833
294,1214,1541,1995,444,861,823,1933,1156,799,1783,7,1588,410,171,1350,2034,327,513,174,1869
295,727,1833,221,14,1396,93,852,749,1281,582,1749,1118,128,1058,1539,711,1283,1856,1381,1775
296,1783,799,513,7,2034,171,327,1588,1350,410,174,2054,1541,1712,1869,861,870,918,1719,1933
297,168,1325,171,799,1381,2034,7,1783,1054,1440,1512,91,6,1749,1010,327,1954,1058,1621,95
298,456,35,958,8,92,74,498,1796,31,1197,289,44,444,2037,357,1993,1637,1541,1214,823
299,1783,799,7,444,1541,513,861,2034,1588,1933,1350,1214,171,1995,327,410,1156,823,2054,958
300,1751,582,1512,1539,1721,1010,1054,1764,1705,1183,1355,727,1058,1283,1281,1381,1958,1833,1749,95
301,727,1833,221,14,93,1396,852,749,1281,1749,582,128,1118,1058,1283,1856,483,1703,376,1381
302,171,1783,513,7,799,2034,327,410,1588,174,1869,1781,870,99,1350,1322,581,1440,2054,1581
303,691,1692,719,434,1624,963,531,1684,1718,1064,806,1018,375,1480,1133,677,791,991,944,1750
304,861,1214,444,1156,823,1933,1995,1541,1718,1018,375,806,1064,1973,1684,846,31,1439,944,942
305,513,1783,799,7,171,327,2034,1588,410,1719,1322,581,174,1097,1440,918,2054,1581,1781,1201
306,168,1325,1289,912,671,670,1520,852,1268,1232,197,91,1975,200,1954,1727,1372,952,1286,948
307,991,1480,944,791,1750,2068,871,1350,1214,1439,1973,444,861,823,1933,591,1541,1404,1156,1447
308,582,1058,1054,1283,1010,1512,1705,1751,1355,1764,414,1281,1539,1806,448,1149,1833,1749,1118,1775
309,168,1325,7,171,2034,799,197,91,1783,1954,327,949,1727,541,1381,513,1507,798,1749,1619
310,582,1058,1054,1283,1010,1705,1512,1751,1764,1355,414,1149,448,1806,1281,1833,1539,221,1775,1749
311,444,1541,1214,456,823,35,8,861,74,92,1796,1933,958,498,31,1197,1156,1995,2054,357
312,991,944,1480,871,2068,1750,791,846,1522,236,1652,1973,2012,1214,1439,1770,378,942,1488,444
313,1541,444,1214,861,823,1156,1933,1995,958,1350,2054,92,456,35,31,8,289,1796,1640,2037
314,1350,2054,804,1621,1640,475,1937,1342,298,113,465,1699,68,1915,1023,1932,6,1440,1066,561
315,958,1541,1933,1214,444,861,1156,1995,456,823,498,8,92,1197,1796,2037,74,289,35,410
316,1541,444,1214,1995,861,1933,456,958,823,498,1156,35,8,92,1197,74,1796,357,1993,31
317,727,1833,221,14,93,1396,852,749,1281,1577,1721,1856,1749,376,1740,301,582,128,1751,1958
318,727,1833,221,14,93,1396,749,852,1281,1749,376,1577,1539,1856,128,1381,711,1118,1058,582
319,691,1214,434,1350,963,823,1692,1541,1933,1624,531,591,719,861,444,1995,1156,2054,1480,1447
320,498,357,456,31,1197,8,74,35,92,1796,1993,1779,117,1637,1009,740,1387,1951,958,289
321,1779,1951,117,740,1009,1387,456,1933,289,35,958,74,31,1197,92,8,861,1995,2037,444
322,410,1588,7,513,171,1783,799,1869,174,327,2034,870,99,1781,1350,581,1322,1969,697,1621
323,8,498,1197,456,74,31,35,92,1796,357,1993,1637,1214,1933,444,958,1541,823,1995,861
324,991,944,1750,2068,1480,871,791,591,1447,1851,729,1793,1439,1898,839,594,172,1973,1800,1108
325,1054,582,1058,1283,1010,1751,1705,1512,1764,1355,414,1806,1149,448,1539,1281,1749,1721,1833,1118
326,168,1325,1961,799,1727,95,171,541,7,1268,2034,513,166,197,91,1783,1507,1954,912,1320
327,444,1214,456,861,1541,8,823,1933,1995,1197,498,35,1796,1156,92,74,31,958,1637,1993
328,168,1954,1232,1325,1381,1336,91,1749,1665,973,171,95,1507,684,1406,2034,1503,7,1619,1289
329,1869,174,410,1588,1350,697,171,1783,870,1781,2054,99,513,327,799,1712,7,2034,995,804
330,1588,410,1783,513,99,7,2034,1869,581,171,799,1781,174,870,327,1969,262,794,195,697
331,1480,991,944,2068,1750,871,1869,791,375,1064,174,1018,1350,1214,823,1684,806,1718,444,1933
332,1783,799,513,171,7,2034,327,410,1588,1350,1541,2054,1581,1719,1933,444,1097,1869,1214,1937
333,1214,861,444,1541,823,1995,1933,1156,958,92,456,31,498,1197,35,74,1637,1993,8,357
334,1214,444,1541,861,1156,1995,823,1933,498,456,35,1796,92,8,1197,74,958,357,1637,31
335,168,1054,912,95,1325,200,670,1507,197,582,1058,1520,1512,1315,575,1010,1289,731,948,1336
336,1541,444,1933,861,1214,1995,823,1156,456,35,958,498,8,92,1796,1197,74,1993,1637,31
337,958,2037,498,456,289,35,1796,92,44,74,8,1197,31,357,1541,444,1993,1637,1933,861
338,168,95,1325,541,1054,1512,1954,949,1336,91,1507,1961,166,852,1975,171,1705,1232,1010,2034
339,1541,1214,444,1995,861,1933,823,1156,958,74,870,456,1350,498,8,92,1781,357,31,1581
340,8,456,35,498,1197,74,92,1796,31,357,1637,1993,958,444,289,1214,1541,861,823,2037
341,456,498,8,35,1197,1796,92,1993,31,1637,74,444,958,357,1541,1995,289,1214,823,861
342,1214,1541,444,823,1995,861,1156,456,1933,92,8,1796,1993,498,958,35,1197,31,1637,74
343,1541,444,958,1214,823,861,456,92,1933,74,1156,498,1995,35,357,31,8,1197,1796,1993
344,1779,1387,117,1009,740,1951,1197,31,357,498,74,456,35,1993,92,8,1637,861,1796,444
345,1058,1054,582,1010,1283,1512,1751,1764,1705,1355,414,1539,1281,1149,448,1806,1749,711,1775,1833
346,1214,444,823,1541,861,1995,1156,1933,456,92,498,958,31,8,1796,35,1197,1637,74,1350
347,1064,806,1684,1018,1652,1480,1522,375,871,236,2068,944,942,991,1750,1133,1718,378,677,791
348,991,944,2068,1480,871,1750,791,729,1522,1684,1439,1064,1851,806,1018,1973,905,236,1898,2043
349,168,1325,1619,327,95,171,1507,1954,579,973,541,1783,1406,799,1232,1961,7,949,1665,2034
350,1064,806,375,1684,1133,677,1018,1718,8,456,31,74,498,92,1750,357,1197,871,991,1214
351,846,1652,942,236,378,1522,1770,1488,990,2012,888,1276,759,1214,2043,528,871,905,1793,806
352,582,1283,1058,1054,1751,1010,1705,1355,1764,1512,414,448,1806,1149,1833,1539,172,2043,944,1844
353,1779,117,357,456,1009,498,740,1387,1951,1197,92,8,74,31,35,1993,1796,1637,289,958
354,1018,375,1684,1064,677,806,1133,1718,1214,823,1541,444,861,1156,1995,92,456,8,31,236
355,727,1833,221,14,93,1396,852,749,1281,1058,582,1749,1539,1577,1740,1751,376,711,1283,1856
356,1054,1058,582,1283,1010,1751,1764,1512,1705,1355,414,1149,1806,448,1281,1539,1833,1721,1749,221
357,1541,1214,444,1933,861,823,456,1156,8,958,35,1995,1197,31,1350,74,1796,92,498,2054
358,1541,1214,444,861,1995,823,1933,958,1156,498,456,74,357,92,8,35,1197,31,1796,1993
359,1779,1387,117,1009,740,1951,1197,31,1933,74,357,498,1214,444,456,861,1993,35,92,8
360,117,1779,1951,1387,740,1009,1933,444,1995,861,1214,823,1541,1156,31,1197,456,35,591,1993
361,168,1325,1406,852,95,171,91,1954,197,1286,1533,1684,1910,912,1232,1619,541,575,1336,1503
362,1783,799,513,171,7,327,2034,410,1588,1541,1350,444,1156,823,1214,1995,1933,2054,1581,1869
363,727,1833,221,14,93,1396,749,852,1281,582,1577,1721,1749,1058,1751,128,1283,1958,1512,376
364,168,1325,1749,1381,7,1727,221,852,197,1507,171,1783,95,193,1539,327,91,648,1954,949
365,168,171,7,327,1783,799,1381,95,1325,2034,1507,1954,1749,1406,1619,91,43,1665,1539,513
366,727,1833,221,14,93,1396,852,749,1281,1749,1118,1539,128,582,1192,711,1058,1381,1775,483
367,727,1833,221,14,1396,93,852,749,1281,1749,1703,1721,582,1856,1577,1058,1283,1539,376,1740
368,498,456,1197,8,357,31,35,92,74,1993,1796,1637,1214,444,861,117,958,1779,1933,1995
369,1541,1214,444,861,823,1995,1933,1156,456,8,958,1197,1796,35,498,92,74,1637,1993,31
370,1214,1933,1541,1995,444,823,861,1156,958,498,35,289,456,1796,92,31,8,1197,1993,74
371,958,1541,498,1933,92,1214,456,444,1197,1796,8,861,1156,1995,74,2037,823,35,31,289
372,1541,444,1214,861,823,1933,1995,1156,958,2037,2054,1350,456,35,289,92,31,44,1796,8
373,513,7,1783,799,171,2034,327,1588,410,1206,1325,697,168,541,1272,918,1649,544,1619,1330
374,944,991,1750,2068,1480,871,791,1973,1214,1439,444,823,1156,375,1933,861,806,236,1541,1018
375,301,1721,1183,128,727,1958,712,1283,109,1923,1054,1725,763,1010,1856,1751,1764,1539,299,1961
376,727,1833,221,14,1396,93,852,749,1281,1749,1539,582,1118,128,1856,376,1577,711,1381,1058
377,1541,444,861,1214,1933,823,958,1995,1156,456,35,289,1796,1350,8,174,2037,92,1197,2054
378,1214,823,861,444,1541,1995,1933,1156,1018,375,74,456,31,1064,498,806,8,92,1684,1718
379,95,1775,1054,1058,1705,1283,1355,1396,1751,1118,711,582,1143,221,1010,376,1281,1512,1764,1958
380,861,1541,1214,444,1933,498,456,1995,823,8,357,92,1197,74,958,31,35,1156,1993,1637
381,1214,991,1018,1480,823,444,861,2068,1541,1156,944,806,1933,871,1750,1995,375,1684,791,1064
382,727,1833,221,14,1396,93,749,852,1577,1281,376,1856,582,128,1749,1058,1958,1721,1740,1118
383,444,456,117,1541,1933,35,8,823,861,1197,1995,1796,1779,31,74,1156,1214,958,92,1951
384,1350,1796,958,8,456,697,74,31,92,35,2054,1197,1637,1640,357,289,498,1993,561,6
385,942,1652,1770,888,1522,846,378,2012,236,1488,8,990,92,1214,357,31,74,1276,456,870
386,1010,582,1058,1054,1764,1705,1512,1283,1751,1355,414,1539,1281,1749,711,1775,1118,1833,448,1381
387,168,1961,1325,1954,1232,763,973,1336,1289,799,171,1427,1449,1268,1727,852,1975,91,949,1315
388,174,1869,1783,799,7,327,513,2034,171,1322,1156,1933,1350,410,1581,444,1214,1541,6,870
389,444,1541,1933,861,823,1214,1995,1156,958,456,35,289,92,1197,498,8,31,74,1993,1796
390,301,1183,1721,1961,763,109,1649,299,1775,727,1958,1054,1692,1740,128,1539,1111,1725,1764,93
391,456,35,8,444,1197,498,92,1796,74,31,1541,958,1993,1214,861,823,357,1933,1637,289
392,168,171,1325,799,2034,7,1783,513,95,327,91,197,541,1232,1406,1975,1954,1336,1440,1961
393,168,171,541,852,1325,221,1507,2034,7,1783,799,513,949,1315,1381,95,197,648,1727,1449
394,1214,823,1541,991,1750,1156,444,944,1995,861,791,1350,1933,870,1439,1480,2068,871,1973,958
395,236,942,1652,846,378,1522,1488,1770,990,1276,2012,888,806,759,1064,1718,1214,905,375,2043
396,168,1325,1507,852,1406,1783,1727,95,1954,1867,799,1910,171,91,1000,1232,1336,1315,1289,327
397,1214,861,1995,1541,444,823,1933,1156,958,498,456,31,1993,92,8,1637,1796,1197,35,357
398,456,8,31,35,1796,498,1197,74,92,1637,1541,444,958,357,1993,1214,1933,1995,861,823
399,444,1541,861,1214,823,1933,1995,1156,958,456,92,35,8,498,1350,1197,289,2054,74,31
400,168,171,1325,197,1954,912,1507,1315,1520,1232,949,200,1336,799,1054,1975,541,1783,7,2034
401,8,456,92,1214,31,1796,35,1541,861,823,444,498,1637,1995,1197,357,1933,1156,74,1993
402,1969,195,934,262,1384,798,513,205,1783,794,571,799,410,2034,193,23,327,174,1511,156
403,174,1869,1541,1350,958,444,1995,1933,1214,861,823,2054,1156,289,870,99,2037,1781,713,1621
404,1350,1783,327,174,2034,7,799,513,870,410,171,2054,1588,1869,99,1781,804,1541,1214,1937
405,1064,1133,375,1684,677,806,1018,1718,991,1750,8,871,92,1197,791,944,1480,456,2068,823
406,444,1214,823,1933,1541,1995,861,1156,991,1480,791,944,871,2068,1581,1750,1350,729,591,1869
407,582,1010,1058,1054,1705,1283,1512,1355,1764,1751,414,448,1806,1149,1281,1539,1833,1749,1775,711
408,410,1588,1783,7,327,799,513,2034,1350,1581,99,870,1781,171,44,1869,2054,1384,174,2037
409,168,171,1325,852,95,1783,1427,513,541,7,1961,799,327,1149,1764,344,1954,1315,949,1336
410,301,1183,1721,109,1961,763,1649,1725,1958,712,299,1283,1539,1740,1111,727,43,1856,1775,403
411,8,456,498,35,74,1197,31,1796,92,1637,1993,357,958,289,1541,444,1214,1933,1995,861
412,1779,117,1387,1951,740,1009,1933,444,861,1995,1214,1197,823,1541,31,456,1156,1993,35,498
413,1783,799,168,171,513,327,2034,7,648,268,1938,541,440,1507,852,1975,949,265,1325,2014
414,456,8,498,1197,1214,74,444,35,92,31,861,1796,1541,823,1637,357,1933,1995,1156,958
415,1522,991,236,942,1652,944,1750,2068,2012,846,378,1480,1718,806,990,871,1064,1214,1276,1018
416,958,1541,289,444,1933,1995,8,456,1796,35,823,1156,861,1197,74,31,92,1993,498,1214
417,1541,444,1995,1933,1214,861,823,1156,958,456,289,2037,2054,35,44,1350,498,1993,1197,92
418,456,958,8,92,31,1796,498,35,1197,74,444,1214,861,1933,289,1541,1995,357,2037,1637
419,498,8,456,1197,92,74,1796,35,31,357,1637,1214,861,1993,444,823,1541,1933,1995,958
420,498,8,1197,456,92,74,357,31,1796,1637,35,1993,1214,861,444,823,1541,1995,1933,958
421,727,1833,221,14,93,1396,749,852,376,1577,1740,582,1856,301,1281,128,1058,1721,1283,1751
422,171,1783,7,799,513,410,2037,1588,44,2034,327,2054,289,1350,1781,1206,1541,2013,958,444
423,513,1783,799,171,7,2034,327,1588,410,1719,1097,1581,541,697,1440,1332,918,1206,2054,1781
424,1214,1541,823,444,861,1995,1156,1933,958,498,870,92,456,8,1350,1770,357,74,1652,35
425,168,1325,171,1507,1961,799,1783,2034,1232,973,7,1954,763,95,327,852,1440,1503,1336,1619
426,456,8,31,35,74,1796,498,1197,92,1637,1993,357,289,958,444,1541,1995,1214,1933,823
427,582,1054,1283,1058,1751,1764,1010,1512,1705,1355,414,1149,448,1806,1833,1281,1539,221,1721,1749
428,1214,1933,444,861,1995,1541,823,1156,1018,1718,806,375,1652,1522,1684,942,236,991,1480,1064
429,456,498,74,8,958,31,35,92,1197,357,1541,1214,444,1995,1796,1637,1993,823,1933,861
430,440,1350,2054,1937,613,1192,255,1541,1869,483,444,1186,1156,289,410,44,1781,7,790,174
431,301,1721,1183,763,299,1961,727,712,109,1958,128,43,1649,1111,1725,93,1054,852,221,1775
432,8,498,456,1197,74,31,35,357,1796,92,1993,1637,1214,444,958,1541,1933,861,1995,823
433,498,456,74,1214,1197,8,357,92,444,31,35,1541,1933,861,1995,1796,823,1993,1637,958
434,498,456,444,1214,1796,1541,8,92,1197,74,861,35,31,1995,357,823,1637,1993,1933,1156
435,168,1325,171,2034,1727,799,852,7,1954,95,1783,1054,973,1232,952,1507,1512,541,91,579
436,582,1054,1058,1283,1764,1751,1010,1512,1705,1355,414,1149,448,1806,1281,1833,1539,221,1775,1721
437,117,1387,1779,740,1951,1009,1197,74,444,357,861,1214,31,1933,498,456,8,823,92,35
438,301,1721,1183,1961,109,763,299,712,1111,1740,43,1649,128,1958,1725,727,1775,403,1923,1539
439,498,456,8,357,74,1197,35,31,92,1637,1993,1796,1214,861,444,289,1541,958,1933,823
440,301,1721,1183,1961,763,299,109,727,1111,1958,1649,1740,712,93,128,1539,1725,1856,852,1577
441,727,1833,221,14,93,1396,852,749,582,1281,1577,1721,1751,128,376,1512,1058,1283,1703,1740
442,1214,444,861,1541,1933,823,1995,1156,31,456,1197,92,498,74,8,35,1637,1796,958,1993
443,1783,171,513,799,7,2034,327,410,174,1588,1586,1869,1046,1567,2059,1342,698,475,1066,1559
444,456,498,1796,8,92,31,35,74,1541,1197,958,444,357,1214,1637,861,1993,1995,823,1933
445,991,944,1480,1750,791,2068,871,591,1350,1447,1869,1214,804,174,1023,444,823,861,68,1156
446,375,1064,806,1684,1718,1018,677,1133,1214,823,804,444,861,92,456,991,1750,871,31,1995
447,168,95,1325,1727,949,197,171,852,7,221,541,2034,1507,1975,1381,799,1054,1749,1783,973
448,168,1325,171,541,1954,1507,949,1619,7,1727,799,2034,1232,2070,1320,91,1961,1449,852,197
449,456,8,35,498,74,1197,92,1796,31,1637,357,1993,444,1541,958,1214,861,289,1933,823
450,727,1833,221,14,93,1396,749,852,1281,1749,1539,128,376,711,1118,1577,1381,1740,582,1856
451,444,1214,861,1541,1995,1156,1933,823,958,92,31,1796,1197,498,456,35,8,74,357,289
452,1541,1214,823,444,861,1933,1156,1995,958,31,1350,1640,456,92,8,35,74,1796,1322,1197
453,95,1775,1283,1705,1054,1058,1751,1118,1355,582,711,1143,1010,1764,1396,1958,1512,376,221,1865
454,8,456,498,35,1197,1796,1993,31,92,74,1637,357,1541,958,444,1214,861,1933,1995,823
455,168,1054,1512,1507,1010,1325,1315,1427,1727,1705,1961,166,912,1751,1283,541,670,95,1764,1058
456,958,498,456,35,8,1796,92,1197,74,289,2037,31,357,1541,1637,444,1993,861,44,1214
457,727,1833,221,14,1396,93,749,852,1281,582,1283,1751,1058,128,1749,1054,1512,1764,1705,1355
458,513,799,1783,7,171,2034,327,410,1588,1350,1541,870,1781,861,99,1214,581,289,44,2054
459,92,8,456,1214,31,823,35,1541,1796,1197,498,74,357,861,444,1637,677,1993,1018,1133
460,727,1833,221,14,93,1396,852,749,1281,1186,483,1749,1192,128,582,1512,1058,255,301,1118
461,1480,944,991,2068,444,1750,871,861,1214,1064,823,1156,1933,806,1018,375,1684,236,1522,1439
462,456,8,35,74,31,1779,92,498,1197,117,1796,1637,740,1993,357,958,289,1951,1009,2037
463,958,2037,289,44,456,35,8,1796,498,1197,74,92,31,1541,444,1933,357,1993,1637,1995
464,1064,1684,806,375,1718,1018,1133,677,1750,991,944,871,791,1480,2068,1973,236,1652,691,1439
465,582,1010,1058,1054,1764,1751,1283,1705,1512,1355,414,1539,1281,1149,448,1806,1833,1749,1775,221
466,870,1541,1869,1214,444,958,174,1995,1350,861,99,1781,1522,1588,1156,1933,410,1969,823,74
467,168,852,1325,171,1427,1232,95,1954,1315,952,799,1727,1507,1512,1054,1705,1783,1449,1132,7
468,168,1325,1054,95,1440,1381,1512,1507,171,197,6,1783,2034,7,646,1727,799,541,973,1619
469,168,1325,1727,95,648,541,949,197,1268,912,1507,948,973,7,790,1954,1619,670,1232,166
470,1541,1214,1933,1995,444,861,823,1156,958,31,289,456,92,1637,1197,35,74,8,1796,1993
471,168,1054,1336,1232,1058,582,171,1325,1520,197,1512,1954,840,1149,1010,912,1705,200,1507,1533
472,727,1833,221,14,93,1396,852,749,1281,1749,1058,582,1512,301,1703,1539,1740,1577,1283,1751
473,1541,444,861,1995,1969,823,1214,1156,195,1350,1933,958,870,410,2054,934,99,23,156,1588
474,1214,861,444,1541,823,1995,1933,1156,498,456,31,92,1796,8,1197,1993,958,35,1637,357
475,444,1541,1995,1933,1214,823,289,1156,861,410,1783,958,799,7,1350,2034,35,74,92,1588
476,1541,1214,444,861,1995,1933,823,1156,498,958,456,74,92,8,35,357,1197,31,1796,1637
477,582,1054,1010,1058,1764,1283,1705,1751,1512,1355,414,448,1806,1149,1833,1281,1539,944,221,1749
478,1058,1010,1054,582,1283,1705,1512,1764,1751,1355,414,1149,1281,448,1539,1806,1833,1749,1118,711
479,1350,1783,7,171,799,2034,958,513,444,1995,1541,861,823,1712,1937,1214,1796,498,2054,8
480,95,1775,1283,1751,1010,1058,1118,1143,711,1054,1705,582,1958,1865,1539,1355,376,1396,881,128
481,168,1325,95,852,541,1512,1315,1975,221,1381,579,1507,912,1954,1406,575,952,670,1286,1054
482,456,498,8,35,1796,1541,1197,444,92,1995,74,1993,1214,958,1637,31,357,861,823,1933
483,168,171,1325,7,1619,1975,912,1783,299,1954,43,1520,1961,799,1449,2034,1372,327,1232,1332
484,1214,444,861,1541,1995,1933,823,1156,498,456,1197,31,8,74,92,1796,357,1637,35,1993
485,168,1325,1954,541,171,1268,1336,95,852,949,91,1867,1783,1727,1789,799,1507,1000,7,166
486,168,1325,171,2034,91,7,799,1783,541,1372,1286,197,327,1232,1975,912,442,579,1200,1954
487,1869,174,1350,870,410,99,2054,513,1781,1783,1588,7,2034,327,171,1712,958,799,444,1541
488,1214,1541,444,861,1995,1156,1933,823,958,31,92,456,1197,1637,1993,8,35,1796,498,1350
489,1214,444,861,1541,823,1156,1995,1933,456,498,92,958,31,74,357,35,1197,1796,1993,8
490,958,35,2037,456,92,8,1796,289,498,74,1197,44,31,357,444,1541,1637,1993,1214,1933
491,1869,1783,1541,513,174,444,1350,799,1588,410,958,1214,861,1581,7,1933,327,2054,2034,823
492,168,1054,171,1058,1325,1512,1232,2070,7,799,582,1149,513,1705,1783,1010,95,2034,1336,1954
493,456,8,498,1197,35,1796,1993,92,444,1541,1637,31,74,958,1933,357,1214,823,1995,861
494,301,1721,1183,1961,763,109,299,1649,1958,712,403,43,1283,1775,128,1751,727,1054,1111,1740
495,168,95,171,1325,1961,1783,541,513,799,7,852,1954,2034,1684,1427,1406,327,91,1336,1725
496,456,444,1214,8,498,1197,74,92,861,35,1541,1796,823,1933,31,1995,357,1637,1156,958
497,958,456,498,35,2037,8,289,1197,1796,74,92,31,357,44,1993,1637,444,1541,1933,861
498,456,958,8,1796,92,35,74,31,498,1197,289,1637,1541,1993,44,444,2037,357,1447,823
499,1783,799,513,7,171,327,2034,410,1541,1588,1214,1933,444,823,861,1350,1156,1995,870,2054
500,1783,799,513,7,171,2034,327,410,1588,861,1214,1541,444,870,1781,823,1719,581,1350,1156
501,1541,456,958,444,498,1933,861,1214,1995,8,823,92,35,1197,1796,1156,74,357,31,1993
502,1058,1054,582,1010,1283,1751,1764,1705,1512,1355,414,1149,1806,448,1539,1281,1749,1721,1833,711
503,444,1541,456,8,823,1214,861,35,498,74,1995,1197,92,1796,1933,1156,958,31,357,1350
504,1064,375,1684,806,1718,677,1018,1133,1214,871,991,1750,861,791,823,444,1480,944,456,2068
505,1541,823,1214,444,1350,861,1156,1933,1995,2054,958,1869,174,1937,456,92,8,35,31,591
506,806,1064,375,1018,1684,1718,1133,677,1750,1480,991,871,1652,1214,236,378,823,944,1522,942
507,691,719,434,1624,531,1692,963,1350,2054,410,1783,1214,1541,823,799,171,1640,174,591,1588
508,1541,444,1214,958,823,861,1933,1156,44,1995,1783,35,289,799,2054,1350,513,2037,456,498
509,1058,1010,582,1054,1283,1764,1751,1512,1705,1355,1539,414,1281,1775,1749,711,1118,1381,1149,1833
510,1480,444,1214,1018,823,1064,861,2068,991,1684,1156,944,1933,806,1750,871,375,1541,1995,1133
511,174,1869,1350,2034,799,171,1783,7,99,444,327,1322,410,918,1781,1640,1541,1933,513,1284
512,8,35,456,74,498,1197,31,92,1796,357,1637,1993,958,444,289,1541,1214,2037,44,861
513,1018,1684,375,1064,1718,806,1133,677,823,8,1214,691,1480,1692,871,456,1624,74,944,1750
514,456,498,1197,8,74,31,1796,35,92,357,1637,1993,1214,444,958,1995,1541,861,823,1933
515,727,1833,221,14,93,1396,852,749,1281,1577,582,1721,1058,1512,376,1749,128,1054,1283,1740
516,727,1833,221,14,93,1396,852,749,1281,582,301,1058,128,1577,376,1749,1721,1751,1539,1054
517,8,456,1796,591,35,1197,92,1447,74,31,1640,498,444,289,1350,357,1993,1637,1541,1933
518,991,1480,944,791,1750,2068,871,1973,1439,1214,823,1350,861,444,1404,1541,1156,1933,1995,227
519,456,8,35,1197,498,31,74,1796,92,1993,357,444,1637,1214,1541,958,1933,861,823,1995
520,174,1869,410,171,1783,799,1350,7,1588,327,2054,1322,2034,513,1640,870,1621,444,1541,99
521,727,221,1833,14,1396,93,852,749,1281,1749,582,1721,128,1703,1751,1577,1058,1539,1283,1118
522,117,1387,1779,740,1009,1951,444,1214,1197,74,31,591,1933,823,1480,861,498,456,357,1995
523,168,1325,1507,1336,1232,197,799,171,1954,1961,1783,912,2034,200,852,1406,1315,91,1975,1520
524,456,498,8,74,1779,31,35,92,1197,357,117,1009,1993,1951,1637,740,1796,289,1387,958
525,1197,456,498,1541,1214,92,444,35,1933,1796,8,958,823,1995,861,1993,1156,1637,31,74
526,1541,444,1995,1214,823,1933,861,1156,456,958,498,74,1581,8,92,1197,35,357,1796,31
527,1214,444,456,8,861,1541,31,1995,498,1933,35,1197,74,92,823,1796,1156,958,357,1637
528,1869,174,804,861,1567,444,1322,113,1640,1214,99,1284,1156,1933,1023,1621,1995,1541,823,1781
529,1779,117,740,456,1197,35,31,1009,1951,1387,444,498,1933,8,1993,74,92,1796,861,357
530,1969,1384,934,410,1588,99,195,870,23,262,794,798,1511,1781,1869,205,174,156,7,1783
531,444,1214,1541,456,823,1581,1995,498,861,8,74,92,35,1197,1156,1796,1933,1439,1993,31
532,1214,1541,1995,444,1933,823,861,1156,958,289,498,92,456,35,1197,1796,8,31,2037,357
533,727,1833,221,14,93,1396,852,749,1281,1749,582,711,1118,1539,1740,483,1192,128,1381,1703
534,1387,1779,740,1009,1951,117,1933,1197,934,31,1684,357,861,498,1993,1018,444,1664,35,74
535,2034,1350,799,1783,171,513,7,174,327,870,1869,2054,1588,1621,1322,1781,1440,1937,1581,99
536,8,456,35,1796,1197,92,74,498,31,357,1637,1993,958,289,444,1541,117,1214,861,1933
537,958,456,8,1541,444,35,74,92,1796,498,1933,1197,1995,1214,31,861,289,823,1156,357
538,1214,861,444,1541,823,1156,1933,1995,1018,1973,1718,375,1064,806,1439,991,1480,2068,944,1684
539,677,8,1018,806,1064,1214,823,456,375,1684,31,1133,861,74,444,92,1541,1197,498,1796
540,1214,1541,1995,444,1522,1652,1933,236,791,823,1156,871,991,1770,2068,1750,2012,861,846,944
541,236,942,378,1652,846,1522,1770,1488,1276,990,2012,888,1064,806,1684,1018,1750,1718,375,991
542,1214,1541,444,1933,823,861,1995,456,1156,958,498,92,74,8,35,357,1197,1796,31,1637
543,727,1833,221,14,93,1396,749,852,1577,1281,376,1740,1856,1749,582,1721,128,1381,301,1539
544,1018,677,375,1684,806,1064,1133,1214,1718,823,444,861,1541,991,1750,871,791,2068,1480,1156
545,727,1833,221,14,93,1396,852,749,1281,376,1577,1856,1749,128,582,1058,1539,1740,301,1118
546,444,1541,1214,823,861,1995,1933,1156,958,289,31,456,35,713,92,1350,2037,8,74,1796
547,1350,1541,2054,870,823,1214,410,444,1588,958,1995,1933,861,1781,99,581,2037,1156,1937,1621
548,727,1833,221,14,1396,93,852,749,1281,1749,1577,1740,582,711,1058,128,1118,1539,1703,1381
549,8,456,35,1197,1796,498,31,74,92,1637,357,1993,958,1541,444,289,1214,1933,861,1995
550,727,1833,221,14,1396,93,852,749,1281,128,582,1749,1192,1058,301,483,1512,1751,1721,1283
551,444,1214,1541,861,823,1995,1156,1933,456,958,92,1796,498,35,8,31,74,1197,1637,357
552,727,1833,221,14,1396,93,852,749,1281,1749,582,128,711,1118,1058,1539,1192,483,1751,1283
553,168,1325,171,541,912,852,1727,949,1954,670,7,166,95,799,1975,1289,948,200,1320,1286
554,1869,174,410,1783,1350,513,171,1588,327,2034,7,1581,1322,799,697,870,99,2054,1621,991
555,1541,1214,456,444,8,1995,823,35,861,1796,92,74,1933,498,31,1637,1156,1197,1993,1350
556,168,1325,171,1954,799,1336,1961,7,197,541,1232,1783,95,1054,2034,1533,513,1975,91,1268
557,456,444,1197,8,35,1214,1541,1796,1933,861,958,498,823,1995,92,1156,74,31,1993,357
558,991,2068,944,791,1480,1750,871,236,1522,1652,1770,2012,942,846,1447,1488,378,990,1851,1214
559,991,791,1480,944,1750,2068,871,799,1350,1783,1439,1214,1973,823,861,513,2034,171,444,1541
560,1214,444,861,1541,1933,823,1156,1995,456,1197,8,498,31,92,74,35,1796,357,1993,1637
561,1541,958,2054,444,1350,1933,823,1995,861,1156,1214,1640,1621,174,6,1440,8,1796,713,456
562,991,944,1480,1750,791,2068,871,1973,1350,823,1439,1214,861,1541,444,1156,1933,1404,1995,591
563,727,1833,221,14,93,1396,749,852,1281,1749,1577,582,1058,1740,1703,1283,1721,1512,1751,1705
564,498,456,8,92,74,1197,357,35,1796,31,1214,1637,1541,444,958,861,1993,1933,823,1995
565,1197,498,8,456,74,1796,92,357,31,35,1637,1993,1214,444,861,1933,1541,823,958,1995
566,1541,444,1995,1581,1214,823,1156,861,1933,174,958,1350,713,1973,2054,1439,1869,456,1404,8
567,301,1721,1183,1961,763,1958,109,1111,299,1649,727,128,712,1539,403,1283,1740,1725,1775,1856
568,958,1541,444,1995,1933,456,1214,861,74,823,1156,289,8,498,92,35,357,31,1796,2037
569,168,1325,171,1427,852,1315,1727,1507,91,1054,840,1512,7,1000,799,1232,1954,1789,1132,1336
570,591,1447,1350,1214,2054,823,1541,444,35,861,8,1933,456,1796,92,1937,1995,2068,1480,1156
571,823,1541,1214,1933,1995,444,861,1156,1350,2054,92,456,8,958,1197,74,357,35,498,1637
572,301,1721,1183,1961,763,109,299,1649,712,43,727,1725,128,1958,1775,1054,1692,14,403,93
573,410,1783,799,513,2034,1588,171,7,327,1541,1214,444,1350,1781,1933,823,1869,99,1640,1156
574,1214,444,1933,1541,861,823,1995,1156,74,456,958,8,498,31,1197,92,357,35,1796,1993
575,991,1480,944,871,1750,791,2068,729,1064,2043,1447,591,1684,1973,375,1439,677,1851,905,1018
576,444,1214,1995,861,823,1541,1933,1156,1350,958,1197,456,2054,92,31,289,1718,1796,8,713
577,1783,799,7,513,171,2034,327,1588,410,1350,1581,1541,2054,1719,1712,99,1995,870,823,697
578,1133,375,1018,677,1064,806,1718,1684,823,1214,8,456,92,861,444,1750,31,804,35,1541
579,861,1541,1214,1933,444,1995,823,1156,31,1197,92,456,8,958,498,1796,357,1993,35,74
580,1751,1054,1539,1764,1010,1058,582,1775,1749,1355,1705,1512,1118,1381,711,1283,1143,1281,1865,1721
581,171,1783,513,7,2034,799,327,410,1588,174,1869,1322,1440,1699,1640,1621,1781,6,581,99
582,1214,1156,1541,861,444,823,1995,1933,958,456,1522,498,92,74,1652,236,846,942,357,1770
583,1652,236,942,846,378,1522,1488,1770,990,888,1276,2012,759,2043,528,1800,905,729,594,1793
584,8,456,35,498,1796,92,74,1197,31,1993,1637,357,958,289,444,1541,1933,1214,861,1995
585,236,378,942,1652,846,1522,1770,1488,990,1276,2012,888,1064,806,1718,1018,1684,375,991,1750
586,8,456,74,35,1197,31,498,1796,92,357,1993,1637,117,1779,958,444,1214,740,289,1009
587,1214,1018,375,806,1684,1064,823,1156,1933,861,444,1541,1718,1995,677,1133,1480,942,236,1652
588,1652,1522,942,236,846,378,1770,1488,2012,990,1718,888,1684,806,1064,1276,375,1018,8,1214
589,174,410,1869,1350,1783,513,799,1588,1781,2034,171,327,7,787,99,870,1022,1712,405,1969
590,168,95,852,1325,221,1054,1727,1749,541,1058,171,1512,1961,7,1336,1449,582,1381,1149,648
591,582,1058,1010,1054,1283,1705,1751,1764,1355,1512,414,1806,448,1149,1539,591,1281,1749,1865,991
592,958,289,1933,1541,1995,2037,35,1796,444,1214,456,498,92,8,1197,44,823,1156,861,31
593,2037,289,958,44,444,1541,1214,1933,35,1995,1156,456,1796,861,174,823,1869,92,2054,1197
594,1783,7,799,513,2034,171,327,1588,410,823,1541,1350,1581,444,861,1995,1719,1156,1214,2054
595,301,1721,1183,109,1283,1958,1961,712,763,1751,1649,1539,1010,299,727,43,582,1764,1111,1054
596,8,498,357,456,1197,92,74,31,35,1993,1796,1637,958,289,1779,117,1214,861,740,444
597,1783,799,171,513,7,2034,327,410,1588,1581,1350,2054,870,174,1937,1712,99,1719,697,581
598,444,1541,861,1214,1933,1156,823,1995,2037,958,289,1869,174,44,35,2054,456,1350,8,92
599,8,456,92,1197,35,498,1796,357,1637,31,74,677,1133,1993,1018,375,823,1350,1064,1640
600,691,434,1692,531,719,1624,963,1214,1933,1480,1995,823,1541,791,861,991,2068,1350,1156,944
601,1214,444,823,1541,861,1933,1995,1156,958,456,31,92,498,1796,74,1197,8,35,1637,1993
602,301,1721,1183,1961,109,763,1649,1958,299,1111,403,1740,712,1283,727,1725,43,1775,1539,128
603,1214,444,861,1933,823,1541,1995,456,1156,1350,8,35,92,591,74,2054,1796,1197,1447,498
604,958,2037,289,456,44,35,8,1796,74,92,498,1197,31,1637,1993,357,1541,444,1933,1869
605,1214,1995,958,8,74,1933,1541,456,498,823,861,357,92,444,1796,1156,1197,31,35,1018
606,301,1183,1721,1961,109,727,1111,1775,1740,763,1539,1649,128,299,1958,1764,712,1283,1577,1856
607,168,852,1325,95,221,1727,171,1507,1954,197,1783,1975,1315,799,1427,7,1449,1381,2034,671
608,301,1721,1183,1961,109,763,712,1649,299,1958,43,1775,128,1740,1111,403,1751,1283,1923,727
609,8,456,1197,498,35,1796,1993,31,74,92,357,1637,1214,444,1541,1933,958,861,1995,1156
610,727,1833,221,14,93,1396,852,749,1577,582,1740,1281,376,1721,1749,1058,1751,301,1283,1512
611,944,991,1522,1480,1750,2068,236,1652,942,871,1214,791,1718,378,2012,1156,806,861,1018,444
612,168,799,171,1783,7,2034,513,1325,327,1507,95,197,541,91,949,579,1056,1954,1449,1619
613,174,1350,1869,1783,171,2034,799,1541,444,7,918,327,2054,513,823,1933,1581,410,1640,1937
614,168,1325,912,1954,200,1289,1381,575,670,949,1749,1232,197,171,1520,1281,852,1975,91,541
615,1480,2068,991,944,871,1064,1750,823,1684,444,1018,861,1214,791,806,1156,375,1541,1933,1995
616,456,8,35,498,31,92,1197,1796,74,958,357,1214,1541,1993,444,1637,1995,861,1933,823
617,1018,375,1684,806,1718,1064,1133,677,1480,1750,944,871,991,2068,691,791,823,1692,1214,1624
618,174,1869,870,410,99,1781,1350,1969,1588,787,581,1783,513,327,7,171,262,799,1322,1712
619,498,8,456,357,1197,74,35,92,1993,1796,2037,289,31,44,958,1637,1214,444,861,823
620,1350,1783,2054,513,799,171,410,2034,7,1541,1588,1621,444,327,1640,1322,823,1699,1869,1937
621,444,1214,1541,1995,861,1933,823,1156,958,456,498,8,74,35,92,31,1197,1796,357,1993
622,1064,1684,1018,1480,806,991,375,944,871,1750,1718,2068,236,823,861,1214,444,1652,1387,942
623,1214,1541,861,8,1995,456,823,74,444,357,1350,1156,1933,958,92,1522,31,1770,498,1197
624,117,1779,1387,740,1951,1009,444,1933,1995,861,1541,1214,823,1156,958,1197,456,35,31,357
625,74,456,498,958,35,92,8,1796,1214,444,1541,1197,357,31,861,1995,1156,823,1933,1993
626,444,1541,861,1995,1933,1214,1156,823,456,35,8,1796,498,958,92,1197,31,1993,74,1637
627,1541,444,1214,861,823,1156,1933,958,1995,456,92,498,35,74,8,31,1197,357,1796,1993
628,727,1833,221,14,1396,93,749,852,582,1281,1577,376,128,1703,1721,1749,1751,1512,1283,1054
629,1541,444,861,1214,1933,823,1995,1156,958,456,35,92,8,74,31,1197,289,498,1796,2037
630,1933,1995,444,1541,8,861,456,1214,1197,1796,823,31,498,289,74,35,1156,92,1637,1993
631,727,1833,221,14,1396,93,749,852,1281,1749,128,582,1283,1058,1721,1577,1118,1751,1512,712
632,444,117,1214,1197,861,1933,1779,823,456,1541,1995,1156,74,8,1387,31,35,740,1951,498
633,456,8,35,74,498,1197,92,1796,31,958,444,1541,357,1637,1993,1214,289,861,823,1933
634,944,1214,991,1750,1018,375,1480,823,1933,861,871,806,2068,444,1684,1064,1156,1995,1718,791
635,1684,375,1018,806,1718,1064,1133,677,691,1480,1692,719,434,871,1750,991,963,1624,944,791
636,1214,456,444,498,1541,823,74,92,861,1995,8,357,35,958,1197,31,1933,1156,1796,1993
637,727,1833,221,14,1396,93,852,749,1281,1749,711,582,128,1539,1118,1577,1381,1740,1058,1751
638,1214,1541,823,861,1995,444,1933,1156,958,1581,1350,2054,456,799,713,31,1869,92,1197,2037
639,1214,1541,444,1933,823,861,1995,1156,958,456,92,31,498,74,35,1993,1637,8,1197,1796
640,727,1833,221,14,93,1396,852,749,582,1281,1058,1751,1512,1721,128,1577,1283,301,1054,1749
641,1214,823,861,444,1541,1995,1933,1156,1350,958,2054,1869,456,92,31,1197,2013,8,35,791
642,806,1064,1684,375,1718,1018,677,1133,1750,804,944,991,2068,871,1480,791,1214,1284,823,1023
643,727,1833,221,14,93,1396,852,749,1281,1058,1749,1577,582,1512,1283,1721,1751,1539,1740,1703
644,727,1833,221,14,93,1396,852,749,1281,1749,1703,582,128,376,1381,1186,1577,1539,1512,711
645,168,1783,799,7,171,327,2034,513,1507,1325,541,1954,95,949,91,852,166,197,344,1619
646,727,1833,221,14,93,1396,749,852,1281,1749,1577,582,1381,128,376,1703,711,1539,1118,1740
647,456,8,35,1796,74,31,92,498,1197,1637,1993,357,289,958,44,444,2037,1541,1640,1995
648,174,1350,1869,2054,405,410,99,1933,1783,870,861,1022,787,1214,1781,513,1937,1541,444,1712
649,727,1833,221,14,93,1396,852,749,1281,1749,582,1577,1703,1512,1740,1751,1539,1118,376,1058
650,168,1325,852,171,1954,1727,799,1507,95,1320,1427,1783,541,513,7,2034,952,197,1232,91
651,456,498,8,1197,74,31,357,92,35,1796,1993,1637,1779,117,1009,1951,740,1387,289,958
652,456,1214,498,1541,444,74,8,958,861,1995,1197,35,1933,823,92,357,31,1796,1156,1637
653,301,1721,1183,1958,727,1961,1283,763,712,109,43,299,1649,1751,128,1111,1764,1775,1054,403
654,991,1750,944,1480,871,2068,791,1851,1447,591,729,1439,1793,839,1973,594,1898,1108,905,528
655,1214,444,861,1933,1156,1995,1541,823,8,456,31,498,92,1197,74,1796,1637,35,375,357
656,456,35,8,444,498,1796,958,1197,92,31,1541,289,74,1993,1995,1637,1214,823,1933,861
657,1783,799,513,171,2034,7,410,327,1541,1588,444,1995,823,1214,1350,861,1933,1156,2054,1781
658,1480,991,2068,1018,944,871,1750,1684,1064,806,791,375,823,444,1214,1718,1133,861,1541,1933
659,410,870,1588,1350,1869,1783,444,1541,1781,174,99,1214,1581,1712,513,861,1439,823,1995,2034
660,513,1783,7,171,799,327,2034,410,1588,1100,1937,2054,1719,918,949,1581,1206,1350,174,1022
661,74,456,1214,444,8,823,498,1541,1750,92,991,861,35,31,1156,958,944,871,1933,1796
662,727,1833,221,14,93,1396,852,749,1058,582,1281,1749,1751,1512,1577,1539,1283,1705,301,1740
663,168,1325,1381,171,1749,949,7,1954,221,197,1507,1783,1539,852,2034,1619,91,1281,541,799
664,2037,958,289,44,35,456,8,498,92,1796,74,1197,31,357,1993,1541,174,1933,1637,444
665,410,513,1588,1783,171,174,327,7,799,1869,2034,1581,870,1712,99,1350,581,1781,2054,697
666,727,1833,221,14,1396,93,852,749,582,1281,128,1058,1749,1856,1118,1283,376,1577,1539,1703
667,991,944,1750,1480,2068,791,871,1214,1439,591,444,823,729,1851,1973,861,1447,1793,1156,1541
668,168,197,1520,1232,1336,912,1507,200,1325,670,1954,1557,171,1054,1406,1533,513,731,575,1975
669,444,1541,1214,861,823,1995,1933,1156,958,2037,456,92,289,31,35,1350,74,2054,498,1197
670,168,171,799,7,1783,2034,327,1325,513,1954,95,1961,949,1381,197,1727,1507,1268,364,91
671,1783,171,410,513,7,799,2034,1588,327,174,1869,1781,1322,1440,870,99,1022,1699,581,1621
672,456,35,8,444,1197,1796,31,498,74,92,1541,1993,1214,958,591,117,357,823,1933,1995
673,1214,1541,444,861,1995,823,1933,1156,958,456,498,31,92,35,1197,8,1796,357,1993,1350
674,727,1833,221,14,93,1396,749,852,1577,1281,582,1721,376,1856,1751,1058,1740,1283,1749,1958
675,456,8,35,74,1796,31,1197,498,92,1637,958,357,1993,289,444,1541,1214,1933,1995,861
676,168,1325,95,1054,1961,1512,1749,1727,852,1232,1751,1381,1954,1149,1705,582,1058,912,575,200
677,168,171,1325,799,1783,95,7,2034,1954,541,1440,327,949,1320,513,91,1507,973,1289,197
678,168,1954,1315,1325,171,1232,1427,91,1975,247,1336,95,1289,852,799,1372,2034,1406,7,197
679,168,1512,541,95,1325,166,1054,1507,582,852,1764,1727,1961,1705,1954,949,221,1010,648,1336
680,174,1869,1214,1541,1350,410,444,823,1995,1933,1156,861,2054,870,1588,1581,591,1712,1284,1783
681,456,8,35,1796,74,92,1197,498,31,958,289,1637,357,1993,444,1541,44,2037,1933,1214
682,168,852,1325,171,1232,541,91,1954,1286,1289,197,221,7,1492,1727,1533,1406,579,1512,1783
683,168,1381,1954,171,949,1512,7,1325,1281,197,95,1010,1289,541,912,91,1749,1336,840,1058
684,1869,174,870,1350,1781,1322,1541,99,444,1214,410,1588,2054,1995,861,1621,1581,1712,958,1969
685,8,456,74,1197,31,35,92,498,1796,357,1214,1993,1637,823,444,861,1350,1933,958,1541
686,8,1197,74,456,1796,31,35,92,498,357,1993,1637,591,1214,1447,444,1933,958,1541,861
687,1214,823,444,861,1541,1156,1750,1933,991,1995,456,74,8,498,591,1350,944,1447,1480,2068
688,1064,1684,1018,806,375,677,1133,1718,1480,991,871,944,2068,1750,1652,236,791,1214,8,823
689,1541,1214,1933,444,1156,1995,861,823,498,92,1197,456,958,35,1796,1993,8,31,1637,74
690,991,2068,944,1480,1750,871,791,591,1447,236,8,74,1133,1652,1522,942,2012,677,456,1488
691,8,74,456,31,498,92,1197,1796,236,1522,1652,357,35,2012,1993,944,444,942,991,2068
692,117,1779,74,1197,8,31,456,740,498,35,1387,357,92,1796,1009,1951,444,1993,1214,1637
693,1588,1969,410,934,195,23,870,99,262,1781,794,1384,205,1869,156,174,958,798,1783,7
694,410,1588,1969,1783,697,99,870,2034,513,171,327,174,195,799,934,262,1350,1342,1869,68
695,117,1779,1951,1009,740,1387,1933,444,1197,31,456,1214,498,861,35,1995,1993,74,823,1541
696,727,1833,221,14,1396,93,852,749,1281,1749,1577,582,1703,128,1721,1283,711,1751,1058,1740
697,727,1833,221,14,93,1396,852,749,1281,582,1749,1577,376,1751,128,1054,1703,1539,711,1381
698,1214,861,823,444,1541,1156,1995,1933,958,456,498,92,357,1197,74,35,1993,8,289,1350
699,1541,1214,444,1933,861,1995,823,1156,958,456,498,74,92,35,31,8,357,2037,1993,1796
700,456,8,498,92,35,958,1993,1541,74,1197,357,1796,31,444,1214,1995,1933,1637,861,823
701,1779,1009,117,1387,740,1951,498,1197,31,357,74,456,1993,8,35,92,1637,1796,1933,1214
702,1350,174,1869,2037,958,444,1541,2013,289,2054,1214,861,1933,823,1156,8,591,35,92,410
703,1350,1214,861,823,444,1541,174,2054,1869,1995,1156,1933,804,1937,113,2013,697,1284,870,410
704,444,1541,861,1156,1933,1214,958,823,1995,1350,2054,410,1869,2037,174,99,870,1588,289,44
705,1214,1541,861,444,1933,823,1995,1156,1350,2054,958,799,1783,1937,7,92,1581,2034,713,1588
706,1969,262,195,1384,174,794,934,870,787,1869,23,99,799,156,1284,1781,804,571,205,1032
707,8,1018,1064,375,1684,456,74,1197,806,498,31,92,357,1718,1796,1637,1993,1133,677,35
708,719,691,434,1692,963,1624,531,1480,791,991,944,1684,1750,1064,2068,1718,871,1018,375,806
709,1214,1541,861,444,1933,1995,823,1156,958,456,92,31,498,8,1197,1796,35,74,1993,1350
710,456,35,8,958,31,74,498,1197,92,1796,357,1993,1637,289,444,1541,44,2037,1214,1995
711,1064,991,806,944,1684,1750,2068,1480,375,871,677,791,1133,1718,1018,1214,823,804,236,861
712,95,1775,1058,1283,1143,1396,1054,711,1751,1118,1010,1705,1355,221,582,1381,376,1281,1721,1958
713,498,456,1197,357,31,35,8,92,1993,1796,74,117,1779,1637,444,1009,1995,861,958,740
714,727,1833,221,14,1396,93,749,852,1281,1058,582,1283,128,1054,1512,711,1751,1749,1539,1118
715,727,1833,221,14,1396,93,852,749,1281,582,1856,1539,1749,1058,1721,128,1751,1577,1118,376
716,301,1721,1183,1961,763,1958,1283,128,1649,1539,727,299,712,1751,1010,109,1111,1054,1775,1764
717,958,456,2037,8,1214,444,35,74,498,1541,289,861,92,1933,1156,1197,1796,31,1995,823
718,1869,1350,2054,174,591,8,2013,1447,991,791,92,1796,870,74,958,1214,410,1712,456,35
719,591,1447,1284,475,1066,1567,524,804,696,68,1023,1342,698,1559,916,298,2059,1586,465,1144
720,444,1541,456,498,1214,74,958,8,35,861,92,823,1995,1197,1933,31,289,357,1156,1796
721,1783,171,799,7,513,2034,327,1350,410,174,2037,2054,1588,44,1869,958,1541,1322,444,1621
722,456,35,8,498,92,1197,74,1796,31,357,1637,444,958,1993,1541,1214,289,861,823,1933
723,991,944,871,1750,2068,1480,791,1350,1869,591,410,174,1447,870,1522,1712,697,942,1488,1588
724,168,171,1325,1954,7,1783,2034,1381,43,949,1749,799,91,1619,1975,1507,327,1449,299,1232
725,1541,1995,1214,861,1933,823,444,1156,958,498,357,74,456,92,31,375,1018,8,2037,35
726,444,1541,1214,823,861,1933,1156,1995,958,92,456,35,74,31,498,8,1197,1796,1993,357
727,799,1783,171,7,513,2034,327,410,1588,1350,1719,2054,1541,1214,1937,1097,1995,823,444,790
728,727,1833,221,14,93,1396,749,852,1577,1281,1740,376,1749,582,1058,1856,1539,1751,1512,1381
729,1783,513,799,171,7,2034,327,410,1588,1214,697,581,870,1719,1781,1541,174,444,1097,1581
730,1869,174,1933,1541,444,1214,1995,861,823,1156,1350,410,870,2054,799,2013,1783,99,804,958
731,1387,1779,117,740,1009,1951,357,1197,498,74,31,456,92,8,35,1993,1796,861,1637,444
732,74,456,8,498,35,31,1197,1214,92,444,1796,958,357,1541,1933,1993,823,861,1156,1637
733,1214,861,823,444,1156,1995,1541,1933,1018,1064,806,375,1718,1684,991,8,92,2068,1480,944
734,944,991,2068,1480,871,74,444,1214,8,1750,861,1933,456,1197,1156,791,31,236,823,92
735,168,171,799,95,7,1783,1325,513,1054,2034,327,1058,1149,1507,1512,1764,1665,582,1954,1315
736,727,1833,221,14,1396,93,852,749,1281,582,128,1751,1283,1749,1054,1512,1058,1705,1577,1703
737,456,498,8,1197,35,357,92,31,74,1993,1796,1637,958,289,444,861,1214,1541,823,1933
738,1779,117,1387,740,1009,1951,1197,74,498,31,456,357,35,1214,92,444,8,1933,1796,861
739,958,289,456,498,35,1796,2037,1197,1995,8,92,44,74,1541,444,1156,31,357,1214,1933
740,958,289,2037,1541,444,1933,1995,44,861,1156,1214,456,35,823,8,74,1796,1197,498,174
741,8,456,498,1197,92,35,31,74,357,1796,1993,1637,444,958,1541,861,1214,1933,823,289
742,168,1954,171,799,852,7,1783,2034,1325,91,327,1512,1336,1507,1381,197,949,541,1727,1289
743,410,1588,1783,799,7,171,513,327,2034,174,1541,1869,1350,870,1581,1214,99,444,1995,1322
744,174,1869,1541,1350,1933,1214,444,1581,2054,823,1156,861,410,1995,958,1197,35,8,456,92
745,1064,8,375,806,677,1684,1197,1133,92,1214,456,1018,991,823,1796,861,498,31,1750,1718
746,1214,174,1541,444,1869,823,861,1933,1995,1156,1350,591,2054,1937,691,1439,227,846,991,1284
747,1541,1214,444,823,861,456,1933,8,1995,35,92,1156,1796,1197,74,498,1637,31,357,1993
748,1214,823,861,444,1541,1156,1933,1995,1018,375,1718,1684,1064,944,806,991,1480,2068,1973,1750
749,168,541,912,852,1325,1512,166,200,1697,95,1289,1727,1954,949,1520,1449,575,197,171,670
750,1541,1214,444,861,823,1995,1933,958,1156,456,8,74,92,498,35,31,1197,357,1796,1993
751,168,171,1783,799,1954,1325,7,852,327,513,2034,1232,91,197,579,1975,95,442,1289,949
752,168,1325,171,1054,1381,541,1512,95,1315,1954,949,2034,799,1783,91,197,1705,1507,513,1975
753,582,1010,1058,1054,1283,1705,1751,1764,1355,1512,414,1149,448,1806,1539,1281,1721,1749,1775,711
754,727,1833,221,14,93,1396,852,749,1281,1749,1577,582,1740,128,1118,376,1058,711,1856,1539
755,1350,1783,2054,1541,799,513,2034,1214,823,7,327,171,861,444,1937,958,410,1588,1933,1156
756,117,1779,1009,456,31,74,1951,1197,1387,740,1796,8,35,498,92,357,1993,591,444,1447
757,301,1721,1183,727,1961,763,299,109,1958,1649,128,712,1725,93,1775,1111,1539,43,852,1856
758,456,498,8,35,74,1197,1796,958,92,31,1637,1541,357,289,1993,444,1933,1214,861,2037
759,2037,958,44,289,1541,444,1933,1995,1214,861,1156,35,823,456,92,1796,498,8,74,357
760,991,1480,944,1750,791,871,2068,1350,1447,1214,591,1439,1973,227,236,846,2012,870,174,68
761,1214,444,861,1541,1156,823,1933,1995,1350,498,8,456,92,1796,958,35,1197,74,31,1637
762,410,1588,1783,513,1869,171,799,7,444,2034,1541,870,1214,174,861,327,1781,1156,1995,823
763,456,74,8,498,35,92,31,1197,1796,357,958,1993,1637,444,1541,1214,861,2037,823,1933
764,1214,1541,823,1995,1933,861,444,1156,958,8,456,74,498,92,1197,31,1018,357,1993,375
765,1779,117,1009,1951,740,1387,31,456,498,1197,357,74,35,8,1993,92,1637,1796,289,1933
766,991,944,1750,1480,2068,871,791,236,1522,1194,1652,1973,942,2012,1439,378,806,591,990,846
767,1322,1640,1621,1440,1699,561,6,1447,591,174,1869,1350,1284,804,1023,1342,99,1559,68,2054
768,1058,1054,582,1010,1283,1512,1705,1751,1764,1355,414,1539,1281,1149,1806,448,1749,1381,711,1118
769,221,727,1856,1725,1749,375,14,1950,1396,95,677,897,1833,1381,1719,1775,807,2006,1143,1251
770,991,1480,944,2068,1750,871,791,1133,591,236,1684,806,1194,1018,1447,1973,1439,677,375,903
771,727,1833,221,14,1396,93,749,852,1281,1749,1577,376,1703,128,1721,582,1740,1381,1856,1283
772,456,8,498,35,1197,31,74,92,1796,1214,357,958,1637,444,861,1993,1541,1933,823,1995
773,582,1054,1058,1283,1010,1751,1764,1705,1512,1355,414,1149,448,1806,1281,1721,1539,1833,1749,1775
774,727,1833,221,14,93,1396,852,749,1281,376,1856,1749,1577,1740,128,582,1539,711,1381,1118
775,1779,117,456,8,740,35,74,1197,31,92,1387,1009,357,498,1951,1796,1993,1637,958,289
776,991,1480,2068,791,1750,944,871,846,1652,1522,378,236,942,1770,1488,1350,2012,990,888,1276
777,1350,1214,823,870,1480,1541,991,944,791,444,1995,2068,861,1869,174,871,1588,1439,410,1581
778,456,8,31,1214,92,1197,1796,444,1541,35,823,1995,498,861,74,357,1933,1637,1156,1993
779,1779,1387,1009,117,740,1951,357,1197,498,31,74,456,1993,92,35,8,1637,1796,861,1933
780,8,456,1197,74,498,1796,92,31,1064,375,806,1018,357,1214,35,677,823,1637,1684,861
781,1541,1214,444,1933,861,823,1995,1156,958,1350,2054,456,1937,31,1509,713,1581,2037,92,965
782,1350,1541,1214,823,2054,861,444,1156,1933,591,1447,1995,958,1937,1783,8,456,1869,289,1796
783,958,456,1541,444,35,498,92,1796,1933,861,1197,8,1995,1214,1156,31,74,289,823,1993
784,727,1833,221,14,93,1396,852,749,582,1281,1751,1749,1283,1058,1512,1703,1577,128,1740,376
785,1783,513,799,171,7,327,2034,410,1588,1350,2054,1719,1581,1541,1937,1933,870,1869,2037,444
786,301,1721,1183,109,1961,763,712,1958,299,1111,727,1539,1283,1725,1740,43,1649,1856,1577,93
787,1684,1064,1718,1018,806,375,991,944,1480,1750,2068,871,1133,791,677,236,378,1898,2043,1522
788,1751,1054,1749,1118,1539,1143,1058,711,1775,1281,1764,1010,1381,513,410,1783,582,1512,1705,327
789,727,1833,221,14,1396,93,749,852,1058,1281,582,1283,1705,1751,1355,1749,1539,1512,711,1054
790,861,444,823,1541,1214,1933,1995,1156,456,958,8,31,1197,92,35,1796,498,1993,74,1637
791,1018,806,357,375,8,1214,456,1064,498,92,74,1718,861,1684,31,1796,1197,823,35,236
792,1541,444,1214,1995,823,861,1156,1933,958,2054,1350,456,2013,92,1937,31,35,2037,1796,8
793,1640,1440,1699,1621,1322,6,561,174,1869,1350,799,1783,171,2054,2034,513,327,7,410,1588
794,727,1833,221,14,1396,93,852,749,582,1281,128,1751,1283,1058,1054,1749,1721,1705,1577,1512
795,456,8,35,1197,498,74,1796,31,92,1637,357,444,1993,1541,958,1214,289,1995,1933,861
796,727,1833,221,14,93,1396,852,749,1281,582,1751,1058,1749,1283,1512,1577,1721,1764,1539,128
797,591,1447,1640,1284,475,804,1699,1567,1322,1440,524,1621,465,113,298,1342,561,1915,1066,696
798,444,1541,861,823,1156,1350,1214,1933,1995,2054,174,1869,958,2037,2013,1937,410,289,1581,1783
799,727,1833,221,14,93,1396,749,852,582,1281,1058,1577,1749,1751,1283,1721,1740,1539,1705,128
800,1214,1541,444,861,1995,1933,823,958,1156,456,74,498,92,8,31,35,357,2037,1197,1993
801,727,1833,221,14,1396,93,749,852,1281,1749,1721,1577,582,128,1058,1283,1740,1751,1958,1703
802,444,1541,1995,1214,861,823,1933,958,1156,289,2037,456,44,1350,1796,35,2054,92,498,713
803,168,171,799,1783,7,513,2034,327,95,1054,1325,1954,1512,1058,973,582,1320,1764,1507,1381
804,1480,991,871,944,1750,2068,791,846,236,1522,1652,1770,378,2012,942,990,1488,1684,1064,1276
805,168,171,1054,2070,1325,1058,7,1232,2034,1149,799,1512,1705,1336,582,91,1954,1783,1010,513
806,1869,174,410,1588,1022,787,99,405,1969,171,7,1583,870,1350,2034,1783,1781,195,327,1621
807,991,1480,871,1750,944,2068,791,236,378,227,1522,1652,942,1350,1770,846,1276,1447,1488,729
808,168,912,197,949,1325,171,541,200,1520,1975,1954,2034,91,1232,1533,7,575,1783,670,1727
809,1010,582,1058,1054,1764,1751,1283,1512,1705,1355,414,1539,1281,1149,448,1775,1806,1749,711,1833
810,582,1054,1058,1010,1283,1764,1705,1751,1512,1355,414,1149,448,1806,1281,1539,1833,1749,1775,711
811,727,1833,221,14,93,1396,749,852,1281,1749,128,1058,1539,582,1577,1856,1118,1740,711,376
812,1541,444,1214,1933,591,823,861,1995,1447,1156,958,456,1350,1796,35,8,289,31,1197,1869
813,727,1833,221,14,93,1396,749,852,1281,1749,1577,1058,1539,582,1740,1118,1856,711,1512,1703
814,799,1783,171,2034,513,7,1621,327,6,1699,1322,1440,1350,1640,561,410,1588,960,613,609
815,1541,1995,444,1214,958,1933,861,823,1156,456,35,74,498,92,8,2037,1796,289,1197,1350
816,1541,1214,444,823,861,1933,1995,1156,1350,958,2054,1581,92,31,1937,456,942,35,289,1439
817,727,1833,221,14,93,1396,852,749,1281,1749,582,1539,1058,1577,711,1381,1118,1751,376,1740
818,357,498,456,117,1197,1779,92,8,1993,35,31,740,1387,74,1951,1009,1796,1637,861,444
819,2037,958,289,44,444,1541,1933,35,1214,456,1995,1796,1156,861,174,1197,8,92,498,1869
820,8,456,92,498,74,31,1064,357,1197,1018,375,1684,1133,1796,1993,1637,35,806,677,1718
821,456,8,35,74,92,498,958,1197,357,444,31,1796,1214,1541,861,823,1993,1933,1637,1995
822,1541,1214,444,1995,1933,1156,861,871,791,823,991,944,1480,2068,1750,1581,958,1973,1522,870
823,1541,444,1214,861,1933,823,1995,1156,958,456,31,8,498,74,1197,92,35,1796,357,1993
824,1783,799,1350,410,513,1588,2034,1541,7,171,870,861,1214,327,1869,174,823,1933,444,1995
825,1214,444,861,1156,1541,823,1933,1995,1197,74,8,31,456,498,1796,1993,35,92,357,991
826,1541,444,958,1214,861,823,44,2037,1156,1933,1995,35,456,498,92,289,74,2054,8,1350
827,1969,195,262,794,174,787,1869,1384,934,23,870,156,405,193,99,1781,1022,205,571,1511
828,8,1197,498,456,74,35,1796,31,92,357,1637,1993,958,1214,444,1541,861,1933,289,823
829,456,74,498,8,92,35,31,958,1214,1197,444,1796,1541,357,861,1933,823,1995,1637,1156
830,456,8,74,1796,1197,498,35,92,31,1637,444,357,1214,1993,1541,861,958,1995,289,1933
831,727,1833,221,14,93,1396,749,852,1281,1577,1749,1058,376,1539,582,1740,1856,1381,1283,711
832,727,1833,221,14,93,1396,852,749,1281,582,1751,1058,1721,1749,1577,1283,1512,1703,128,1539
833,1779,117,1009,1951,740,498,1197,1387,456,31,357,1993,35,74,92,8,1637,1796,1933,861
834,174,1350,1869,1783,171,2054,1541,327,410,799,2034,513,7,444,1581,823,1588,1937,713,958
835,1214,444,456,498,74,8,1796,861,1197,1995,35,1541,1933,31,92,1637,357,823,174,1156
836,582,1058,1054,1010,1283,1705,1512,1751,1764,1355,414,1149,448,1281,1539,1806,1775,1749,711,1833
837,1214,1541,444,823,861,1995,1156,498,92,8,1933,456,1350,35,357,1796,74,1197,1637,31
838,444,1214,1541,861,1933,1995,1869,823,1156,1640,1440,1322,174,6,1621,561,1699,1350,289,958
839,168,1325,95,171,541,949,1619,1954,1783,852,327,7,1727,799,579,2034,1512,973,648,1507
840,1541,1214,1995,444,823,861,1933,1156,958,1350,1581,1783,870,2054,2013,410,799,456,7,1588
841,168,95,1325,541,1954,852,171,1289,1961,7,166,1268,1381,91,949,799,1315,197,1336,1727
842,958,444,456,1541,8,498,861,1796,1214,74,92,1197,1933,1995,35,823,1156,31,1637,2037
843,1350,1869,174,2054,1541,444,697,1969,861,1937,99,1933,1995,870,1214,823,794,410,475,2013
844,991,944,1480,871,2068,1750,791,1350,870,1581,410,1522,1869,174,1439,697,1712,1973,1652,729
845,1779,1951,117,740,1387,1009,1933,861,444,1995,823,1156,958,1541,1214,2037,289,44,456,35
846,1783,799,7,513,171,410,2034,327,1588,1541,444,1214,823,1995,861,1933,1156,1350,870,2054
847,456,498,8,35,1197,74,92,1796,31,1637,357,1993,444,958,289,1214,1541,823,1995,861
848,8,74,35,456,1197,1796,92,498,31,357,1637,1993,958,1214,444,2054,1541,1350,861,823
849,1783,799,7,513,2034,171,327,410,1588,1541,823,444,1995,1214,861,1350,1156,1933,2054,99
850,301,1721,1183,109,712,1958,763,1283,1961,299,43,1751,1054,1649,1010,1111,1539,1764,727,1058
851,301,1721,1183,727,763,1961,1054,299,109,1775,1649,128,1283,1764,1958,582,712,1010,1539,1751
852,168,95,1325,1406,1286,91,1954,1336,1507,541,912,852,1520,1503,171,1910,1372,1665,1619,197
853,1350,2054,410,174,1588,1937,1869,1783,870,697,99,991,591,1447,1781,513,2013,2068,1581,1712
854,1214,823,444,861,1541,1156,1995,1933,958,375,1018,456,31,92,1718,1350,1796,2054,35,8
855,456,8,35,1197,498,1796,74,92,444,1541,31,958,1637,1933,1993,1214,357,289,1995,823
856,727,1833,221,14,1396,93,749,852,1281,128,582,1749,1721,1703,1283,1512,1058,1577,1542,376
857,1064,375,1684,806,1718,1018,677,1133,236,1750,1652,942,1214,1522,871,378,944,92,991,8
858,1783,513,799,171,7,2034,327,410,1588,1350,870,174,2054,1869,1937,1581,99,1781,1712,1440
859,991,944,1480,1750,2068,791,871,236,729,846,2043,1851,2012,1522,378,1652,942,1898,1793,375
860,1783,2034,7,799,171,327,513,949,410,1588,168,414,166,1958,1149,1751,1010,807,1764,1355
861,991,1750,944,1480,2068,871,791,1851,1898,1793,729,227,1973,591,2043,1800,1439,839,236,594
862,1064,1684,806,991,944,1480,1750,375,2068,871,791,1718,1018,1133,677,691,1692,1652,236,942
863,1779,1387,1009,117,740,1951,1197,31,498,74,1933,456,35,1993,357,92,1214,8,1637,444
864,444,1541,958,456,823,35,861,1214,1933,8,498,1995,1796,92,1156,289,1197,74,1993,357
865,168,1054,1058,171,1512,1325,582,1010,2070,2034,1705,1283,1954,7,973,1751,197,95,91,1764
866,958,35,456,92,1796,8,1993,31,444,1541,1197,289,74,861,357,174,1156,498,1995,823
867,1387,1779,117,740,1951,1009,1933,444,1684,861,1018,1064,1197,806,823,1480,1214,31,74,871
868,1214,861,444,1541,823,1156,1995,1933,1350,591,1439,846,174,1064,1718,1973,991,375,1480,1869
869,456,8,35,1197,498,1796,92,74,31,444,1993,357,1637,1214,1541,958,861,823,1933,1995
870,410,1588,870,99,1869,174,1781,1783,513,1350,171,799,1712,2034,1581,7,581,444,1439,327
871,1640,1440,561,6,1699,1322,1621,1350,2054,1447,591,174,1937,1541,1869,444,1783,713,958,1933
872,1018,806,375,1684,1718,1064,1480,991,2068,791,944,871,1750,1133,677,1214,823,861,444,1933
873,1214,444,861,823,1541,1156,1995,1933,31,92,456,498,74,958,1197,35,375,1796,8,1637
874,1214,1541,861,444,823,1933,1995,1156,456,8,74,31,958,1197,35,498,1796,1350,92,1637
875,168,171,1325,1783,7,2034,799,513,327,852,1954,95,952,91,1232,541,1056,197,442,1975
876,168,171,95,1961,799,1325,1783,1954,1054,7,2034,541,43,513,1507,1512,1381,1058,1649,1749
877,991,1480,944,871,2068,791,1750,846,236,1652,1522,1770,729,2012,942,990,1488,2043,759,528
878,95,1775,376,1054,1283,1751,1058,1143,1381,1512,1355,1396,582,1010,711,1740,1764,1118,221,1705
879,301,1721,1183,712,1283,727,128,1958,763,1961,1054,1010,43,1539,1751,1058,1923,1705,1649,1725
880,1692,434,691,719,1624,963,531,591,1350,1447,1214,791,2054,1480,1541,823,991,2068,1750,1783
881,168,171,1325,852,1783,541,7,95,197,949,1727,1507,2034,1954,1619,513,799,1684,91,1725
882,727,1833,221,14,93,1396,749,852,1281,1749,582,1539,1118,1577,128,1740,1381,1058,711,1751
883,861,1214,1156,444,799,823,1783,1541,1933,513,1995,7,2034,171,327,1350,2054,1581,1588,713
884,456,8,92,498,31,74,1197,1796,35,357,1214,677,1637,1064,375,861,444,823,1993,1133
885,444,1541,456,861,1214,8,1933,823,958,35,1156,1995,92,1197,1796,498,74,1993,289,31
886,1783,7,410,171,799,327,513,1350,1588,2034,2054,870,1541,99,174,1781,1322,958,2037,1621
887,174,1969,1869,1350,1781,787,195,99,1022,1621,870,1322,262,405,1640,934,794,410,23,697
888,1350,1214,1869,174,444,1541,861,1995,823,410,1156,2054,1933,1480,870,1588,2013,991,791,1937
889,168,1325,1727,1507,1721,912,541,197,646,91,2034,1054,1427,1512,1268,670,166,1533,799,1315
890,456,958,8,74,1541,498,35,444,31,92,1995,1214,1197,1796,1933,357,861,823,1637,1156
891,1718,375,806,1018,1684,1064,1214,823,444,1133,861,1541,1995,1156,1933,677,236,1652,1522,942
892,168,171,1325,1954,799,912,197,7,1783,1315,1336,2034,1975,91,1507,1520,949,1232,513,1372
893,727,1833,221,14,1396,93,749,852,1281,582,1751,1058,1054,1749,1283,1512,711,1118,128,1381
894,444,35,456,8,1541,92,1214,74,498,1197,1796,31,861,823,1933,958,1637,357,1995,1993
895,405,787,1583,1022,1214,1995,1869,2013,1783,1350,2034,174,171,410,99,799,7,1541,444,1781
896,168,1325,852,171,1954,1975,1783,95,7,1449,1507,799,327,1727,1232,2034,43,1372,1406,1132
897,727,1833,221,14,93,1396,749,852,1281,128,1749,582,1703,1577,376,1721,301,1512,1539,1856
898,95,1058,1396,1283,1054,1775,1705,1751,582,1355,221,1764,1010,1512,1143,711,376,1281,1833,1118
899,697,1350,174,410,1869,1783,1588,2054,171,513,870,991,591,791,1447,1480,1781,327,2034,799
900,991,944,1750,2068,1480,871,791,236,378,1522,1350,1652,1770,942,1488,846,227,1447,888,990
901,8,456,498,74,1197,31,92,357,1993,1637,35,1796,1214,444,861,823,1541,1995,1933,958
902,1480,1750,991,944,791,2068,871,1214,375,806,1018,444,823,1684,1156,1064,861,236,1718,677
903,1541,1214,823,861,444,1156,1995,1933,958,456,870,846,1522,2037,1581,498,74,236,1652,357
904,861,1995,823,1214,1933,1541,444,1156,31,1197,498,456,92,8,357,74,1796,1637,1993,35
905,498,357,456,74,92,1197,8,31,35,1993,1637,1796,1214,958,861,444,1541,1995,823,1933
906,1779,1009,117,1387,740,1951,31,498,357,1197,456,74,1993,35,92,8,1637,1796,1933,444
907,168,7,171,1783,1954,1325,2034,1381,949,91,1054,327,1010,799,541,197,1507,912,1289,1315
908,456,35,8,92,1796,74,31,498,1197,958,357,1993,1637,289,44,2037,444,1541,1214,2054
909,1541,823,1214,444,861,1933,1995,1156,1350,2054,958,1937,1783,799,410,713,1581,1719,591,35
910,1541,444,861,1214,1995,1933,823,1156,958,31,456,92,498,1350,1197,8,74,2054,1637,1796
911,727,1833,221,14,1396,93,749,852,1281,1749,1721,1856,1577,1539,376,1058,128,582,1118,1381
912,958,2037,289,456,35,8,1796,498,92,31,1197,74,44,1541,444,357,1933,1993,861,1995
913,799,1783,171,7,513,410,1588,327,2034,1214,823,1541,444,1350,861,1995,1719,1480,2054,1156
914,1214,1541,823,444,861,1933,1995,1156,1350,2054,434,691,958,963,92,1692,1937,1197,799,719
915,1541,1214,444,861,1933,1995,823,1156,958,31,456,74,35,92,498,1993,1637,1197,8,713
916,991,1480,944,791,2068,871,1750,1350,174,1214,410,799,1541,1156,1995,1869,444,823,1933,1783
917,1779,1387,740,117,1951,1009,1933,861,1995,934,410,444,823,1214,44,1156,1684,2037,1018,958
918,168,1054,1512,95,541,1010,1705,1381,1961,1325,1315,1058,1283,1764,1336,1751,1749,91,1507,1281
919,1541,1214,861,1933,1995,444,823,1156,498,958,31,456,1197,74,92,8,1796,35,1637,357
920,727,1833,221,14,1396,93,749,852,582,1281,1283,1751,1058,128,1703,1054,1749,1512,1705,1856
921,117,1779,740,1387,1009,1951,357,1197,31,74,35,456,498,92,8,1796,1993,444,1214,861
922,168,95,1325,799,171,7,1961,541,1783,1512,513,2034,1054,1954,1865,1232,1507,1727,1058,327
923,168,171,1325,7,1783,2034,799,91,327,1954,1315,197,513,247,1381,1336,1058,891,952,1372
924,1640,1699,1621,1440,1322,561,6,1783,1350,1447,591,171,799,2054,513,327,2034,1869,174,7
925,1214,1541,444,823,861,1995,1933,1156,958,410,1588,2054,870,1350,456,74,2013,1581,8,498
926,1214,823,861,1995,1933,1541,444,1156,498,8,456,1197,74,92,958,31,35,357,1796,1993
927,991,2068,1350,944,871,1750,791,1480,697,410,1783,236,1522,2054,1588,378,227,513,1869,1770
928,456,8,35,74,1197,1796,498,92,31,357,1637,1993,958,444,289,1541,1214,861,1933,823
929,456,8,498,1197,92,35,357,74,31,1796,1993,1637,289,958,444,861,2037,1214,1541,44
930,168,171,327,1783,1325,799,7,2034,513,1954,197,949,1507,95,1232,1054,670,1058,1727,1520
931,410,1350,1783,799,513,2054,2034,7,1869,171,1588,99,1621,1322,44,327,1781,1640,2037,174
932,942,1652,236,378,1522,846,1770,888,1488,2012,990,1276,8,92,357,806,1064,1718,456,375
933,456,74,8,498,35,92,1214,357,444,31,1541,1197,1796,1933,958,861,1993,823,1995,1637
934,2037,958,35,44,456,8,289,92,74,498,1796,1197,31,444,1541,357,1637,2054,1993,1214
935,444,1541,1214,1995,861,1933,823,1156,958,456,289,8,1197,35,1796,31,92,74,498,1993
936,168,1325,912,197,171,1507,799,670,1520,7,541,1232,1336,513,1954,1332,200,2034,575,1533
937,727,1833,221,14,93,1396,749,852,1281,1749,1577,582,1058,1751,1539,128,1958,376,1721,1856
938,35,8,92,1796,456,958,498,31,1197,74,289,357,2037,1993,1637,44,1541,444,1933,861
939,1783,7,799,2034,513,171,327,1588,174,410,1699,1440,1869,1322,1640,195,262,1621,934,1969
940,991,944,1750,871,791,1480,2068,1447,591,1350,174,1869,227,870,697,1712,1522,1851,1439,729
941,1214,1156,861,444,1541,823,1995,1933,525,846,958,942,236,1652,1522,1770,378,991,1581,1719
942,1541,444,958,1933,1995,1156,861,1214,823,289,2037,44,456,35,1796,8,92,1197,74,498
943,1783,799,410,7,2034,513,171,327,1588,1869,174,1350,99,2054,870,1781,1541,1322,1621,581
944,846,942,236,1770,1652,378,1522,1488,888,990,2012,1276,1350,8,92,1214,357,456,1197,1937
945,727,1833,221,14,93,1396,749,852,1281,1749,582,128,1856,1539,1058,1577,1751,1721,376,1118
946,117,1779,1387,740,1951,1009,444,74,1197,456,31,8,35,861,357,92,1933,1796,498,1541
947,1541,444,1581,1995,1933,1156,823,861,174,1214,2054,1350,713,958,1869,289,1937,1783,1404,1973
948,1581,1350,8,174,1796,456,2054,1197,991,870,591,1869,1712,92,1522,35,357,1480,498,1637
949,1541,444,1995,861,1156,1214,823,1933,174,1350,1869,2054,99,1581,870,958,1969,1937,1022,410
950,727,1833,221,14,93,1396,852,749,1281,1749,582,1539,1058,1118,128,1856,1577,1721,1381,1703
951,168,1325,1954,1449,1507,1727,1961,171,1336,852,43,7,95,541,1725,2034,763,1975,949,799
952,1350,2054,410,1937,1541,1214,870,444,1588,1770,1783,861,942,888,846,1995,2034,99,823,1156
953,8,1197,498,456,74,31,35,1796,357,92,1637,1993,1214,444,1541,861,1933,958,823,1995
954,1541,444,1995,1581,1156,1933,861,1214,823,958,1350,2054,410,870,1973,1783,2037,1439,456,1404
955,1684,1018,1064,434,375,1692,1718,691,806,719,823,1624,1214,963,991,456,8,861,92,1197
956,1064,806,375,8,1684,1197,677,456,31,1018,92,498,1718,1796,74,1214,357,861,1133,35
957,727,1833,221,14,1396,93,749,852,1281,582,1058,1283,1054,1751,1512,1118,1749,711,128,1705
958,456,958,74,92,31,8,498,1796,35,1541,444,357,1995,1197,1214,1993,1933,1637,861,1156
959,1751,1054,1058,1764,582,1010,1355,1705,1539,1512,1283,1281,1118,1749,711,1775,1381,1143,1865,1721
960,456,8,498,74,357,1197,92,31,35,1796,1993,1637,289,1779,117,958,1009,740,1951,1387
961,582,1010,1058,1054,1283,1751,1705,1764,1512,1355,414,1539,1281,1149,1721,1749,1775,1806,448,1118
962,1783,513,799,2034,171,7,1350,327,1588,410,2054,823,1937,1541,1621,1214,1640,861,1699,444
963,1350,2054,1447,591,791,991,1783,236,1214,846,1937,1522,823,942,1541,378,1480,861,2068,799
964,1541,444,1933,1995,823,1214,861,958,1156,456,35,289,8,74,44,92,31,498,1447,1796
965,727,1833,221,14,93,1396,749,852,1281,582,1577,1749,1751,128,1058,376,1740,1054,1721,1512
966,1783,799,171,513,2034,174,7,327,1350,1869,918,410,1581,1201,2054,790,1588,581,1712,1332
967,1018,1684,375,1064,806,1718,991,1480,677,1214,1133,823,1750,944,2068,871,861,444,791,1156
968,1541,444,1214,823,861,1156,1995,1933,958,1350,456,92,8,35,1796,2054,31,498,1197,1637
969,456,8,498,74,92,35,1796,31,1197,357,958,1637,1993,1541,444,1933,1995,1214,861,823
970,1018,806,1064,375,1684,1718,1133,677,8,1480,691,1197,1750,991,823,456,1214,871,791,1624
971,958,456,1796,8,35,1197,74,31,92,498,2037,1541,289,1637,1993,444,1933,357,1995,823
972,375,1684,806,1018,1718,1064,1133,677,1750,991,944,871,1480,2068,791,2043,905,839,1898,729
973,8,456,498,92,35,74,357,1796,31,1197,1993,1637,958,289,2054,444,1214,1541,44,2037
974,301,1721,1183,109,763,1961,712,299,1958,1111,1539,1725,128,727,43,1283,1649,1054,1856,1740
975,168,1325,852,1727,95,1507,541,166,197,1268,1320,1289,1954,1427,1619,671,912,1200,1315,91
976,301,1721,1183,1961,763,1649,1283,1958,109,1751,299,403,712,1054,727,1010,1775,1764,1539,43
977,327,1783,171,410,7,799,513,2034,174,1588,1350,1869,2054,1937,870,99,1440,1781,1541,6
978,410,513,1783,799,171,1588,7,2034,327,1781,2037,870,99,1350,44,289,581,698,2013,697
979,1214,861,823,444,375,1933,1018,1156,1995,1541,806,1064,1684,1718,1750,871,1480,991,1973,791
980,1779,117,740,1009,1951,1387,456,31,35,1197,74,8,498,92,1993,1796,357,1637,444,1933
981,1541,444,1214,1995,1933,861,823,958,1156,498,456,74,92,8,35,357,1197,1796,31,2037
982,691,434,719,1692,531,1624,963,791,1684,991,1350,1064,1783,1718,410,1480,375,1973,1214,944
983,1779,117,740,1387,1009,1951,1197,31,74,357,35,498,456,1993,92,8,1933,444,861,1796
984,991,1480,944,2068,1750,871,791,236,1522,942,1214,1652,846,2012,378,375,444,1684,1770,823
985,498,456,8,74,92,357,35,1197,31,1796,1637,1993,958,1214,444,1541,861,823,1933,1995
986,1322,1640,1440,1699,1621,1869,174,561,1350,6,799,2034,1783,513,7,99,2013,171,2054,410
987,791,991,1480,944,2068,1750,871,1350,1439,1973,799,1214,1783,823,861,513,2034,444,1156,1404
988,1214,861,1541,823,444,1156,1933,1995,958,846,942,1770,513,1783,236,1652,378,799,1588,410
989,958,456,1541,1214,444,92,823,498,74,861,8,1995,1933,35,1156,2037,44,1796,31,1197
990,727,1833,221,14,1396,93,749,852,582,1281,1058,1705,1512,128,1749,1283,1703,1355,1577,1751
991,498,357,456,74,8,92,1197,31,1214,35,1993,861,1637,1796,1541,958,1995,823,444,1933
992,498,8,357,456,1197,92,74,31,1993,35,1637,1796,1214,861,289,958,444,823,1933,1156
993,1779,117,1009,1951,740,1387,31,1197,456,74,498,35,8,1993,1796,92,357,1933,1637,444
994,1214,591,444,1350,1447,861,823,1933,1541,1156,1995,8,456,2054,35,92,1796,1197,958,1869
995,1684,1064,806,375,1718,1018,944,991,1750,1480,677,1133,2068,871,1214,791,823,861,444,1156
996,1783,799,171,2034,327,7,513,1350,2054,410,174,1588,1937,1869,1322,697,1440,6,918,1781
997,8,92,456,357,31,74,1637,498,1197,1770,942,236,1796,1522,1652,1488,1993,378,888,1214
998,444,958,1541,456,35,1214,8,498,44,2037,1796,1197,1933,74,1995,861,92,31,823,289
999,991,944,1480,791,2068,1750,871,1439,1350,174,410,1973,1869,1783,1712,99,870,227,823,1588
