0,1197,74,498,31,8,456,357,117,1779,35,1796,92,1214,1993,1009,1387,1637,740,1951,444
1,200,575,819,65,274,1405,731,1520,670,1534,1873,948,523,456,1672,1529,224,546,912,8
2,727,1833,14,221,93,1396,852,749,582,1577,1721,1054,1751,1705,376,1512,1281,1186,1283,1058
3,168,1440,1961,327,6,1783,1325,1183,1649,171,799,763,95,1954,301,1619,2002,1721,1507,852
4,1541,1214,1995,958,1933,444,861,823,1156,498,74,456,1581,357,92,8,31,35,2037,1197
5,8,35,456,74,498,1197,92,31,1796,357,1637,1993,1214,444,861,1541,823,1933,1995,958
6,1541,444,861,958,1214,498,1933,1197,1156,456,8,823,92,1995,35,74,2037,1796,1637,357
7,1933,444,1541,1214,823,958,1995,456,861,1156,8,1197,35,498,74,92,1796,2054,289,31
8,168,95,166,7,1783,1727,852,1325,171,671,949,541,327,1512,1863,1289,790,1492,344,1821
9,1541,444,1933,861,1995,1214,823,958,498,1156,1197,456,8,92,35,74,2037,1796,1637,357
10,1541,1214,823,1156,861,444,1933,1995,1640,1350,456,804,8,74,92,31,498,35,958,1197
11,991,1750,944,1480,791,871,2068,2054,1350,410,2037,1214,591,1783,1447,1439,171,823,44,958
12,444,1541,1214,1995,456,958,1933,35,861,8,823,92,498,74,1156,1197,44,1796,289,2037
13,1214,1156,861,444,1522,846,942,1541,1995,1933,823,1652,236,1718,378,1439,1064,991,1973,806
14,1058,582,1010,1054,1283,1705,1751,1512,1764,1355,414,1281,1539,1149,1721,1806,1749,448,711,1118
15,799,513,1783,7,171,2034,327,1054,1751,1588,410,1058,1281,1118,1764,1355,1749,1010,1143,1705
16,301,1721,1183,712,1283,109,1923,582,1054,128,1751,43,1010,1512,1355,1705,1058,727,1764,1396
17,1387,1779,740,117,1951,1009,1197,74,498,31,8,456,357,35,1796,92,1214,1993,1637,444
18,1581,1783,799,7,1350,327,513,2034,444,1404,410,171,1541,174,1973,2054,1156,861,1214,1439
19,301,1721,1183,1961,1283,727,109,1539,1010,43,1751,712,1058,221,1958,582,1054,763,1764,1705
20,727,1833,221,14,93,1396,749,852,1281,1749,711,1577,1539,1118,1058,1705,1721,1740,582,1703
21,1054,1764,582,1058,1283,1010,1751,1512,1705,1355,414,1281,1806,1539,1833,1149,448,1749,221,711
22,1387,1779,740,117,1951,1009,1480,2068,591,944,991,871,1447,444,1018,1064,1684,1750,823,1133
23,1018,1684,375,1718,806,1064,410,691,1588,1624,1133,677,1581,870,1480,719,1692,444,99,963
24,1783,799,2034,513,171,327,7,1350,410,1640,1322,870,1699,1440,1588,174,1869,6,1621,99
25,8,498,1197,92,1796,35,357,456,31,1637,74,804,113,1993,677,1133,1915,1640,375,1284
26,8,1197,456,31,1933,1637,1796,444,35,92,1869,357,498,1350,1541,823,174,1993,74,1214
27,727,1833,221,14,1396,93,749,852,1281,1721,1749,582,1539,1118,711,1381,1856,1058,128,1703
28,1541,1214,1995,958,1933,444,861,823,1156,44,2037,498,1350,74,456,1447,804,8,591,357
29,444,861,1541,1995,1214,823,1156,1933,958,2037,1350,2054,8,456,410,289,44,1869,1796,74
30,1779,740,1951,117,1009,1387,168,2037,403,95,613,44,1325,171,255,327,727,128,1725,1948
31,1214,444,861,991,1018,823,2068,1541,1933,806,1480,375,1995,944,958,1718,1156,791,1750,871
32,582,1058,1054,1010,1283,1764,1751,1512,1705,1355,414,1149,448,1806,1539,1281,1775,591,1721,172
33,122,759,2043,1898,679,1793,528,1800,1851,839,905,729,1108,1275,1219,1592,2065,594,1844,521
34,942,1770,1652,870,410,1522,378,1350,99,1781,1588,581,2012,697,513,934,888,1384,44,740
35,1541,444,1995,1933,823,861,1156,591,958,1214,1447,456,289,35,1796,8,1993,1197,498,92
36,168,1054,1440,327,1621,6,1512,1783,1381,197,1325,1640,1336,1322,1507,1232,200,171,799,95
37,698,1586,1350,298,1284,1144,804,68,2059,174,113,410,1023,1869,1342,1567,916,1932,995,1066
38,8,35,456,74,92,1197,498,31,1796,357,1993,1637,958,289,2037,444,1520,44,1350,1541
39,1783,799,2034,513,171,327,7,1350,1640,1322,1699,1440,934,174,1588,1384,6,44,740,117
40,301,1721,1183,763,128,1961,109,727,1283,299,1111,1725,1010,221,1751,1958,1764,1539,1856,852
41,1214,1541,861,1995,444,823,456,804,1156,8,74,1933,31,498,92,1197,1796,35,1567,113
42,1764,582,1054,1058,1283,1010,1751,1512,1705,1355,414,1149,448,1833,1806,1281,591,1721,221,172
43,1322,1440,1621,1640,6,1699,1783,561,327,2034,7,799,513,171,1588,410,1350,174,1869,227
44,1764,582,1054,1058,1283,1010,1751,1512,1705,1355,414,1806,1149,448,1833,1281,1721,1539,221,172
45,1869,174,410,870,99,1284,804,1781,1712,298,524,2059,1350,1588,1567,68,475,1969,1783,799
46,375,1684,806,1018,1064,1718,1133,677,1214,861,444,456,804,8,74,823,1933,1156,1995,31
47,498,1197,456,8,92,35,74,1796,1637,357,1214,444,31,1541,1993,861,823,1995,1933,958
48,582,1054,1010,1283,1058,1751,1705,1764,1355,1512,414,1806,448,1149,1281,1833,591,1721,1539,172
49,1779,1009,1387,1951,740,117,1480,2068,944,991,871,444,1018,1064,1684,1750,823,1133,861,375
50,357,498,456,1197,92,8,31,74,1993,35,1637,1796,1779,117,1009,1214,1387,740,289,1951
51,1214,444,861,823,1541,1995,1156,1933,456,498,1796,31,92,1197,74,8,357,35,1637,1993
52,991,944,1480,871,1750,2068,791,1851,1898,2043,729,1064,1800,1793,1684,1108,1275,1844,521,905
53,122,759,2043,1898,679,1793,528,1800,1851,839,905,729,1108,1275,1219,1592,2065,594,1844,521
54,991,944,806,1064,1684,1480,2068,1750,871,375,791,1018,1718,677,1692,1133,719,691,963,434
55,35,8,74,92,456,1796,1197,498,31,357,1637,958,1214,444,1993,861,1541,289,823,2037
56,1214,1541,444,591,861,1447,1995,1933,456,804,1284,8,823,1156,475,74,958,1567,31,498
57,1779,1009,1387,1951,740,117,1480,2068,591,944,991,871,1447,444,1018,1064,1684,1750,823,1133
58,991,1214,1750,944,1480,861,791,871,444,2068,456,804,8,74,823,1933,1156,1995,31,498
59,1480,991,871,2068,1750,944,791,1898,729,2043,528,1793,839,594,942,236,1592,1219,1851,759
60,375,1684,806,1018,1064,1541,1718,1214,823,1156,861,444,1133,677,1933,1995,1640,1350,8,92
61,727,1833,221,14,93,1396,749,852,1281,1749,1958,1577,128,1721,376,1381,1703,1539,711,582
62,168,2034,95,171,1325,571,799,166,794,1783,195,7,193,1511,852,91,671,949,952,541
63,410,1350,1933,444,1588,2054,1937,1541,174,823,1869,870,1214,99,1640,861,1322,2013,918,1783
64,1018,1684,375,1718,806,1064,498,8,1197,1796,92,357,691,456,31,1637,35,74,1624,1133
65,357,498,1387,1779,740,117,456,1197,1951,92,8,31,1009,74,1993,35,1637,1796,289,958
66,582,1058,1010,1054,1283,1764,1512,1705,1751,1355,414,1281,1539,1149,448,1749,711,1118,1775,1381
67,357,498,456,1197,92,8,31,74,1993,35,1637,1796,289,1520,1779,1009,117,819,958,1405
68,498,1197,456,1541,8,1214,1995,92,958,35,74,1796,1933,1637,444,357,861,823,31,1156
69,444,1541,861,1214,1995,1156,823,958,1933,2037,498,456,44,8,1637,1197,92,289,1796,35
70,727,1833,221,14,1396,93,852,749,1283,1751,1054,582,1058,1705,1764,1512,1355,1010,1577,376
71,799,1783,171,7,2034,513,327,410,1588,697,1350,1342,1781,2054,870,1937,790,475,1214,113
72,1764,1054,582,1058,1283,1010,1751,1512,1705,1355,414,1281,1539,1149,1833,448,1749,711,1118,1775
73,944,991,2068,1480,1750,871,1973,791,375,806,1439,1064,236,1684,1018,1933,1156,861,1214,1718
74,1541,1214,1995,958,1933,444,861,823,1156,498,74,456,591,357,92,1447,8,31,35,289
75,991,944,1480,871,1750,2068,791,1898,2043,1447,729,68,1064,804,1800,909,1684,591,1023,1108
76,1541,1214,444,1933,823,861,1995,1156,958,31,498,456,357,1197,8,74,1796,289,35,92
77,958,2037,289,1541,444,44,1995,1933,1796,456,35,823,861,498,1156,8,92,74,31,1197
78,174,1869,991,2068,871,944,1350,375,1750,1480,791,1018,958,806,677,1541,1214,35,1933,2037
79,1541,1214,1995,958,1933,444,861,823,1156,498,74,456,804,8,591,357,31,92,1197,1796
80,727,221,1833,14,1396,93,852,749,1281,1749,1721,128,376,582,1058,1381,1703,1705,1577,1539
81,1541,1214,1995,1933,444,861,1156,823,31,498,456,357,1197,8,74,1796,92,1637,1993,35
82,8,35,456,74,498,1197,92,31,1541,1214,1796,1995,357,958,1933,1637,444,861,1993,823
83,444,456,1541,35,1214,8,861,1933,92,823,498,958,74,1197,44,1796,289,2037,1995,1156
84,168,799,1440,327,6,1783,513,1325,171,2034,7,95,1954,1619,1056,1640,2002,973,440,442
85,1640,6,1440,1322,1621,561,1699,475,1144,298,1350,1567,1046,696,1586,1023,1342,698,68,1869
86,958,2037,289,44,1796,456,35,498,8,92,74,31,1197,1993,1637,357,444,1541,1933,861
87,1054,582,1058,1283,1751,1512,1010,1764,1705,1355,414,1281,1806,1539,1833,1149,448,1749,221,711
88,1387,1779,740,117,1951,1009,8,35,456,74,92,1197,498,31,1796,357,1993,1637,1541,444
89,727,1833,221,14,93,1396,852,749,582,376,1577,1054,1751,1705,1856,1512,1721,1283,1725,1281
90,582,1058,1054,1283,1010,1764,1751,1705,1512,1355,414,1806,1149,448,1539,1281,1833,1775,1721,172
91,498,1197,456,8,92,35,74,1796,1637,357,1214,444,31,1541,1993,861,823,1995,1933,958
92,444,456,1541,35,1214,8,861,1933,92,823,498,958,74,1197,44,1796,289,2037,1995,1156
93,727,1833,221,14,93,1396,852,749,582,1577,1054,1751,1705,1856,376,1512,1721,1740,1283,1281
94,727,1833,221,14,1396,93,852,749,1721,1281,582,1749,1751,1856,1058,128,1192,1703,301,1577
95,727,1833,221,14,93,1396,749,852,1281,1856,1749,711,1577,376,1539,1118,1740,1721,1703,1058
96,727,1833,221,14,93,1396,749,852,1281,1749,1577,1539,1118,711,1721,1381,1703,376,1058,1740
97,301,1721,1183,1764,1054,299,1775,1283,1111,763,582,1961,109,727,43,1539,738,712,1010,1058
98,35,8,74,92,456,1796,1197,498,31,357,1637,958,1993,1541,444,289,1995,1933,2037,44
99,727,1833,221,14,93,1396,749,852,1281,376,1749,1577,1856,1539,1118,711,1381,1725,403,1740
100,727,1833,221,14,93,1396,852,749,582,1281,1751,1058,1856,376,1283,1749,1705,1577,1539,1740
101,35,8,74,92,456,1796,1197,498,31,1541,1214,1995,958,1933,357,444,1637,861,823,1993
102,357,498,456,1197,92,8,31,74,1993,35,1637,1796,117,1387,740,1779,1541,444,1951,1995
103,456,8,35,498,74,1197,1541,444,31,2037,1214,958,1796,92,1637,861,823,1933,289,357
104,168,95,7,1783,1727,1325,1975,171,1449,327,852,1512,43,1863,1867,790,541,344,1821,1721
105,1214,444,861,991,1018,823,2068,1541,1933,806,1480,375,944,1718,1995,1156,791,1750,871,1684
106,456,8,35,498,74,1197,1541,444,31,1214,1933,958,1796,92,823,1637,861,357,1995,1993
107,727,1833,221,14,1396,93,749,852,1281,1749,1958,128,1577,1721,1058,1705,1539,1118,711,582
108,727,1833,221,14,1396,93,749,852,1283,1751,1054,582,1058,1705,1764,1512,1355,1010,1577,376
109,1440,1621,1640,1322,1699,6,561,2054,174,1869,1350,1870,799,1022,116,958,513,1783,405,1937
110,7,1783,799,1869,1054,1751,513,327,174,2034,1969,410,1058,171,1588,1281,1384,934,787,1118
111,410,1588,1869,174,870,99,7,327,1284,804,1969,513,1781,1783,1712,298,23,2034,171,1350
112,1322,1640,1783,513,1440,1350,1699,327,561,1621,799,6,171,7,174,410,2034,1869,2054,1937
113,727,1833,221,14,93,1396,749,852,582,1577,1054,1751,1705,1281,376,1749,1512,1721,1283,1058
114,1652,846,942,378,1522,236,1488,990,1770,1276,888,2012,1718,1064,1684,375,806,1480,1750,991
115,1541,1214,444,1933,823,861,1995,1156,1783,799,7,513,958,2034,171,327,1869,174,521,1851
116,1783,513,7,799,171,327,2034,410,1588,1699,1440,1322,6,1621,561,1640,1350,364,870,541
117,1054,1764,582,1058,1283,1010,1751,1512,1705,1355,414,1281,1806,1539,1833,1149,448,1749,221,711
118,1214,444,861,823,1541,1995,1156,1933,456,498,1796,31,92,1197,74,8,357,35,1637,1993
119,727,1833,221,14,93,1396,852,749,1281,582,1058,1705,1186,1577,1749,1751,483,1721,1192,128
120,1214,1541,444,861,1995,1933,456,804,8,823,1156,74,958,31,498,92,1197,1796,35,1567
121,444,456,1541,1214,35,8,861,1933,92,823,498,958,74,1197,44,1796,289,1995,2037,1156
122,1541,444,1995,1933,1214,823,861,1156,35,958,456,498,8,31,92,1796,357,289,74,1993
123,8,35,456,74,92,1197,498,31,1796,357,117,1387,1993,740,1779,1637,1951,1009,1480,2068
124,168,171,1315,1684,1954,912,1783,852,1427,7,91,1325,327,949,1232,799,2034,1372,513,973
125,942,236,1652,378,846,1522,1770,1488,888,2012,990,1276,8,92,357,1350,1214,806,1637,456
126,375,1684,806,1018,1064,1718,944,1750,1133,2068,677,1480,991,791,871,804,1973,1439,870,1898
127,375,1684,806,1018,1064,1718,1133,677,1350,410,1783,942,1652,378,236,944,1750,1770,1937,1276
128,357,92,498,456,8,1796,35,31,1684,1197,74,1637,1064,806,1993,1718,375,1018,958,691
129,1058,1010,1054,582,1283,1705,1751,1764,1512,1355,414,1149,1721,1539,1806,1749,1281,448,1381,1118
130,298,1567,524,113,934,262,195,804,1284,68,1969,1915,23,794,1932,698,1023,1586,1066,1583
131,1350,378,958,1718,2054,846,1652,236,1064,1522,174,991,8,1869,1684,1488,375,791,44,35
132,582,1058,1010,1283,1054,1512,1705,1751,1764,1355,414,1281,1539,448,1149,1749,711,1118,1775,1381
133,591,1447,1284,475,1567,804,1066,68,1144,524,8,1342,1915,465,1586,909,696,117,916,698
134,727,1833,221,14,93,1396,749,852,582,1577,1054,1751,1705,376,1058,1512,1721,1283,1281,301
135,1214,823,444,1995,1022,787,991,195,861,1156,405,1480,1933,1541,1969,791,871,262,2068,934
136,1058,1010,1054,582,1283,1705,1751,1764,1512,1355,414,1281,1539,1149,1721,1806,1749,448,711,1118
137,375,1684,806,1018,1064,1718,1133,677,1214,861,444,456,804,8,74,823,1933,1156,1995,31
138,1381,1749,1118,711,1143,1281,1539,1775,582,1751,1054,1721,1764,1705,1355,1725,1010,1512,1283,1058
139,35,8,74,92,456,1796,1197,498,31,357,1637,958,1993,289,2037,44,1520,819,2054,1869
140,1054,1764,582,1058,1283,1010,1751,1512,1705,1355,414,1281,1806,1539,1833,1149,448,1749,221,711
141,1214,444,1541,1197,1933,1995,74,498,823,31,8,456,1156,861,357,958,117,1779,35,1796
142,117,1387,740,1779,1541,444,1995,1214,1951,861,1933,823,1156,958,1009,1480,456,2068,289,35
143,958,2037,289,44,1796,456,35,498,8,92,74,31,1197,1993,1637,357,1869,174,1056,1541
144,1214,861,2037,444,456,804,8,958,74,823,1933,1156,1995,31,498,92,1197,44,1796,289
145,117,1387,740,1779,1214,861,1951,444,456,804,8,74,823,1933,1156,1009,1995,31,1480,498
146,1541,444,861,958,1214,1933,1156,823,1995,2037,289,44,2054,1350,31,498,456,1869,35,357
147,456,8,35,498,74,1197,1541,444,31,1214,958,1796,92,1637,861,823,1933,357,1995,1993
148,823,861,1214,444,1541,1156,1933,1995,1018,375,1064,1684,806,1718,691,1973,2068,1480,944,991
149,991,944,1480,871,1750,2068,791,1898,2043,729,1064,1800,1684,1108,1275,1844,521,1851,905,806
150,456,8,1541,444,1796,35,1995,31,289,1933,74,1520,823,861,1156,92,958,1197,1214,498
151,942,236,1652,378,846,1522,1770,1488,888,2012,990,1276,8,92,357,1350,1214,806,1637,456
152,1869,1350,174,2054,410,1588,1937,1480,1995,991,444,791,1541,2068,2034,2013,1783,513,870,861
153,1541,1214,1995,958,1933,444,861,823,1156,410,498,74,456,357,92,2054,1588,8,31,1350
154,944,991,1480,2068,1750,871,791,1064,806,1684,1018,1387,1718,375,236,1133,740,1779,357,1522
155,1640,1621,561,1440,1699,6,1322,591,1447,799,1783,513,171,327,7,2034,524,410,1567,1350
156,1058,1010,1054,1283,1705,582,1751,1512,1764,1355,414,1539,1149,1449,1281,1740,1721,376,1118,221
157,357,498,1779,1009,1387,1951,740,456,1197,117,92,8,31,74,1993,35,1637,1796,289,958
158,799,171,7,513,1783,2034,327,410,1588,1350,2054,790,697,1214,1384,582,1541,823,918,1097
159,1764,1054,582,1058,1283,1010,1751,1512,1705,1355,414,1281,1539,1806,1149,1833,448,1749,711,1118
160,301,1721,1183,1961,763,109,727,1111,43,712,1058,1054,1283,582,128,1725,1649,1740,1539,1764
161,1054,582,1058,1283,1751,1010,1512,1764,1705,1355,414,1281,1806,1539,1833,1149,448,1749,221,711
162,456,498,8,1197,35,74,1541,444,31,92,1214,1796,1637,958,357,861,823,1933,1995,1993
163,375,1684,806,1018,1064,1718,1133,677,498,8,1197,1796,92,357,456,31,1637,944,35,1750
164,991,944,1023,1750,791,68,804,1284,1480,995,871,2068,1586,591,677,1932,1144,298,1915,1567
165,958,2037,1214,861,1995,1933,1541,823,444,289,1018,1156,44,1796,456,35,498,1684,375,8
166,727,1833,221,14,1396,93,749,852,1281,1749,711,1958,128,1539,1577,1118,1721,376,1381,1703
167,456,8,35,498,74,1197,1541,444,31,1214,958,1796,92,1637,861,823,1995,1933,357,1993
168,1783,513,1350,327,799,1640,1322,1621,171,6,1699,7,174,410,2034,1440,1869,991,2054,561
169,375,1684,806,1018,1064,1718,1133,677,8,92,35,456,944,1637,1750,357,498,31,1796,991
170,456,8,35,498,74,1197,1541,444,31,1214,958,1796,92,1637,861,823,1933,357,1995,1993
171,498,1197,456,8,92,35,74,1796,1637,357,1214,444,31,1541,1993,861,823,1995,1933,958
172,1214,444,1933,1018,1156,806,861,823,375,1064,1995,1541,1684,1718,1133,677,31,1480,1652,942
173,357,498,456,1197,92,8,31,74,1993,35,1637,1796,1541,444,1995,1933,1779,823,861,1156
174,1541,1214,1995,8,958,1933,444,861,823,498,1156,1993,456,1197,357,1637,92,1796,31,74
175,823,1214,444,1541,861,1995,1156,1933,2054,410,1350,227,1588,1869,991,799,1937,791,2012,1783
176,1541,958,1214,823,2037,1156,861,444,1933,1995,289,1640,1350,44,1796,456,35,498,8,92
177,1541,444,861,958,1214,456,1933,8,1156,35,498,74,823,1197,31,1995,2037,1796,92,1637
178,1350,410,2054,697,799,1621,1783,171,1640,965,2034,1322,7,6,1440,513,1937,327,1588,870
179,958,2037,44,35,456,92,444,8,289,1796,1541,1197,74,1350,31,2054,861,498,1214,357
180,1541,1214,1995,958,1933,444,861,823,1156,498,74,456,357,92,8,31,35,289,2037,1197
181,582,1058,1010,1054,1283,1512,1705,1751,1355,1764,414,1281,1539,1806,448,1149,1749,711,1118,1775
182,1058,1010,1054,1283,1705,582,1751,1512,1764,1355,414,1281,1539,1149,1721,1806,1749,448,711,1118
183,498,1197,456,8,92,35,74,1796,1637,357,1214,444,31,1993,861,1541,823,1933,1995,958
184,1214,1541,444,861,1995,1933,456,804,8,823,1156,74,591,958,31,498,92,1197,1796,1447
185,1054,582,1058,1283,1010,1751,1512,1705,1764,1355,414,1281,1539,1806,1833,1149,448,1749,711,1118
186,456,1214,8,1796,44,2037,861,35,444,1350,31,289,74,1447,1520,804,958,92,823,1933
187,799,1783,171,513,168,7,327,2034,410,268,790,1056,1588,1206,221,1649,440,541,1272,807
188,301,1721,1183,1764,1054,763,1775,1283,128,1961,582,109,727,43,1539,738,712,299,1111,1010
189,1541,444,823,1783,1995,799,171,861,1581,1933,7,1214,410,513,327,1156,791,1480,2034,1973
190,498,1197,456,8,92,35,74,1796,1637,357,1214,444,31,1541,1993,861,823,1995,1933,958
191,1869,174,410,870,99,1284,804,1781,1712,298,524,2059,1350,1588,1567,68,475,1969,995,1586
192,168,1783,799,7,171,327,513,2034,1054,1961,1621,1440,1512,410,6,1381,1325,1183,1640,1649
193,375,1684,806,1018,1064,1718,1387,1133,677,740,1779,1951,117,1009,691,944,1214,1750,444,1624
194,262,195,1969,1384,934,571,23,794,1511,156,799,99,804,870,1567,205,698,1284,327,1032
195,301,1183,1721,1961,712,1283,727,128,1539,1010,1111,1751,109,1775,582,763,1740,1058,1764,1705
196,375,1684,806,1018,1064,1541,1718,1214,823,1156,861,444,1133,677,1933,1995,1640,1350,456,804
197,8,35,456,74,92,1197,498,31,1796,357,1993,1637,117,1779,1995,289,861,1214,823,1009
198,1054,1058,582,1283,1010,1751,1512,1705,1764,1355,414,1281,1539,1806,1833,1149,448,1749,711,1118
199,375,1684,806,1018,1064,991,1541,1718,944,1214,823,1480,2068,1750,1156,861,444,1133,677,871
200,168,171,799,7,712,1325,1954,1512,1783,1054,541,166,1684,327,1727,95,1507,1336,1281,1427
201,1541,1214,823,1156,861,444,1933,1995,1640,1350,8,1783,92,456,35,958,1796,31,1322,1637
202,942,236,1652,378,846,1522,1770,1488,888,2012,990,1276,8,92,357,1018,1684,1350,1214,74
203,1541,444,861,958,1214,1933,1156,823,1995,2037,289,44,2054,1350,1869,35,174,92,456,31
204,456,8,444,35,1541,498,74,1197,1214,1995,31,958,1933,861,1796,92,823,1637,357,1156
205,456,8,1541,444,1796,35,1995,31,289,1933,74,1520,823,861,1156,92,958,1197,1214,498
206,1541,444,1995,1933,823,861,1581,1156,958,1214,456,289,35,1796,8,1993,1197,498,92,1133
207,727,1833,221,14,1396,93,852,749,1281,1749,711,1539,1118,128,376,1058,1381,1703,1705,1577
208,1779,1009,1387,1951,740,117,1197,74,498,31,8,456,357,35,1796,92,1214,1993,1637,591
209,35,8,74,92,456,1796,1197,498,31,357,1637,958,1993,1214,861,289,444,2037,44,804
210,498,1197,456,8,92,35,74,1796,1637,357,1214,444,31,1541,1993,861,823,1995,1933,958
211,823,1214,444,1541,861,1995,1156,1933,1197,74,498,31,8,456,357,117,1779,2054,35,1796
212,1541,1214,1995,958,1933,444,861,456,823,1156,8,1796,35,498,31,74,289,1520,92,1197
213,168,1961,1054,1058,1010,95,1512,582,1751,171,1283,799,1705,221,7,1289,1749,1325,1764,1381
214,174,1969,1869,195,23,794,156,262,934,205,1322,870,99,1588,1541,193,1621,798,444,1350
215,444,861,1541,1995,1214,823,1156,1933,498,1197,456,8,92,35,74,1796,1637,357,1350,2054
216,444,1995,1214,456,958,1933,861,1541,2037,35,92,31,8,1796,823,498,74,1197,289,1156
217,727,1833,221,14,93,1396,749,852,1281,582,1058,1751,1512,1283,1749,1577,1355,1764,1705,1010
218,991,410,1350,791,1869,1480,174,1783,2068,1588,524,2054,944,804,1750,1567,298,1915,1995,444
219,1541,1214,823,1156,861,444,1522,1933,846,942,1995,1652,1640,1350,236,1718,378,1439,8,1064
220,171,799,2034,513,1783,7,327,861,444,823,1933,1156,174,1541,1637,31,35,918,958,1197
221,301,1721,1183,1961,1283,727,109,1958,1539,1010,1751,221,582,712,763,1764,1058,1705,1512,1649
222,301,1721,1183,1283,109,712,582,1961,1751,1010,1054,763,1058,1764,1539,1958,1512,43,1705,1355
223,8,35,456,74,92,1197,498,31,1796,357,1993,1637,1541,444,1995,1933,823,861,1156,958
224,1783,799,2034,513,171,1640,327,7,6,1440,1322,1621,561,1350,1699,475,1144,174,298,1567
225,1387,1779,740,117,1951,1009,456,8,1541,444,1796,35,1995,31,289,1933,74,1520,823,861
226,8,35,456,74,92,1197,498,31,1796,357,691,719,434,1692,963,1624,1993,1637,531,1350
227,168,221,912,95,200,1727,852,1856,670,1286,197,1749,1492,1520,1289,1325,541,575,1697,648
228,727,221,1833,14,1396,93,852,749,1281,1539,1749,1118,1856,128,376,1058,1381,1703,1705,711
229,1541,1214,1995,958,1933,444,861,823,1156,498,74,456,1581,357,92,8,31,35,289,2037
230,727,1833,221,14,93,1396,852,749,1721,1856,376,582,1577,1281,1740,1186,483,1749,1058,1192
231,444,456,1541,35,1214,8,861,1933,92,823,498,958,74,1197,44,1796,289,2037,1995,1156
232,727,1833,221,14,93,1396,852,1283,749,1751,1054,582,1058,1705,1764,1512,1355,1281,376,1010
233,1480,944,1750,991,2068,871,791,236,1684,1064,1018,942,1718,806,375,378,1652,846,1522,1133
234,727,1833,221,14,1396,93,749,852,1281,1749,711,1958,128,1539,1577,1118,1721,582,1740,1751
235,958,2037,289,410,44,1796,456,35,498,8,92,74,31,1197,2054,1588,1350,1993,1637,357
236,582,1058,1010,1283,1054,1512,1705,1751,1355,1764,414,1281,1539,1449,1740,376,1118,221,1381,1749
237,1322,1214,1640,861,444,1440,456,804,8,1699,74,823,1933,1156,561,1621,1995,31,498,92
238,8,498,1993,456,1197,357,1637,92,1796,31,74,35,274,1520,21,1873,1405,670,546,575
239,944,991,1480,1750,2068,791,871,1350,799,2034,513,444,591,2013,1933,1214,1509,1447,174,1712
240,168,1961,171,1325,799,1183,1649,7,763,1954,301,1783,2002,1721,327,1507,852,1427,440,442
241,357,498,456,1197,92,8,31,74,1993,35,1637,1796,117,1387,740,1779,1951,1009,1480,2068
242,944,991,1480,1750,2068,791,871,1973,1439,799,823,1350,1541,861,1156,1783,1214,1404,7,2034
243,1387,1779,740,117,1951,1009,1541,444,1995,1933,823,861,1156,958,1480,1214,456,2068,289,35
244,1054,1058,582,1283,1751,1010,1512,1764,1705,1355,414,1281,1806,1539,1833,1149,448,1749,221,711
245,35,8,74,92,456,1796,1197,498,31,357,1637,958,1214,444,1993,861,1541,289,823,2037
246,1480,944,1750,991,2068,871,791,236,1684,1064,1018,942,1718,806,375,378,1652,1214,861,846
247,301,1721,1183,1283,109,712,582,1751,1010,763,1054,1961,1058,1764,128,727,1539,1958,1512,299
248,168,171,912,95,200,799,1783,7,364,670,2034,1440,327,1286,1325,1492,1520,1727,1289,43
249,444,456,1541,35,1214,8,861,1933,92,823,498,958,74,1197,44,1796,289,2037,1995,1156
250,8,35,456,74,92,1197,498,31,1796,357,1993,1637,1541,444,1995,1933,823,861,1156,958
251,727,1833,221,14,1396,93,852,749,1281,582,1749,1721,1751,1058,1856,1283,128,376,1381,1703
252,513,799,1783,7,171,327,2034,410,1588,444,1214,1541,861,823,1995,870,1350,1781,1937,1156
253,727,1833,221,14,1396,93,852,749,1281,582,1577,1749,1054,1751,1705,376,1512,1539,1118,711
254,301,1721,1183,763,299,1111,128,1961,1283,109,1958,1751,712,1725,727,43,1856,1740,1539,403
255,456,8,35,1541,498,74,1197,1214,1995,444,31,958,1933,861,1796,92,823,1637,357,1156
256,1783,799,823,1214,791,7,1541,444,1995,456,1480,1973,1350,861,1588,2013,1439,171,174,2034
257,168,1149,197,414,1336,1507,1232,200,852,1325,1054,1705,1954,912,1783,1058,840,582,1806,7
258,1054,1764,582,1058,1283,1010,1751,1512,1705,1355,414,1281,1539,1806,1833,1149,448,1749,711,1118
259,1541,444,1995,1933,823,861,1156,958,1214,8,456,117,289,35,1387,1009,1779,74,1197,1796
260,35,8,74,92,456,1796,1197,498,31,357,1637,958,1214,444,1993,861,1541,289,823,2037
261,498,289,92,35,74,357,456,1197,8,2037,262,195,1993,1969,1796,31,44,1384,934,1779
262,1933,1995,1214,1541,444,823,1156,289,861,958,1869,2054,1796,2037,174,92,44,1350,1197,498
263,168,1961,799,1727,1725,171,670,166,1325,513,2034,1783,1183,1649,7,912,197,327,949,763
264,799,1783,171,7,2034,513,327,1541,823,410,444,1214,1995,861,1588,1156,1933,1350,787,870
265,944,1480,991,1684,1750,2068,1064,1018,871,1718,806,791,375,691,719,434,1692,963,1624,531
266,691,719,434,1692,963,1624,531,1350,1541,1933,444,1214,591,2054,1995,861,823,1581,1447,1156
267,944,991,1480,1750,2068,791,871,1214,444,1541,861,1156,823,1933,1995,2012,1718,1522,729,905
268,1350,2054,697,991,1937,2068,1480,1869,1750,791,944,871,174,1447,1621,410,113,591,1870,1969
269,357,498,456,1197,92,8,31,74,1993,35,1637,1796,117,1387,740,1779,1951,1009,1480,2068
270,174,1869,870,1541,1214,1350,1995,958,99,1933,444,861,1969,823,1588,1156,1781,1322,410,23
271,799,513,1783,2037,7,171,44,2054,958,2034,327,1541,1350,444,823,1214,289,1796,861,1156
272,1058,582,1010,1054,1283,1705,1751,1764,1512,1355,414,1149,1721,1539,1806,1749,448,1281,1381,1118
273,1541,1214,444,1933,1018,823,1156,806,861,375,1064,1995,1684,1718,1640,1350,1133,8,92,456
274,498,1197,456,8,92,35,74,1796,1637,357,1214,444,31,1541,1993,861,823,1995,1933,958
275,958,2037,289,44,1018,1796,456,35,498,1684,375,8,1718,92,74,31,1197,806,1064,691
276,1869,410,1350,1588,174,870,2054,991,1522,697,1750,1969,513,1783,1937,327,871,888,1488,791
277,1350,1783,2054,44,2037,7,799,410,171,513,1937,2034,1869,870,1588,99,327,2013,958,35
278,498,1197,456,1541,8,1214,1995,92,958,35,74,1796,1933,1637,444,357,861,823,31,1156
279,357,498,456,1197,92,8,31,74,1993,35,1637,1796,117,1387,740,1779,1951,1009,1480,1214
280,727,1833,14,221,93,1396,852,749,1721,582,1058,1705,1281,1186,1577,1856,483,1749,1192,255
281,174,934,262,195,1869,1969,23,794,410,1783,787,1511,156,1588,7,798,1384,799,2034,513
282,727,1833,221,14,1396,93,749,852,1281,1721,1749,582,1539,1118,711,1381,1856,1058,128,1703
283,1197,958,74,498,31,8,456,2037,444,35,44,1350,357,117,1541,1779,1796,823,289,2054
284,174,1869,1440,1640,1322,1384,1621,2013,561,1022,1969,262,787,405,6,1583,934,1342,1284,193
285,8,35,456,74,92,1197,498,31,1796,357,1993,1637,289,1520,819,958,1405,117,1534,1387
286,1214,444,861,823,1541,1995,1156,498,1933,1197,456,8,92,35,74,1796,1637,357,31,1993
287,168,1149,171,414,912,327,852,1332,712,1406,1054,799,1705,1512,1058,7,541,166,1684,1727
288,301,1721,1183,1961,763,128,109,43,712,299,1111,1058,727,1725,1054,1958,1283,582,1649,1856
289,168,1054,95,1621,1440,1512,6,1381,166,1640,1322,7,1783,852,1705,1010,1751,171,912,671
290,1541,444,861,958,1214,1933,1156,823,1995,2037,289,44,2054,1350,1869,35,174,92,456,31
291,357,498,456,1197,92,8,31,74,1993,35,1637,1541,444,1796,1214,958,861,823,1933,1995
292,727,1833,221,14,93,1396,749,852,1281,376,1539,1577,1856,1749,1118,711,128,1740,1725,1381
293,1058,582,1010,1054,1764,1512,1283,1705,1751,1355,414,1281,1539,1149,1749,448,711,1118,1775,1381
294,1541,1214,1995,1933,444,861,1156,823,1783,799,171,7,410,513,327,791,1480,2034,1973,1588
295,727,1833,221,14,1396,93,852,749,1281,1721,1749,711,1539,1118,582,1740,1856,1058,128,1703
296,799,1783,7,2034,513,327,171,195,798,1969,262,934,1995,1384,861,1541,1712,205,289,1156
297,168,1054,799,1621,1440,1512,1783,513,1381,1325,798,171,7,6,1511,1640,2034,1322,327,193
298,958,444,2037,456,44,1541,35,1214,8,861,1933,92,823,498,74,1197,1796,289,1995,1156
299,1541,1214,1995,958,1933,444,861,823,1156,498,74,456,357,92,8,31,35,2037,1197,1993
300,582,1751,1539,727,1721,1381,1775,1705,1054,1749,1725,1833,1010,1764,1512,1118,1283,711,1058,1856
301,727,1833,14,221,93,1396,852,749,376,1577,1856,1186,1725,483,1749,1281,403,1740,1192,255
302,410,7,1783,171,513,1588,327,2034,799,1869,174,870,1781,787,99,1022,581,2037,444,1322
303,719,1692,531,434,1018,1624,691,1684,375,1718,806,1064,963,1133,677,1480,991,791,823,8
304,861,823,444,1214,1156,1933,1995,1541,375,1018,1718,806,1522,846,942,1064,1684,1652,236,1973
305,799,513,1783,7,171,327,2034,1588,410,174,44,1046,581,1342,1214,934,1719,1447,2059,1781
306,168,1325,912,200,670,671,1286,1725,1492,1520,1289,541,1268,1232,575,197,1697,852,948,711
307,1480,944,991,791,1750,2068,871,375,1439,1684,1018,806,677,1973,804,1214,1064,1350,1718,68
308,1054,1058,582,1283,1010,1751,1512,1705,1764,1355,414,1281,1539,1806,1833,1149,448,1749,711,1118
309,168,1381,798,171,7,1511,1783,197,2034,327,193,1325,262,91,1727,1749,1440,949,1954,794
310,1764,582,1054,1058,1283,1010,1751,1512,1705,1355,414,1281,1539,1149,448,1833,1749,711,1118,1775
311,35,8,823,74,92,1214,456,1796,1197,444,498,1541,31,861,1995,1156,1933,357,1637,958
312,944,991,2068,1750,791,1480,871,1973,1439,1404,378,444,1718,846,1214,1652,236,1350,1064,1522
313,1541,444,861,958,1214,1933,1156,823,1995,2037,289,44,2054,1640,1350,8,92,456,35,1869
314,8,92,1796,1350,1197,498,1637,456,357,1993,2054,31,74,35,1447,1937,804,591,475,113
315,444,861,1541,1995,1214,823,1156,1933,958,2037,1350,2054,289,8,456,44,1869,1796,74,498
316,498,1197,456,1541,8,1214,1995,92,958,35,74,1796,1933,1637,444,357,861,823,31,1156
317,727,1833,221,14,1396,93,852,749,1281,1539,1856,376,1749,1118,582,711,1577,128,1740,1381
318,727,1833,221,14,93,1396,749,852,1281,1539,1749,1577,1118,1856,128,376,1381,1703,711,1721
319,691,719,434,1692,963,1624,1214,531,1933,1995,1156,861,823,1064,591,1541,1718,444,1197,1018
320,357,498,456,1197,92,8,31,74,1993,35,1637,1796,1779,1009,117,1387,740,289,958,1951
321,1387,1779,740,117,1951,1009,456,8,1796,35,31,289,74,1520,92,1197,498,819,1993,1637
322,410,1588,174,1869,870,99,7,327,1969,513,1783,23,2034,171,1350,1522,794,156,934,262
323,8,1933,444,1541,498,1214,823,1993,1197,456,357,958,74,1637,1995,92,31,1796,35,861
324,991,1750,944,871,2068,1480,791,1851,1898,1793,729,1108,839,594,1800,2043,1219,122,1844,905
325,1054,1058,1010,582,1283,1705,1751,1512,1764,1355,414,1149,1281,1806,1539,1721,1833,448,1749,1381
326,168,1961,95,799,1727,1725,171,670,166,1325,513,2034,1783,7,912,197,327,949,1268,948
327,498,1197,456,8,92,35,74,1796,1637,357,1214,444,31,1541,1993,861,823,1995,1933,804
328,168,1381,1954,798,171,7,1725,1232,1511,1783,327,193,1325,262,91,684,1749,1961,794,799
329,1869,174,410,1350,1581,2054,35,1588,289,870,1783,1541,697,1712,171,1781,327,1796,995,591
330,174,1869,410,1621,1588,1783,99,804,1322,513,581,171,870,1781,698,1699,68,262,799,1023
331,991,1480,944,2068,1750,871,791,1018,1064,1684,375,806,1718,1133,677,1898,1851,236,823,227
332,1783,799,513,2034,171,7,327,410,1588,1350,870,727,1719,1933,1869,221,2054,1214,498,1621
333,1214,444,1995,1541,1156,861,823,1933,498,92,456,74,1197,357,35,31,1637,8,1796,958
334,498,1197,456,8,92,35,74,1796,1637,357,1214,444,31,1993,861,1541,823,1933,1995,958
335,168,200,1054,912,1058,670,1010,95,731,1512,582,1751,1873,546,1325,1520,1283,575,197,1705
336,1541,444,1995,1933,823,861,1156,958,1214,456,498,92,289,35,74,1796,1197,8,357,1993
337,958,2037,289,44,1796,456,35,498,8,92,74,1214,31,861,1197,444,1156,1933,1995,823
338,168,1961,95,1512,197,2034,1325,171,541,1440,949,513,221,799,1783,648,582,166,952,7
339,1541,1214,1995,958,1933,870,444,1869,944,861,823,1156,991,1522,174,1588,498,74,456,1350
340,35,8,74,92,456,1796,1197,498,31,357,1637,1993,958,1214,444,861,1541,289,823,2037
341,498,1197,456,8,92,35,74,1796,1637,357,1214,444,31,1541,1993,861,823,1995,1933,958
342,92,8,456,1541,444,1995,1214,1993,677,759,498,861,1933,823,1018,1156,958,1637,806,1064
343,35,8,74,92,456,1796,1197,498,31,1541,1214,1995,958,1933,357,444,1637,861,823,1993
344,357,498,1779,1009,1387,1951,740,456,1197,117,92,8,31,74,1993,35,1637,1796,1480,2068
345,1054,1058,582,1283,1010,1751,1512,1764,1705,1355,414,1281,1539,1806,1833,1149,448,1749,711,1118
346,1214,444,861,823,1541,1995,1156,1933,456,498,1796,31,92,1197,74,8,357,35,1637,958
347,117,1387,740,1779,1951,1009,1480,1684,1064,806,2068,92,31,1718,375,1796,8,958,74,456
348,991,944,1480,871,1750,2068,791,1869,410,1684,1898,2043,1350,729,1588,1064,1800,806,1108,1275
349,168,1440,327,6,1783,171,912,1325,1512,799,1332,1406,95,541,1619,7,221,670,648,582
350,806,1064,1684,944,1750,2068,1480,375,991,1018,1718,791,677,871,1133,498,8,1197,1796,92
351,942,236,1652,378,846,1522,1770,1488,888,2012,990,1276,8,92,1480,944,357,871,991,1350
352,582,1054,1283,1058,1751,1010,1705,1355,1512,1764,414,1806,448,1149,1783,1281,697,1833,1721,1350
353,357,498,1387,1779,740,117,456,1197,1951,92,8,31,1009,74,1993,35,1637,1796,289,1520
354,375,1684,806,1018,1064,1541,1718,1214,823,1156,861,444,1133,677,1933,1995,1640,1350,8,92
355,727,1833,221,14,93,1396,852,749,1281,582,1751,1058,1749,711,1856,1539,1118,1283,1705,1577
356,1054,1058,1764,1010,582,1283,1705,1751,1512,1355,414,1149,1281,1806,1539,1721,1833,448,1749,1381
357,456,8,35,498,74,1197,1541,444,31,1214,958,1796,92,1637,861,823,1933,357,1995,1993
358,498,1197,456,1541,8,1214,1995,92,958,35,74,1796,1933,1637,444,357,861,823,31,1156
359,1387,1779,1009,740,117,1951,1197,74,498,31,8,456,357,35,1796,92,1214,1993,1637,444
360,1779,1009,1387,1951,740,117,1541,444,1995,1933,823,861,1156,958,1214,456,289,35,1796,591
361,168,200,912,670,731,1873,546,1325,1520,575,1783,1557,1405,1406,95,1684,799,274,1000,819
362,1783,799,513,171,7,2034,327,1214,823,1156,1541,444,861,1933,1995,410,1588,1350,2054,1869
363,727,1833,221,14,93,1396,749,852,1281,582,1058,1751,1512,1283,1577,1355,1764,1705,1958,1749
364,168,221,1381,571,1727,798,171,852,7,1856,1511,794,195,1783,193,327,197,1749,1325,262
365,168,171,1381,571,95,798,799,1783,7,364,1511,794,195,193,2034,1440,327,1325,262,91
366,727,1833,14,221,93,1396,852,749,1281,1539,1749,1118,1856,711,376,128,1186,1381,483,1058
367,727,1833,221,14,93,1396,749,852,1721,1281,1577,1749,582,1186,1856,483,1703,376,1058,1740
368,357,498,456,1197,92,8,31,74,1993,35,1637,1796,1541,444,1995,1933,1779,823,861,1156
369,498,1197,456,8,92,35,74,1796,1637,357,1214,444,31,1541,1993,861,823,1995,1933,958
370,1933,1995,1214,1541,444,823,1156,289,861,958,498,1869,2054,1796,2037,174,92,44,456,35
371,444,861,1541,1995,1214,823,1156,1933,958,2037,1350,2054,8,456,289,44,1869,1796,74,35
372,1541,444,861,958,1214,1933,1156,823,1995,2037,289,44,2054,1350,1869,35,174,456,92,31
373,991,944,2068,871,410,1750,168,1588,791,1480,513,1783,1439,172,697,839,327,171,1581,1851
374,991,944,1750,1480,2068,871,791,1541,1214,1995,958,1933,444,861,823,1156,1851,498,74,456
375,301,1721,1183,712,1283,1923,1054,128,43,1751,1512,1355,763,1010,582,1705,727,1396,1961,1958
376,727,1833,221,14,1396,93,852,749,1281,1749,1721,711,1539,1118,128,376,582,1381,1703,1740
377,444,456,1541,35,1214,8,861,1933,92,823,498,958,74,1197,44,1796,289,2037,1995,1156
378,823,861,1214,444,1541,1156,1933,1995,1018,375,958,1064,1684,806,1718,498,74,1973,456,2068
379,95,1396,1775,221,1705,1283,1355,1054,1058,1143,711,1118,1764,582,1751,1281,376,1010,1512,1958
380,861,444,1541,1214,1933,1995,958,823,1156,498,74,456,117,1009,1387,357,740,92,1779,8
381,944,991,1480,2068,1750,871,791,1214,444,1064,1541,806,1684,1018,861,823,1933,375,1718,1156
382,727,1833,221,14,1396,93,749,852,376,1721,1281,1577,1958,128,1749,1856,582,1725,1751,403
383,117,1387,456,740,1779,8,1541,444,1796,35,1951,1995,31,289,1933,74,1520,823,861,1156
384,958,697,456,31,1350,1796,92,498,74,35,8,1480,357,991,1197,1637,1621,2068,1993,2054
385,942,236,1652,378,846,1522,1770,1488,888,2012,990,1276,8,92,357,1018,1684,1350,1214,74
386,1058,1010,582,1054,1512,1705,1283,1764,1355,1751,414,1281,1539,1449,1740,376,1118,221,1381,1749
387,168,1961,1954,171,1725,1232,799,1325,1183,1649,7,763,301,1783,2002,1476,1721,327,1507,852
388,1783,799,7,327,513,1869,2034,171,174,1350,2037,1581,1284,44,1541,591,1342,1933,255,68
389,444,456,1541,35,1214,8,861,1933,92,823,498,958,74,1197,44,1796,289,2037,1995,1156
390,301,1183,1721,1764,1961,1054,763,1775,1283,109,582,727,1539,738,1010,1649,1705,1740,1749,1058
391,8,35,456,74,444,92,1197,498,31,1796,357,1541,1214,1993,861,1933,823,958,1637,44
392,168,1961,95,171,912,327,197,2034,1332,1406,799,1325,1440,949,7,513,670,1619,1783,541
393,168,171,513,1783,799,852,14,93,327,7,2034,541,1054,221,1507,1833,1621,364,1440,727
394,991,1750,944,1480,791,2068,871,1541,1214,1995,958,1933,444,861,823,1156,1447,68,804,909
395,942,236,1652,378,846,1522,1770,1488,888,2012,990,1276,8,92,357,1350,1214,806,1637,456
396,168,571,1325,1783,794,195,193,1511,799,1000,852,1684,171,1336,1954,934,91,1557,262,1406
397,1214,861,1995,444,1933,1541,823,1156,498,456,35,31,8,357,1796,1197,1993,958,92,1637
398,456,8,35,498,74,1197,1541,444,31,1214,958,1796,92,1637,861,823,1933,357,1995,1993
399,444,456,1541,861,35,1214,8,1933,823,92,498,958,74,1197,1156,1995,44,1796,289,2037
400,168,949,171,197,1315,1336,1507,1232,200,1325,1954,541,912,1619,1054,1520,1783,1427,7,1533
401,1541,1214,1995,823,444,1933,861,1156,92,31,1796,456,35,8,498,1197,958,357,1640,74
402,1969,798,195,513,934,571,1783,156,794,262,799,1384,327,1869,1511,697,171,23,193,205
403,174,1869,870,410,99,1541,444,1781,1350,1995,1933,823,861,1156,958,581,1588,787,1214,1712
404,513,1783,327,799,2034,7,1588,171,410,1350,174,870,1869,524,1969,804,1567,298,99,2054
405,991,944,1480,2068,1750,1064,871,791,1684,1692,1133,375,719,691,963,434,806,531,1018,498
406,1214,1933,1480,444,1541,823,861,839,759,1995,1592,2043,528,991,1156,1684,1898,729,791,621
407,1058,582,1010,1054,1283,1512,1705,1764,1355,1751,414,1281,1539,1806,448,1749,711,1118,1775,1149
408,934,1588,1384,174,44,740,117,410,1581,23,1387,262,7,798,195,205,1869,958,1779,1541
409,168,1149,1961,414,171,513,852,1783,541,1054,1705,95,1058,949,1325,840,582,1806,1684,327
410,301,1721,1183,1283,109,712,582,1961,1751,1010,1054,763,1058,1764,727,1111,1539,1958,1512,43
411,456,8,35,498,74,1197,1541,444,31,1214,958,1796,92,1637,861,823,1933,357,1995,1993
412,1387,1779,1009,740,117,1951,1541,444,1995,1933,823,861,1156,958,1214,456,289,35,1796,8
413,1783,799,513,2034,327,171,168,1447,7,6,852,609,1192,1322,14,613,790,93,440,410
414,456,498,8,1197,35,74,1541,444,31,92,1214,1796,1637,958,357,861,823,1933,1995,1993
415,1214,1156,861,444,1522,846,942,1541,1995,1933,823,1652,236,1718,378,1439,1064,991,1973,806
416,456,8,1541,444,1796,35,1995,31,289,1933,74,1520,823,861,1156,92,958,1197,1214,498
417,1541,1214,1995,958,1933,444,861,823,1156,498,74,456,357,92,8,31,35,289,2037,1197
418,958,1995,1214,2037,444,1933,861,1541,92,31,1796,456,35,8,823,498,1197,1156,357,289
419,498,1197,456,8,92,35,74,1796,1637,357,1214,444,31,1993,861,1541,823,1933,1995,804
420,498,1197,456,8,92,35,74,1796,1637,357,1214,444,31,1993,861,1541,823,1933,1995,958
421,727,1833,221,14,93,1396,852,749,582,376,1577,1054,1751,1705,1856,1512,1721,1740,1283,1725
422,799,513,1783,2037,7,171,44,2054,958,2034,327,1541,1350,444,823,1214,289,1796,861,1156
423,7,1783,171,513,327,2034,799,168,410,1588,1350,2054,1869,1581,174,1937,1046,44,1719,1712
424,1541,1214,1995,958,1933,444,861,823,1156,498,74,456,357,92,942,1770,1652,870,8,31
425,168,1440,1961,327,6,1783,1325,1183,1649,171,799,763,95,301,1619,2002,1721,1507,852,1954
426,456,8,35,498,74,1197,1541,444,31,1214,958,1796,92,1637,861,823,1933,357,1995,1993
427,1054,1764,582,1058,1283,1010,1751,1512,1705,1355,414,1281,1806,1539,1833,1149,448,1749,221,711
428,1214,1541,1995,1156,958,861,1933,444,823,1522,846,942,1652,236,498,74,456,1480,1718,378
429,456,8,35,1541,498,74,1197,1214,1995,444,31,958,1933,861,1796,92,823,1637,357,1156
430,2037,1751,44,2054,958,1541,440,1350,444,1764,255,1512,823,1010,1054,1214,289,1192,582,1796
431,301,1721,1183,299,1111,763,1961,109,43,712,1058,727,1054,1958,1283,582,128,1725,1764,1740
432,456,8,35,498,74,1197,1541,444,31,1214,958,1796,92,1637,861,823,1933,357,1995,1993
433,498,1197,456,1541,8,1214,1995,92,958,35,74,1796,1933,1637,444,357,861,823,31,1156
434,1214,444,861,823,1541,1995,1156,498,1933,1197,456,8,92,35,74,1796,1637,357,31,1993
435,168,2034,171,1325,95,799,1783,7,1727,91,852,952,442,513,327,790,1512,541,1507,1232
436,1764,582,1054,1058,1283,1010,1751,1512,1705,1355,414,1149,448,1833,1806,1539,1281,1775,1721,221
437,1387,1779,740,117,1951,1009,1197,74,498,31,8,456,357,35,1480,1796,92,1214,1993,2068
438,301,1721,1183,1961,763,299,712,1111,109,128,1775,1958,1740,43,1725,727,1649,1577,376,1583
439,357,498,456,1197,92,8,31,74,1993,35,1637,1541,444,1796,1214,958,861,823,1933,1995
440,301,1721,1183,299,1111,763,1961,109,727,712,1958,1740,1725,43,1539,1577,1856,376,128,1649
441,727,1833,221,14,93,1396,749,852,582,1281,1577,1751,1054,1058,1705,376,1856,1283,1749,1512
442,861,444,1541,1214,1933,823,1156,1995,1197,74,498,31,8,456,357,117,1779,35,1796,92
443,7,1783,171,513,327,2034,799,698,1586,1567,1023,475,1342,68,2059,1066,298,909,465,174
444,1214,444,861,823,1541,1995,1156,1933,958,2037,456,498,1796,289,31,92,1197,44,35,74
445,991,1750,944,1480,791,2068,871,1214,1447,68,804,444,909,1541,861,591,1023,823,1932,1350
446,375,1684,806,1018,1064,1718,1133,677,1214,861,444,456,804,8,74,823,1933,1156,1995,31
447,168,221,95,1727,852,1856,197,2034,1749,1325,171,1440,949,513,799,648,1783,1381,1507,952
448,168,949,1325,171,1727,1954,541,1619,1054,1232,1520,1320,1649,1507,2070,1725,1961,1449,1749,197
449,35,8,74,92,456,1796,1197,498,31,357,1637,958,1214,444,1993,861,1541,289,823,2037
450,727,1833,221,14,93,1396,749,852,1281,1539,1749,711,1118,1856,376,128,1740,1381,1058,1577
451,444,1541,861,1214,1995,1156,823,1933,958,92,31,1796,456,35,8,2037,1522,846,498,942
452,1541,1214,823,444,1156,861,1933,1995,1640,1350,8,92,456,35,958,1796,31,1322,1637,1440
453,95,1775,1705,1283,1355,1054,1058,1143,711,1118,1764,582,1751,1396,1281,1010,1512,1958,1381,1721
454,456,8,35,498,74,1197,1541,444,31,1214,958,1796,92,1637,861,823,1933,357,1995,1993
455,168,1054,1961,1621,1440,1512,6,1381,1325,1183,1640,1649,1322,763,712,1705,301,1010,1751,2002
456,498,1197,456,958,8,2037,92,35,74,1796,1637,357,1214,444,31,1993,861,1541,289,823
457,727,1833,221,14,1396,93,749,852,1283,1751,1054,582,1058,1281,1705,1764,1512,1355,1010,1749
458,799,513,1783,7,171,2034,327,1350,410,1541,870,113,289,1588,99,2013,958,444,1214,804
459,1541,1214,823,1156,861,444,1933,1995,1640,1350,8,92,456,35,958,498,1796,1197,31,1322
460,727,1833,14,221,93,1396,852,749,1186,483,1749,1281,1192,255,128,582,1703,301,1283,609
461,944,1214,1156,991,117,861,1387,444,2068,1522,846,1480,942,1541,740,1779,1750,1995,871,1933
462,8,35,456,74,92,1197,498,31,1796,357,1993,1637,289,1520,819,958,1405,1534,65,670
463,958,2037,1933,444,1541,1214,823,289,44,1995,1796,456,35,498,8,861,92,74,31,1197
464,806,1064,1684,944,1750,2068,1480,375,991,1018,1718,791,677,871,1133,804,1973,1439,870,691
465,582,1010,1283,1054,1751,1058,1764,1705,1355,1512,414,1539,1449,1281,1740,376,1118,221,1381,1749
466,174,1869,870,1541,1214,1350,1995,958,99,1933,444,944,861,1969,823,1588,1156,991,1781,1322
467,168,1149,414,1325,513,852,171,1783,1054,1705,95,1058,840,582,1806,327,799,1010,1954,1665
468,168,1054,221,1440,327,1621,6,1512,1783,1727,852,1381,1856,1325,1640,1322,171,799,197,1749
469,168,1325,95,671,1725,1727,1268,1289,1232,197,541,1320,1520,711,852,2070,952,648,794,790
470,1541,1933,1214,444,823,1995,861,1156,958,289,31,1637,1197,92,456,8,35,1993,1350,1796
471,168,1149,197,414,1336,1507,1232,200,1520,852,1325,1054,1705,912,1058,2070,1954,1512,840,582
472,727,1833,14,221,93,1396,852,749,1058,1705,1186,1577,582,483,1749,1281,1192,255,376,1740
473,444,861,1541,1995,1214,823,1156,1933,1869,195,410,934,1350,1969,2054,1384,958,8,1588,456
474,1214,444,861,823,1541,1995,1156,1933,456,498,1796,31,92,1197,74,8,357,35,1637,1993
475,456,8,1796,35,31,289,74,1520,92,1197,498,819,1993,1637,958,1405,1534,357,65,670
476,498,1197,456,1541,8,1214,1995,92,958,35,74,1796,1933,1637,444,357,861,823,31,1156
477,1764,1054,582,1058,1283,1010,1751,1512,1705,1355,414,1806,1149,1833,448,1281,591,1539,221,944
478,1058,1764,1054,1010,582,1283,1705,1751,1512,1355,414,1281,1539,1149,1721,1806,1749,1833,448,711
479,168,861,1541,823,444,1214,1995,1933,1156,1350,1853,958,1783,799,2054,498,7,1581,8,1937
480,95,1775,1143,1705,1856,1283,1054,711,1118,1010,881,1725,1355,1751,1058,1958,582,1539,1923,1721
481,168,200,912,670,731,1873,546,1325,1520,575,1557,1512,1405,513,1406,95,171,1783,852,541
482,498,1197,456,8,92,35,74,1796,1637,357,1214,444,31,1541,1993,861,823,1995,1933,958
483,168,949,171,912,327,1332,1406,1325,799,1954,541,1975,1619,7,1054,1232,1449,670,1520,1783
484,498,1197,456,8,1214,92,35,74,1796,1637,357,444,861,1995,31,1993,1541,1933,823,1156
485,168,171,1783,799,1512,7,1325,1954,541,1000,95,221,327,1684,648,582,1336,166,91,440
486,168,2034,912,171,1325,200,799,670,327,1783,7,1286,1332,1406,1492,1520,1289,541,91,575
487,174,1869,870,410,99,1781,1350,581,1588,787,1712,1322,1022,958,1969,405,2054,1621,2013,444
488,1541,1214,1995,1933,444,861,1156,823,958,31,1637,1197,92,456,8,35,1993,1796,74,498
489,1214,444,861,823,1541,1995,1156,1933,456,498,1796,31,92,1197,74,8,357,35,1637,1993
490,35,8,74,92,456,1796,1197,498,31,1995,2037,1214,444,1933,861,1541,357,1637,958,823
491,1869,456,8,35,498,1783,74,1197,513,1541,444,31,1214,410,944,1588,958,7,2034,1796
492,168,799,1149,1783,513,1325,171,414,2034,7,1520,852,327,1054,95,1705,1058,912,2070,200
493,8,1933,444,1541,498,1214,823,1993,456,1197,357,958,1637,1995,92,1796,31,74,861,1156
494,301,1721,1183,1961,763,109,1283,1958,1751,712,1725,299,1649,43,403,200,1010,1054,912,671
495,168,1961,95,171,513,1783,541,852,1325,949,1684,327,799,1954,344,1054,1211,1010,1512,1725
496,498,444,1197,456,8,92,1541,35,74,1796,1637,1214,357,861,1933,823,958,31,1993,44
497,498,1197,456,958,8,2037,92,35,74,1796,1637,357,1214,444,31,289,1993,861,1541,44
498,456,8,1796,44,2037,35,1350,31,289,74,1447,1520,958,92,591,1197,498,819,1993,1637
499,1541,1783,799,823,410,171,444,1214,513,1995,7,2034,861,327,1588,1156,1933,1350,787,870
500,799,513,1783,7,171,2034,327,410,1588,444,1214,1541,861,823,1995,870,1350,1781,1937,1156
501,1541,1214,1995,958,1933,444,861,823,1156,498,74,456,357,92,8,1197,1796,31,35,289
502,1054,1058,1010,582,1283,1705,1751,1512,1764,1355,414,1149,1281,1806,1539,1721,1833,448,1749,1381
503,991,804,1750,944,2068,1480,1541,444,791,113,1284,871,1995,1933,823,861,1156,958,1567,1214
504,1214,861,444,456,804,8,74,823,1933,1156,1995,31,498,92,1197,1684,1796,1541,35,1567
505,1541,1214,823,1156,861,444,1933,1995,1640,1350,8,92,456,35,958,1796,31,2013,1322,1637
506,375,1684,806,1018,1064,1718,1133,677,498,8,1197,1796,92,357,456,31,1637,1480,944,35
507,691,719,434,1692,963,1624,531,2054,1350,410,2037,1783,171,44,1214,591,958,1588,35,1541
508,456,8,35,498,74,1197,1541,444,31,1214,958,1796,92,1637,861,823,1933,357,1995,1993
509,1058,582,1010,1054,1764,1512,1283,1705,1751,1355,414,1281,1539,1449,1740,376,1118,221,1381,1149
510,991,1480,1750,944,2068,871,791,1214,444,1933,1018,823,1156,806,861,375,1064,1995,117,1387
511,1933,444,1541,174,1350,1869,823,1969,1214,1640,861,1322,918,794,1783,799,1995,171,798,1511
512,35,8,74,92,456,1796,1197,498,31,1541,444,357,1214,958,1637,1993,861,823,1933,1995
513,375,1684,806,1018,1064,1718,1133,677,8,74,498,456,31,691,92,1197,357,944,1750,1993
514,498,1197,456,8,92,35,74,1796,1637,357,1214,444,31,1993,861,1541,823,1933,1995,958
515,727,1833,221,14,93,1396,749,852,582,1577,1054,1751,1705,1281,376,1749,1512,1721,1283,1058
516,727,1833,221,14,93,1396,852,749,582,1281,1539,1577,1054,1751,1705,376,1749,1118,1856,1512
517,1541,444,1995,1933,823,861,1156,958,1214,8,456,1640,289,35,591,74,1197,1796,31,92
518,1480,944,991,791,1750,2068,871,375,1439,1684,1018,806,677,1973,804,1214,1064,1350,1718,68
519,8,35,456,74,92,1197,498,31,1796,357,1993,1637,1541,444,1995,1933,823,861,1156,958
520,174,1869,171,1322,1640,410,1783,1350,327,1440,1621,7,2054,799,1969,513,6,561,1699,1588
521,727,1833,221,14,1396,93,852,749,1281,1749,1721,582,128,376,1381,1703,1539,711,1577,1751
522,117,1387,740,1779,1197,74,498,1951,31,8,456,357,1009,35,1480,1796,92,1214,1993,2068
523,168,1961,197,1783,1325,1183,1649,1336,1507,1232,200,763,301,912,2002,799,1000,1954,1054,1721
524,357,498,456,1197,92,8,31,74,1993,35,1637,1796,289,1520,1779,1009,117,819,958,1405
525,498,1197,456,8,92,35,74,1796,1637,357,1214,444,31,1541,1993,861,823,1995,1933,958
526,498,1197,456,1541,8,1214,1995,92,958,35,74,1796,1933,1637,444,357,861,823,31,1156
527,456,8,1995,35,498,1214,74,1197,444,1541,1933,31,861,92,958,1796,1637,823,357,1156
528,1214,861,444,456,804,8,74,823,1933,1156,1995,31,498,92,1197,1796,1541,35,1567,113
529,1779,1009,1387,1951,740,117,8,35,456,74,92,1197,498,31,1796,357,1993,1637,1541,444
530,174,934,1969,1869,1588,1384,44,740,117,410,794,23,798,1387,1511,195,262,7,697,1022
531,498,1197,456,8,92,35,74,1796,1637,357,1214,444,31,1993,861,1541,823,1933,1995,958
532,1933,1995,1214,1541,444,823,1156,289,861,958,498,74,456,357,92,1869,8,2054,31,1796
533,727,1833,221,14,93,1396,852,749,1281,1749,711,1539,1118,582,1186,1740,1751,483,1721,1192
534,1387,1779,1009,740,117,1951,861,357,934,1933,1197,444,1214,1018,1684,92,74,31,1993,1995
535,1541,823,1214,861,1995,444,1933,1156,799,870,1783,1350,174,513,7,2034,1869,171,99,581
536,8,35,456,74,92,1197,498,31,1796,357,1993,1637,289,1520,819,958,1405,1534,65,670
537,1541,1214,1995,958,1933,444,861,456,823,1156,8,1796,35,498,31,74,289,2037,1520,44
538,823,861,1214,444,1541,1156,1933,1995,1018,375,1064,1522,1684,806,846,942,1718,1652,236,1973
539,1541,806,1214,823,1064,1684,1156,861,944,444,1750,2068,1480,1933,375,991,1018,1995,1718,791
540,1541,1214,1995,958,1933,444,861,823,1156,498,74,456,2043,357,729,92,1898,759,8,839
541,942,236,1652,378,846,1522,1770,1488,1480,888,944,1750,991,2068,2012,990,1276,871,791,1684
542,498,1197,456,1541,8,1214,1995,92,958,35,74,1796,1933,1637,444,357,861,823,31,1156
543,727,1833,221,14,93,1396,749,852,1281,1749,1856,376,1539,1118,1577,711,1740,1381,1721,128
544,1541,806,1214,823,1064,1684,1156,861,944,444,1750,2068,1480,1933,375,991,1018,1995,1718,791
545,727,221,1833,14,93,1396,852,749,1281,376,1749,1577,1856,128,1381,1703,1539,711,1725,582
546,1541,1214,444,1933,823,861,1995,1156,958,31,35,456,92,74,8,591,113,1796,1993,289
547,1541,1214,1995,958,1933,444,861,823,1156,498,74,456,357,92,8,31,35,2037,870,1197
548,727,1833,221,14,93,1396,852,749,1281,1749,711,1577,1539,1118,582,1721,1740,1751,1703,376
549,456,8,35,498,74,1197,1541,444,31,1214,958,1796,92,1637,861,823,1933,357,1995,1993
550,727,1833,221,14,1396,93,852,749,1281,582,1749,1751,1721,128,1192,301,1703,711,1958,403
551,1214,444,861,823,1541,1995,1156,1933,958,2037,456,498,1796,31,92,44,1197,289,74,8
552,727,1833,221,14,1396,93,852,749,1281,1749,711,1539,1118,582,1740,1751,1721,128,1192,1058
553,168,912,95,200,171,799,670,7,1286,1325,1492,1520,1289,1954,1727,1783,541,575,1697,327
554,1869,410,1350,1588,174,870,2054,1522,697,1969,513,1783,1937,327,1480,888,1488,942,1440,2034
555,1541,1214,823,1156,861,444,1933,1995,1640,1350,8,92,456,35,958,1796,31,498,1322,1637
556,168,1961,95,171,197,799,1336,1507,1232,7,200,1325,1954,912,1783,1054,327,1533,1975,1520
557,1541,444,1197,958,74,498,31,1995,8,456,1933,2037,35,44,1350,823,861,1156,357,117
558,2043,729,991,1898,759,839,1851,444,2068,594,528,1800,1108,1793,1219,679,1480,1255,122,1844
559,944,991,1480,1750,2068,791,871,1973,1439,799,823,1350,1541,861,1156,1783,1214,1404,7,2034
560,444,456,1541,35,1214,8,861,1933,92,823,498,958,74,1197,44,1796,289,2037,1995,1156
561,1541,444,1995,1933,823,861,1156,1783,958,171,799,1214,513,7,456,2034,327,274,289,1520
562,944,991,1480,1750,2068,791,871,1973,1439,799,823,1350,1541,861,1156,1783,1214,1404,7,2034
563,727,1833,221,14,93,1396,852,749,1281,1577,1749,582,1058,1705,1721,1751,1703,376,1740,128
564,498,1197,456,1541,8,1214,1995,92,958,35,74,1796,1933,1637,444,357,861,823,31,1156
565,498,1197,456,8,92,35,74,1796,1637,357,1214,444,31,1993,861,1541,823,1933,1995,958
566,1541,444,1995,1933,823,861,1581,1156,958,1214,456,289,35,1796,8,1993,1197,498,92,31
567,301,1721,1183,763,128,1961,1283,1958,727,1111,299,1751,1725,109,712,1740,1856,1539,1577,43
568,1541,1214,1995,958,1933,444,861,456,823,1156,8,1796,35,498,31,74,289,1520,92,1197
569,168,1149,171,1315,414,1325,852,1054,1705,912,1058,840,582,1806,1783,1427,7,1010,1665,91
570,8,35,456,74,92,1197,498,31,1796,357,691,719,434,1692,963,1624,1993,1637,531,591
571,1692,1541,434,1214,1995,691,958,1933,444,719,861,823,1156,1624,963,498,74,456,92,531
572,301,1721,1183,1961,763,109,43,712,1058,727,1054,1283,582,128,1725,299,1649,1764,221,1751
573,1783,799,513,171,7,2034,327,410,1588,1699,1214,823,1322,1581,1640,1440,1933,1350,444,1541
574,456,8,944,35,1541,498,74,1197,1214,1995,444,31,958,991,1933,861,1796,92,2068,823
575,991,944,1023,1750,791,68,804,1284,1480,995,871,2068,1586,591,677,1932,1144,298,1915,1567
576,1933,861,444,1995,1214,823,1541,1156,434,1350,691,1197,719,92,963,1692,8,456,1624,2013
577,1783,7,799,171,513,2034,327,410,1588,1581,677,174,823,1133,861,1712,870,1541,1995,2054
578,1718,806,1018,1684,375,1064,8,92,35,456,1480,1637,357,498,31,1750,1796,804,991,113
579,1933,861,444,1995,1214,823,1541,1156,31,498,456,357,1197,8,434,74,1796,92,1637,1993
580,1054,1751,1058,1764,1355,1010,582,1705,1512,1283,1539,1281,1118,1775,1749,711,1865,1381,1721,1143
581,410,7,1783,171,513,1588,327,2034,799,1869,174,870,1781,787,99,1022,581,2037,444,1322
582,1541,1214,1995,958,1933,444,861,823,1156,498,74,456,357,92,8,31,35,2037,1197,1993
583,942,236,1652,378,846,1522,1770,1488,888,2012,990,1276,8,92,357,2043,729,1350,1214,1898
584,444,456,8,1541,35,1214,861,1933,92,498,823,958,74,1197,1993,44,1796,289,357,1637
585,942,236,1652,378,846,1522,1770,1488,1480,888,944,1750,991,2068,2012,990,1276,871,791,1684
586,8,35,456,74,92,1197,498,31,1796,357,1993,1637,289,1520,117,1779,819,958,1214,1009
587,1541,1214,444,1933,1018,823,1156,806,861,375,1064,1995,1684,1718,1640,1350,1133,8,92,456
588,1652,846,942,378,1522,236,1488,990,1018,1770,1276,1684,8,74,888,1064,2012,375,498,456
589,174,1350,1869,410,1783,1712,1581,934,262,195,2054,8,1781,1969,289,513,870,1588,23,794
590,168,1961,221,95,1149,1727,852,414,1856,197,1749,1054,1705,1325,1058,840,582,1806,648,1381
591,1058,1010,1054,1283,1705,582,1751,1512,1764,1355,414,1149,1721,1539,1806,1749,1281,448,1381,1118
592,1933,1995,1214,1541,444,823,1156,289,861,958,2037,44,1869,35,498,456,92,8,2054,1796
593,2037,958,1214,444,289,1933,1541,44,1995,823,1156,861,1350,1869,35,456,1796,591,8,174
594,1783,799,513,7,2034,171,327,410,1588,1581,677,1064,1684,823,1133,806,375,861,1541,1995
595,301,1721,1183,1283,109,712,582,1751,1010,1054,1058,1764,1958,763,727,1111,1539,1961,1512,43
596,357,498,456,1197,92,8,31,74,1993,35,1637,1796,1779,1009,117,1387,740,289,958,1951
597,1783,799,513,171,7,2034,327,410,1588,1581,174,1350,2054,1712,870,1937,1869,1781,99,1719
598,1541,444,861,958,1214,1933,1156,823,456,1995,2037,35,8,92,498,74,1197,289,44,1796
599,1018,1684,375,1718,8,806,1064,498,1197,92,1796,35,357,456,691,31,1637,74,1624,1133
600,719,1214,1692,531,1933,434,691,1624,1995,1156,861,823,1064,591,1541,1718,444,1197,1018,1684
601,1214,444,861,823,1541,1995,1156,1933,456,498,1796,31,92,1197,74,8,357,35,1637,1993
602,301,1721,1183,1961,763,109,1283,1958,727,1111,1751,712,1725,1649,1740,1539,1577,1856,43,403
603,444,456,1541,35,1214,8,861,1933,92,823,498,958,74,1197,44,1796,289,2037,1995,1156
604,958,2037,456,8,1796,289,35,44,31,74,1520,498,92,1197,819,1993,1637,1405,1534,357
605,1541,1214,1995,958,1933,444,861,823,1156,498,74,456,357,92,8,31,35,2037,1197,1993
606,301,1183,1721,1764,1054,1775,712,1283,582,109,128,727,1961,1111,1539,738,1010,763,1649,1705
607,168,221,1727,852,1325,1856,513,197,1749,171,1783,95,648,1381,327,1507,799,1954,1725,727
608,301,1721,1183,1961,763,712,109,1283,128,1958,1775,1751,1740,1111,43,1725,1649,727,403,299
609,8,498,1541,444,1993,1197,456,357,74,1637,92,31,1796,1995,1933,823,861,1156,35,958
610,727,1833,221,14,1396,93,852,749,1856,1281,376,582,1058,1705,1577,1740,1749,1751,1721,128
611,1214,1156,861,444,1522,846,942,1541,1995,1933,823,1652,236,1718,378,1439,1064,991,1973,806
612,168,1783,799,7,171,327,513,2034,200,912,670,731,1325,1873,410,546,1520,575,2054,1557
613,8,1197,456,31,1933,1637,1796,444,35,92,1869,357,498,1350,1541,823,174,1993,74,1214
614,168,912,1381,1961,200,798,171,7,670,1511,1954,1783,575,327,1286,193,1325,262,1492,1520
615,991,1480,1750,944,2068,871,791,1214,823,444,861,117,1156,1387,1064,1018,1684,236,1541,942
616,456,8,1995,35,498,1214,74,1197,444,1541,1933,31,861,92,958,1796,1637,823,357,1156
617,375,1684,806,1018,1064,1718,1133,677,691,944,1750,1624,991,2068,1480,871,719,1692,1898,963
618,174,1869,870,410,99,1781,1350,581,1588,787,1712,1322,1022,958,1969,405,2054,1621,2013,444
619,357,498,456,1197,92,8,31,74,1993,35,1637,1796,958,2037,444,44,1779,1350,1541,1009
620,1783,44,2037,7,799,410,171,513,2034,1350,2054,1621,1588,561,1699,1640,327,958,1440,1322
621,1541,1214,1995,958,1933,444,861,823,1156,498,74,456,804,8,357,31,92,1197,1796,35
622,117,1387,740,1779,1951,1009,1480,1684,1064,806,2068,1718,375,944,991,871,1018,444,823,1214
623,1541,1214,1995,958,1933,444,861,823,1156,1640,498,74,1440,456,1699,357,1322,92,1621,561
624,1387,1779,740,117,1951,1009,1541,444,1995,1933,823,861,1156,958,1214,456,289,35,1796,591
625,35,8,74,92,456,1796,1197,498,31,1541,1214,1995,958,1933,357,444,1637,861,823,1993
626,1541,444,1995,1933,1214,823,861,1156,35,958,456,498,8,31,92,1796,357,289,74,1993
627,35,8,74,92,456,1796,1197,498,31,357,1637,958,1993,1541,289,2037,44,444,861,1214
628,727,221,1833,14,1396,93,749,852,1281,582,1749,1577,1054,1751,1705,376,128,1381,1703,1512
629,1541,444,861,958,1214,1933,1156,823,456,1995,2037,35,8,92,498,74,1197,289,44,1796
630,8,456,1995,1637,1197,1214,498,444,1933,1796,861,1541,31,92,74,35,823,1993,1156,958
631,727,1833,221,14,93,1396,749,852,1281,1958,1577,128,1721,1749,582,1703,376,1751,1058,1740
632,117,1387,740,1779,1541,444,1197,74,498,1951,31,1995,8,456,1933,823,861,1156,357,958
633,35,8,74,92,456,1796,1197,498,31,444,1541,1214,357,958,1637,861,1933,823,1993,1995
634,944,1480,991,1684,1750,2068,1064,1018,871,1718,806,791,375,1541,1214,1995,958,1933,444,861
635,375,1684,1018,806,1718,1064,1133,691,1624,677,1480,719,1692,963,434,991,791,823,8,871
636,498,1197,456,1541,8,1214,1995,92,958,35,74,1796,1933,1637,444,357,861,823,31,1156
637,727,1833,221,14,1396,93,852,749,1281,1749,711,1539,1118,582,128,376,1381,1703,1740,1577
638,1214,1995,1541,1156,861,444,823,1933,1581,1350,958,2054,1783,799,456,31,7,1018,375,35
639,1541,1214,1995,958,1933,444,861,823,1156,498,74,456,357,92,8,31,35,2037,1197,1993
640,727,1833,221,14,93,1396,852,749,582,1281,1577,1751,1054,1058,1705,376,1856,1283,1749,1512
641,1933,861,444,1995,823,1214,1541,1156,2054,410,1350,434,227,1588,1869,991,1937,791,2012,1783
642,375,1684,806,1018,1064,1718,944,1750,1133,2068,677,1480,991,1214,791,871,861,444,456,804
643,727,1833,221,14,93,1396,749,852,1281,582,1058,1751,1512,1283,1577,1355,1764,1705,1749,1010
644,727,1833,221,14,93,1396,749,852,1281,1749,128,376,1381,1703,1186,1539,711,1577,582,483
645,168,1783,799,7,171,327,513,2034,95,410,2054,1588,1507,1727,1325,949,1000,958,91,579
646,727,1833,221,14,93,1396,749,852,1281,1749,128,376,1381,1703,1539,1118,711,1577,582,1751
647,35,8,74,92,456,1796,1197,498,31,357,1637,958,1993,289,2037,44,1520,819,2054,1869
648,174,1869,1640,1322,1350,1621,1699,6,1440,787,591,410,1783,2054,561,1022,1969,195,1447,1781
649,727,1833,221,14,93,1396,852,749,1281,582,1577,1749,1054,1751,1705,376,1512,1539,1118,711
650,168,1325,513,171,1783,852,1727,95,541,1320,327,799,1954,2070,1507,1268,7,1315,197,247
651,357,498,456,1197,92,8,31,74,1993,35,1637,1796,289,1520,1779,117,1009,819,958,1214
652,456,498,8,1197,35,1541,74,1214,1995,444,31,92,958,1796,1933,1637,357,861,823,1156
653,301,1721,1183,1283,1958,727,1111,43,712,1751,1058,1961,1054,582,109,128,1725,1740,1539,1764
654,991,1750,944,871,2068,1480,791,1851,1898,1793,729,1108,839,594,1800,2043,1219,122,1844,905
655,1214,444,1933,1018,1156,806,861,823,375,1064,1995,1541,1684,1718,498,456,8,1637,804,1197
656,444,456,1541,35,1214,8,861,1933,92,823,498,958,74,1197,44,1796,289,2037,1995,1156
657,1783,799,513,2034,171,7,1541,823,410,444,1214,1995,327,861,1588,1156,1933,1350,787,1781
658,991,1480,1750,944,2068,871,791,1214,823,444,861,117,1156,1387,1064,1018,1684,236,1541,942
659,804,870,1480,99,791,1350,944,2068,1284,1712,410,1439,991,1781,68,1750,113,174,1588,871
660,1783,171,513,799,7,2034,327,410,1588,1350,2054,1937,1581,444,174,1541,1719,44,918,870
661,991,1750,944,1480,791,2068,8,871,35,456,74,92,1197,498,31,1541,1214,1796,1995,357
662,727,1833,221,14,93,1396,852,749,582,1281,1751,1058,1856,1283,1749,1705,1539,1577,1721,128
663,168,221,1381,1727,798,171,949,852,7,1856,1511,1783,327,197,193,1749,1325,262,91,1954
664,2037,958,289,44,456,35,8,498,92,1796,1197,74,31,357,1993,444,1541,1933,1637,861
665,174,1869,410,1621,1588,99,804,1783,1322,513,581,1581,171,870,1781,698,327,1699,68,1023
666,727,1833,221,14,1396,93,852,749,376,1721,1577,1856,582,1281,1725,403,1058,1740,128,1749
667,991,1750,944,1480,791,2068,871,1447,68,804,909,591,1023,1932,1439,1046,1284,113,995,698
668,168,571,197,1336,1507,1232,794,195,193,200,1520,1325,1511,912,2070,1054,1954,1512,1058,582
669,444,1541,861,1214,1995,1156,823,958,1933,2037,44,289,456,1796,498,92,35,8,74,1350
670,168,171,799,1727,1725,95,670,1961,166,1325,1783,7,513,2034,364,912,197,327,949,1440
671,410,1588,1783,171,513,799,7,2034,327,1869,174,870,1781,787,99,1022,581,2037,444,1322
672,8,35,456,74,92,1197,498,31,1796,357,1993,1637,1541,444,1995,1933,823,861,1156,958
673,1995,1214,444,1933,861,1541,92,31,1796,456,35,8,823,498,1197,1156,958,357,74,1993
674,727,1833,221,14,93,1396,749,852,1281,582,1058,1751,1512,1283,1577,1355,1856,1764,1705,1958
675,35,8,74,92,456,1796,1197,498,31,1541,444,1214,357,958,1637,861,823,1993,1933,1995
676,168,1149,1961,95,414,912,200,1954,575,852,1054,1705,1727,1325,1058,1749,1381,840,670,1232
677,168,171,799,912,1783,513,95,1325,200,7,364,670,2034,1440,327,1286,1492,1520,1289,43
678,168,1954,171,1725,1315,1232,513,1783,852,95,912,1961,1476,1325,1427,7,327,799,91,763
679,168,1512,7,712,1783,541,171,1054,1325,95,221,166,1684,1727,648,1507,1336,582,1281,327
680,1869,174,1214,1156,861,444,1522,846,942,1541,1995,1933,823,1652,236,1718,378,1439,1064,991
681,35,8,74,92,456,1796,1197,498,31,444,1541,357,1214,1637,861,958,1933,1993,823,44
682,168,912,1149,200,414,670,1286,852,1684,1054,1492,1520,1289,1705,1058,1325,541,575,1697,171
683,168,95,1381,798,171,7,166,1511,1783,1520,327,193,1325,262,91,852,1749,912,1954,2070
684,174,1869,870,1350,99,944,1969,1588,991,1781,1322,1522,410,1214,1541,23,2054,262,1621,195
685,8,35,456,74,92,1197,498,31,1796,357,1993,1637,1214,861,1018,444,804,1684,375,1718
686,1197,958,74,498,31,8,456,2037,444,35,44,1350,357,117,1541,1779,1796,823,289,2054
687,991,1750,944,1480,791,2068,871,1197,1447,68,804,74,498,909,31,591,1023,8,456,1541
688,117,1387,92,8,456,740,1779,1993,1951,677,759,498,1018,1637,1009,1480,806,1064,31,1796
689,1541,444,1995,1933,823,861,1156,958,1214,456,7,498,92,289,410,35,74,1796,1197,8
690,991,944,1750,1480,2068,871,791,8,35,456,74,92,1197,498,31,1796,357,1993,1637,1851
691,8,35,456,74,92,1197,498,31,1796,357,1993,1637,958,1779,444,117,1214,289,591,2054
692,8,35,456,74,92,1197,498,31,1796,357,117,1387,1993,740,1779,1637,1951,1009,1480,1214
693,174,1969,1869,195,23,794,156,262,934,205,1322,870,99,1588,1541,193,1621,798,444,1350
694,410,1588,1350,2034,99,1783,2054,870,1937,513,171,1342,327,1969,7,799,697,934,262,581
695,1779,1009,1387,1951,740,117,1541,444,1197,74,498,31,1995,8,456,1933,823,861,1156,357
696,727,1833,221,14,93,1396,852,749,1281,1749,1577,582,128,376,1381,1703,1721,1539,711,1751
697,727,1833,221,14,93,1396,749,852,1281,582,1749,1577,1054,1751,1705,376,128,1381,1703,1512
698,498,1197,456,8,92,35,74,1796,1637,357,1214,444,31,1993,861,1541,823,1933,1995,958
699,1541,1214,1995,958,1933,444,861,823,1156,498,74,456,357,92,8,31,35,2037,1197,1993
700,1541,1214,1995,8,958,1933,444,861,823,498,1156,1993,456,1197,357,1637,92,1796,31,74
701,357,498,1779,1009,1387,1951,740,456,1197,117,92,8,31,74,1993,35,1637,1796,1214,289
702,958,174,1541,1214,35,1933,2037,1197,456,8,1350,1796,92,289,444,1156,861,1869,31,591
703,823,1214,444,1541,861,1995,1156,1933,1350,2054,410,804,227,1588,1869,113,1447,991,68,1937
704,444,861,1541,1995,1214,823,1156,1933,958,2037,1350,2054,289,8,456,410,44,1869,1796,74
705,1541,1214,1995,1933,444,861,1156,823,1350,870,174,410,1869,1588,1783,327,799,1969,7,99
706,262,195,1969,1384,934,571,23,794,1511,156,799,99,804,870,1869,1567,205,174,513,698
707,1018,1684,375,1718,806,8,1064,498,74,1197,1796,92,456,31,357,691,1637,35,1993,1624
708,944,1480,991,1684,1750,2068,1064,1018,871,1718,806,791,375,691,719,434,1692,963,1624,531
709,1214,444,1541,1933,861,498,823,1995,456,1156,8,1637,1197,92,1796,31,35,74,357,1993
710,958,456,8,2037,35,498,74,1197,1541,444,31,44,1214,1796,92,1637,861,823,1933,357
711,991,944,806,1064,1684,1480,2068,1750,871,375,791,1018,1214,1718,677,1692,861,1133,444,719
712,95,1396,1775,221,1705,1283,1355,1054,1058,1143,711,1118,1856,1764,582,1010,881,1751,1725,1281
713,357,498,456,1197,92,8,31,74,1993,35,1637,1796,1541,444,1995,1933,1779,823,861,1156
714,727,1833,221,14,1396,93,852,1283,749,1751,1054,582,1281,1058,1705,1764,1512,1355,1010,1749
715,727,1833,221,14,1396,93,852,749,1281,582,1539,1721,1751,1058,1749,1856,1118,1283,711,376
716,301,1721,1183,763,1961,1283,128,727,1958,1539,1010,1751,299,1111,1725,109,582,712,1058,1764
717,456,8,35,498,2037,74,1197,1541,444,31,1214,958,1796,92,1637,861,823,1933,357,1995
718,2037,2013,591,174,44,1350,8,1869,958,289,35,2054,1447,456,1796,92,74,31,1197,444
719,591,1447,1284,475,1567,804,1066,68,1144,524,1342,1915,465,1586,1640,909,696,117,916,698
720,456,8,444,35,498,74,1197,1541,31,1214,958,861,1796,92,1637,1933,823,357,1995,1993
721,1783,44,2037,7,799,410,171,513,2034,1350,2054,1588,327,958,1322,1640,1621,1541,99,444
722,35,8,74,92,456,1796,1197,498,31,444,1541,357,1637,1214,861,958,1933,1993,823,44
723,991,1750,944,871,2068,1480,791,1869,410,1851,1350,1588,1898,1793,729,1108,174,839,870,594
724,168,1381,798,171,949,7,1511,1783,327,193,1325,262,91,1954,541,1975,1749,794,1619,799
725,1541,1214,1995,958,1933,444,861,823,1156,498,74,456,357,92,8,31,35,2037,1197,1993
726,35,8,74,92,456,1796,1197,498,31,1541,1214,444,357,1933,1637,823,958,861,1993,1995
727,799,1783,171,7,2034,513,327,410,1588,1719,1350,1541,2054,1995,1937,1214,790,759,444,942
728,727,1833,221,14,93,1396,749,852,1281,1749,1856,376,1058,1705,1539,1118,1577,711,1740,1381
729,799,513,1783,7,171,327,2034,410,1588,444,1214,1541,861,823,1995,870,1350,1781,174,1937
730,444,1214,1933,861,1541,823,1156,1995,174,456,1869,8,31,1480,92,1796,1197,991,1637,35
731,357,498,1387,1779,740,117,456,1197,1951,92,8,31,1009,74,1993,35,1637,1796,1480,2068
732,456,8,35,498,74,1197,1541,444,31,1214,958,1796,92,1637,861,823,1933,357,1995,1993
733,944,991,1480,2068,1750,871,791,1064,806,1684,1018,1718,1214,375,1995,8,823,444,861,1541
734,8,35,456,74,944,92,1197,498,31,1796,357,991,1993,2068,1480,1750,1637,871,1973,791
735,168,171,799,1149,1783,513,95,1325,7,414,364,2034,1440,327,852,1054,1705,43,1058,1817
736,727,221,1833,14,1396,93,852,749,1281,582,1749,1577,1054,1751,1705,376,128,1381,1703,1512
737,357,498,456,1197,92,8,31,74,1993,35,1637,1796,1541,444,1995,1933,1779,823,861,1156
738,117,1387,740,1779,1197,74,498,1951,31,8,456,357,1009,35,1480,1796,92,1214,1993,2068
739,2037,958,289,44,1214,861,444,1156,1933,1995,823,498,1541,92,35,456,74,1796,1197,357
740,958,2037,1541,289,1995,44,1933,1214,444,823,1156,861,456,35,8,74,498,1796,1197,92
741,35,8,861,444,74,92,456,1796,1197,498,1541,1214,31,1933,1995,823,357,1637,958,1993
742,168,1381,798,171,7,1511,1783,327,193,712,1325,1684,262,91,1512,1749,1954,794,799,1054
743,1783,799,171,7,410,513,327,870,1541,2034,1588,174,1869,444,1350,1214,99,581,1322,1995
744,1869,174,958,1541,1214,1581,35,1933,2037,1197,456,8,1350,1796,92,289,444,1156,861,31
745,991,944,1480,2068,1750,1064,871,791,1214,1684,1692,861,1133,444,375,719,456,804,691,8
746,1214,691,1156,719,434,861,1692,963,1624,444,1522,846,942,1541,1995,1933,531,823,1652,236
747,1541,498,1197,456,1214,823,8,92,35,74,1796,1156,861,444,1637,357,1933,31,1995,1993
748,823,861,1214,444,1541,1156,1933,1995,1018,375,1064,1684,806,1718,1973,2068,1480,944,991,871
749,168,912,200,670,7,1286,712,1492,1520,1289,1783,1512,171,1325,541,1054,575,1697,166,1684
750,456,8,35,1541,498,74,1197,1214,1995,444,31,958,1933,861,1796,92,823,1637,357,1156
751,168,171,799,7,513,1684,1325,1783,852,1954,95,327,440,442,2034,609,1789,1056,1232,1372
752,168,1054,1621,1440,1512,949,6,1381,1640,1322,171,513,1783,852,1325,1954,1705,95,541,1010
753,1058,582,1010,1054,1283,1705,1751,1512,1764,1355,414,1149,1721,1539,1806,1749,448,1281,1381,1118
754,727,1833,221,14,1396,93,852,749,1281,376,1577,1749,711,1539,1118,582,1856,1740,1725,1751
755,456,8,35,498,74,1197,1541,444,31,1214,958,1796,92,1637,861,823,1933,357,1995,1993
756,456,8,1197,1796,74,498,35,31,289,1520,92,357,117,1779,819,1993,1637,958,1214,1009
757,301,1721,1183,727,1111,43,712,1058,1961,1054,1283,582,128,1725,299,1740,109,763,1539,1764
758,498,1197,456,958,8,2037,92,35,74,1796,1637,357,1214,444,31,1993,861,1541,289,823
759,1995,2037,1214,444,958,1933,861,1541,92,31,44,1796,456,35,8,823,498,1197,1156,357
760,1480,944,991,791,1750,2068,871,375,1439,1684,1018,806,677,1973,804,1214,1064,1350,1718,68
761,1214,444,1541,1933,861,498,1995,456,1156,8,1637,804,1197,92,823,1796,74,31,1783,44
762,410,1588,513,171,1783,1581,870,7,799,1869,444,99,1973,1439,174,2034,1541,1214,1781,327
763,35,8,74,92,456,1796,1197,498,31,1541,1214,1995,357,958,1933,444,1637,861,1993,823
764,1541,1214,1995,958,1933,444,861,823,1156,1018,498,74,456,1684,375,1718,357,806,92,1064
765,357,498,1779,1009,1387,1951,740,456,1197,117,92,8,31,74,1993,35,1637,1796,289,1520
766,991,944,1750,1480,2068,871,791,1522,1652,846,1851,236,942,2012,1898,378,1793,729,1447,990
767,1322,1440,1621,1640,6,1699,1447,591,561,174,1869,1350,1342,1969,2054,991,1783,804,2013,698
768,1054,1058,1010,582,1283,1705,1751,1512,1764,1355,414,1281,1539,1149,1806,1721,1833,448,1749,711
769,727,221,1725,1856,1133,1396,677,1719,697,1588,171,713,1749,375,483,1018,799,1950,1143,823
770,991,944,1750,1480,2068,871,791,117,1387,740,1779,1851,1951,1898,1793,729,1447,1009,591,1973
771,727,1833,221,14,93,1396,749,852,1281,1749,1577,128,376,1381,1703,1721,1539,711,582,1751
772,456,8,35,498,74,1197,1541,444,31,1214,958,1796,92,1637,861,823,1933,357,1995,1993
773,1058,1764,582,1054,1010,1283,1705,1751,1512,1355,414,1149,1721,1539,1806,1749,448,1833,1281,1381
774,727,1833,221,14,93,1396,852,749,1281,1749,1856,711,376,1539,1118,128,1381,1703,1577,1740
775,1387,1779,740,117,1951,1009,8,35,456,74,92,1197,498,31,1796,357,1993,1637,289,1520
776,991,2068,1480,791,944,378,1718,846,1750,1652,1350,236,1064,1522,871,1684,1488,375,806,1770
777,804,1018,870,1684,375,1718,1480,99,806,791,1064,1350,944,2068,1284,1712,1439,991,1781,691
778,1995,1214,444,1933,861,1541,92,31,1796,456,35,8,823,498,1197,1156,958,357,74,1993
779,357,498,1387,1779,1009,740,117,1951,456,1197,92,8,31,74,1993,35,1637,1796,289,958
780,1214,861,1018,444,456,804,8,1684,375,74,1718,823,1933,1156,1995,31,806,498,92,1064
781,1541,861,1214,823,1933,444,1995,1156,1350,2054,1937,1581,958,591,991,1509,1973,846,1206,2037
782,456,8,35,498,74,1197,1541,444,31,1214,958,1796,92,1637,861,823,1933,357,1995,1993
783,958,2037,1541,444,289,1995,44,1933,1796,456,35,823,861,498,1156,8,92,74,1214,31
784,727,1833,14,221,93,1396,852,749,582,1281,1577,1751,1054,1058,1705,376,1856,1283,1749,1512
785,1783,171,513,799,7,2034,327,1350,410,1588,870,727,1719,1933,1869,221,2054,1214,498,1621
786,301,1721,1183,1283,109,712,582,1751,1010,1054,299,1058,1764,1111,763,1961,727,1539,1958,1512
787,944,1480,991,1684,1750,2068,1064,1018,871,1718,375,806,791,1133,677,691,719,434,1898,839
788,1054,1751,1058,1281,582,1539,1118,1764,1355,1749,1010,1721,1381,1143,1775,1705,1512,1725,711,1283
789,727,1833,221,14,1396,93,852,1283,749,1751,1054,582,1281,1058,1705,1764,1512,1355,1010,1749
790,861,823,444,1214,1156,1933,1995,1541,375,1018,1718,806,1064,1684,1973,944,1133,677,2068,958
791,944,991,1480,2068,1750,871,791,1064,806,1684,1018,1718,375,236,1133,357,1522,1652,903,92
792,444,1214,1541,823,861,1995,1156,1933,958,456,2037,92,35,2054,8,1796,498,31,1350,74
793,1640,1322,1440,1699,1621,6,561,1783,799,1350,513,327,7,2054,1588,171,410,2034,1937,174
794,727,1833,221,14,1396,93,749,852,582,1577,1054,1281,1751,1705,1958,376,128,1721,1749,1512
795,456,498,8,1197,35,74,1541,444,31,92,1214,1796,1637,958,357,861,823,1933,1995,1993
796,727,1833,221,14,93,1396,852,749,1281,582,1058,1751,1512,1283,1577,1355,1764,1705,1749,1856
797,591,1447,1640,1440,1699,1284,475,1567,1322,1621,804,1066,68,1144,524,561,1342,1915,465,1586
798,444,1541,1156,861,1995,823,1933,958,1214,2037,44,2054,1350,2013,289,174,410,1869,99,1937
799,727,1833,221,14,1396,93,749,852,582,1281,1751,1058,1958,128,1856,1577,1721,1283,1749,1705
800,456,8,35,1541,498,74,1197,1214,1995,444,31,958,1933,861,1796,92,823,1637,357,1156
801,727,1833,221,14,93,1396,749,852,1281,1958,1577,128,1721,1749,582,1751,1703,376,1058,1740
802,1541,444,1995,1214,861,1933,823,1156,958,456,289,35,1796,8,1993,1197,174,804,498,92
803,168,171,799,1783,513,95,1325,7,364,2034,1440,327,1520,43,912,2070,1054,200,1817,1056
804,1480,944,871,991,791,1750,2068,378,1718,846,1652,236,1064,1522,1684,1488,375,806,1770,942
805,168,2034,1149,171,1325,799,414,1783,7,1520,852,1054,1705,1058,912,2070,200,91,1512,840
806,174,1869,1969,1350,195,410,1588,1022,787,262,798,23,571,7,1384,794,193,934,799,156
807,991,944,1480,871,1750,2068,791,1684,1214,375,236,1522,1898,823,1064,1851,1133,942,378,444
808,168,912,200,670,197,2034,1520,1286,1492,1289,171,1325,1440,949,541,2070,1054,513,575,1697
809,1058,582,1054,1010,1764,1283,1751,1512,1705,1355,414,1539,1449,1281,1740,376,1118,221,1381,1149
810,1058,582,1054,1010,1764,1283,1751,1705,1512,1355,414,1806,1149,448,1539,1281,1833,1775,591,711
811,727,1833,221,14,1396,93,749,852,1281,1749,711,1958,128,1539,1577,1118,1721,582,1740,1751
812,1541,444,1995,1933,823,861,1156,591,958,1214,1447,456,289,35,1796,8,1993,1197,498,92
813,727,1833,221,14,93,1396,749,852,1281,1749,1577,1539,1118,711,1721,1381,1703,376,1058,1740
814,1783,799,171,7,513,2034,327,1350,870,727,1719,1933,1869,221,2054,1214,498,1621,8,1588
815,1541,1214,1995,958,1933,444,861,823,1156,498,74,456,357,92,8,31,35,289,2037,870
816,444,1541,1214,823,861,1933,1995,1156,1581,1350,942,378,958,2054,1718,846,1018,375,990,1652
817,727,1833,221,14,93,1396,852,749,1281,582,1058,1751,1512,1283,1749,1577,1355,1764,1705,711
818,357,498,1387,1779,740,117,456,1197,1951,92,8,31,1009,74,1993,35,1637,1796,1541,444
819,958,2037,1214,444,289,1933,1541,44,1995,823,1156,861,456,35,8,74,498,1350,1869,1796
820,1018,1684,8,498,74,1197,1064,375,1796,92,456,31,357,1718,1637,35,806,1993,1133,1214
821,8,35,456,74,92,1197,498,31,1541,1214,1796,1995,357,958,1933,444,861,1993,823,1637
822,1541,1214,1995,958,1933,444,861,823,1156,498,74,456,1480,944,357,871,92,991,8,791
823,444,456,1541,35,1214,8,861,1933,92,823,498,958,74,1197,44,1796,289,2037,1995,1156
824,513,870,799,1783,174,1869,7,1350,327,99,581,171,1322,861,410,2034,1781,1621,1588,1541
825,1197,74,498,31,8,456,357,117,1779,35,1796,92,1214,1993,1009,1387,1637,740,991,444
826,444,1541,1214,1995,456,958,1933,35,861,8,823,92,498,74,1156,1197,44,1796,289,2037
827,1969,1022,787,195,405,794,174,1869,513,1783,262,410,1781,799,171,1588,23,571,1384,870
828,35,8,74,92,456,1796,1197,498,31,357,1637,958,1993,289,2037,44,117,1779,2054,1869
829,35,8,74,92,456,1796,1197,498,31,1541,1214,1995,958,1933,357,444,1637,861,823,1993
830,498,1197,456,8,92,35,74,1796,1637,357,1214,444,31,1993,861,1541,823,289,1933,1520
831,727,1833,221,14,93,1396,749,852,1281,1539,1577,1749,1118,1856,1058,1705,711,376,128,1721
832,727,1833,221,14,1396,93,852,749,1281,582,1058,1751,1512,1283,1577,1721,1355,1764,1705,1749
833,357,498,1779,1009,1387,1951,740,456,1197,117,92,8,31,74,1993,35,1637,1796,1541,444
834,8,1197,456,31,1637,1796,35,92,1869,357,498,1350,1541,823,1993,74,174,2054,444,1214
835,498,1197,456,8,92,35,1640,74,1796,1637,357,561,1621,1440,6,1214,444,1322,31,1993
836,1058,582,1010,1054,1764,1283,1512,1705,1751,1355,414,1281,1539,1806,1149,448,1749,711,1118,1775
837,498,1197,456,8,92,35,74,1796,1637,357,1214,444,31,1993,861,1541,823,1933,1995,958
838,861,444,1541,1214,1933,1995,1640,823,561,1621,1440,6,1322,1699,1156,174,1869,117,1009,1387
839,168,1440,327,6,912,95,1783,200,670,1325,171,799,1286,1492,1520,1289,1727,541,1619,575
840,1541,1214,1995,958,1933,444,861,823,1156,498,74,456,1350,1783,357,92,991,1869,8,31
841,168,1961,95,171,166,799,7,1325,1954,852,1783,671,327,949,541,1054,440,442,1010,2034
842,444,861,1541,1995,1214,823,1156,1933,498,1197,456,958,8,2037,92,35,74,1796,1637,357
843,1350,2054,1937,1869,174,410,113,697,1640,2013,870,1144,965,99,1567,591,1588,698,298,1621
844,991,944,1480,871,1750,2068,791,1869,410,1898,2043,1350,729,1588,1064,1800,1684,1108,1275,1844
845,1387,1779,740,117,1951,1009,1541,444,1995,1933,823,861,1156,958,1214,456,289,35,1796,8
846,1783,799,513,2034,171,7,1541,823,1588,410,444,1214,1995,327,861,1933,1156,1350,787,870
847,498,444,1197,456,8,92,1541,35,74,1796,1637,1214,357,861,1933,823,958,31,1993,44
848,35,8,74,92,456,1796,1197,498,31,357,1637,1993,958,289,2037,44,2054,1869,174,444
849,1783,799,513,7,2034,171,1541,327,823,410,444,1214,1995,861,1588,1156,1933,1350,787,870
850,301,1721,1183,1283,109,712,582,1751,1010,1054,299,1058,1764,1111,763,1961,1958,1539,1512,43
851,301,1721,1183,1764,1054,1775,1283,582,109,727,43,1539,738,712,1010,1058,763,1961,1649,1705
852,168,200,912,670,731,1873,546,1325,1520,575,1783,1557,1405,1406,95,684,799,274,1000,819
853,991,2068,871,944,375,1750,1480,791,1018,806,677,174,1214,1064,823,1133,1684,444,1350,456
854,823,861,1214,444,1541,1156,1933,1995,1018,375,1064,1684,806,1718,1973,2068,1480,944,991,958
855,498,1197,456,8,92,35,74,1796,1933,1637,444,357,1541,1214,31,823,1993,861,958,1995
856,727,1833,221,14,93,1396,749,852,1281,1577,1749,1721,1703,376,1058,1740,128,1856,1283,582
857,375,1684,806,1018,1064,1718,1133,677,357,92,498,456,8,1796,35,31,1197,74,1637,1993
858,513,171,799,1783,7,2034,327,410,1588,1869,1350,870,99,1621,1937,174,1712,1440,2054,1781
859,1480,944,991,791,1750,2068,871,2043,729,1898,375,759,839,1851,594,528,1800,1108,1793,1219
860,1783,7,2034,799,171,327,513,1384,205,1588,410,1511,262,794,1764,798,195,1969,23,193
861,991,1480,944,1750,2068,871,791,1018,1064,1684,375,806,1718,1851,1133,677,1898,1793,729,1108
862,991,944,806,1064,1684,1480,2068,1750,871,375,791,1018,1718,677,1692,1133,719,691,963,434
863,1779,1009,1387,1951,740,117,1197,74,498,31,8,456,357,35,1796,92,1214,1993,1637,444
864,498,1197,456,8,92,35,74,1796,1637,357,1214,444,31,1541,1993,861,823,1995,1933,958
865,168,1054,1058,2034,1010,95,171,1325,1512,582,1751,799,1283,1705,221,1783,7,1520,1289,1749
866,1541,444,1995,1933,823,861,1156,958,1214,456,92,289,31,35,1796,8,74,1993,1197,357
867,1387,1779,1009,740,117,1951,1480,2068,944,991,871,444,1018,1064,1684,1750,823,1133,861,375
868,1214,691,1156,719,434,861,1692,963,1624,444,1522,846,942,1541,1995,1933,531,823,1652,236
869,8,35,456,74,498,1197,92,31,1796,357,1637,1993,1214,444,1541,861,823,1995,1933,958
870,410,804,870,1480,99,1588,791,1350,944,2068,1284,1712,1439,991,1781,68,1750,113,174,513
871,1640,1440,1621,6,1322,1699,561,1541,444,1350,1995,1933,823,861,1156,958,1447,591,1214,456
872,1214,444,861,991,1018,823,2068,1541,1933,806,1480,375,944,1718,1995,1156,791,1750,871,1684
873,1214,444,861,823,1541,1995,1156,1933,456,498,1796,31,92,1197,74,8,357,35,1637,1993
874,1541,861,1214,823,1933,444,1995,456,8,35,498,74,1197,1156,31,958,1796,92,1637,357
875,168,2034,171,1325,799,1783,7,513,852,95,91,327,952,442,1954,1512,1863,541,1232,1721
876,168,1961,171,95,799,1783,7,949,364,2034,1440,327,1325,1954,541,43,1619,1054,1817,1232
877,1480,944,2043,871,729,991,1898,759,839,791,1851,594,528,1800,1108,1793,1750,1219,679,2068
878,95,1396,221,1775,1740,1751,1283,1764,1054,376,1512,1143,1010,1058,1381,1118,1111,1355,582,1577
879,301,1721,1183,712,1283,1923,1054,128,43,1751,1512,1355,1010,582,1961,1705,299,727,1111,1396
880,691,719,434,1692,963,1624,531,591,1447,1350,1214,2054,1541,823,410,174,991,1783,2068,444
881,168,221,1727,1961,852,1856,171,197,1749,1684,541,1325,95,1783,949,648,1381,1507,344,1954
882,727,1833,221,14,93,1396,749,852,1281,1749,1958,128,1577,1721,1539,1118,711,1186,582,1381
883,1783,799,1214,861,823,444,513,1933,1541,171,7,1995,1156,2034,327,1350,2054,375,1018,1480
884,1214,861,444,456,804,8,74,823,1933,1156,1995,31,498,92,1197,1796,1541,35,1567,113
885,8,35,456,74,92,1197,498,31,1796,357,1993,1637,1541,444,1995,1933,823,861,1156,958
886,1783,44,2037,7,799,410,171,513,2034,1350,2054,1588,327,958,1322,1640,870,1621,1541,99
887,174,1869,1350,1640,1322,1621,1969,1781,1699,697,6,1440,787,591,410,1783,195,561,958,1022
888,991,944,1480,2068,1750,871,791,1214,1541,444,1995,1933,861,1156,823,1869,174,1350,1712,1439
889,168,1054,1961,1621,1440,1512,6,1381,1325,1183,1640,1649,1322,763,1727,1705,301,1010,1751,2002
890,456,8,35,1541,498,74,1197,1214,1995,444,31,958,1933,861,1796,92,823,1637,357,1156
891,375,1684,806,1018,1064,1718,861,1133,677,1541,1214,1933,823,444,1995,1156,8,1197,31,92
892,168,171,197,1315,799,1336,1507,1232,7,200,1325,1954,912,1783,1054,327,1427,1533,1975,1520
893,727,1833,221,14,1396,93,852,749,1283,1751,1054,582,1058,1281,1705,1764,1512,1355,1010,1749
894,35,8,74,92,456,1796,1197,498,31,1541,1214,444,357,1637,1933,823,958,861,1993,1995
895,787,1583,405,1022,262,1384,1995,1541,205,1969,1214,23,794,444,571,934,193,798,195,861
896,168,1325,513,171,1783,852,95,1975,1449,327,799,1954,7,43,1867,1727,1507,1315,1440,247
897,727,221,1833,14,1396,93,749,852,1281,1749,128,376,1381,1703,1539,711,1577,582,1751,1856
898,95,1283,1058,1054,1705,1764,1396,582,1751,1775,1010,221,1355,1143,711,1512,1118,128,1281,376
899,1350,697,991,2068,1480,1750,791,944,871,1447,1621,410,591,1870,1969,1783,236,2054,227,1588
900,944,991,791,2068,1480,871,1750,378,1350,236,697,1869,227,1439,410,823,870,1783,174,1712
901,456,8,35,498,74,1197,1541,444,31,1214,958,1796,92,1637,861,823,1933,357,1995,1993
902,1480,944,991,791,1750,2068,871,375,1439,1684,1018,806,677,1973,804,1214,1064,1350,1718,68
903,1541,1214,1995,958,1933,444,861,823,1156,498,74,456,357,92,8,31,35,2037,1197,1993
904,498,357,444,861,1197,1541,1214,31,1933,823,1995,92,456,8,1993,74,1156,1637,1796,35
905,357,498,456,1197,92,8,31,74,1993,35,1637,1541,1214,1995,1796,958,1933,444,861,823
906,357,498,1779,1009,1387,1951,740,456,1197,117,92,8,31,74,1993,35,1637,1796,289,591
907,168,1054,1621,1440,1512,1381,798,171,7,6,1511,1640,1322,1783,327,193,1325,262,91,1954
908,35,8,958,74,92,456,1796,1197,498,31,2037,44,357,1637,1993,444,289,1541,1350,2054
909,1541,1214,823,444,1933,861,1995,1156,1350,2054,174,691,963,434,1869,1692,958,591,410,1937
910,861,444,1933,1541,1214,823,1156,1995,31,498,456,357,1197,8,74,1796,92,1637,1993,35
911,727,1833,221,14,93,1396,749,852,1281,1539,1721,1577,1749,1118,1856,582,711,376,128,1381
912,958,1995,1214,2037,444,1933,861,1541,92,31,1796,456,35,8,823,498,1197,289,1156,357
913,799,171,1480,7,991,791,513,1783,2034,871,327,2068,410,944,1750,1588,823,1214,444,861
914,1541,1933,861,1214,444,1995,823,1156,1350,2054,434,691,963,1197,1692,958,719,92,591,1937
915,1541,1214,444,1933,823,861,1995,1156,958,31,35,1018,456,92,74,8,591,1637,113,1197
916,991,944,1480,2068,791,1750,871,1447,1541,1350,1156,1214,1995,823,227,591,1933,174,799,444
917,1387,1779,740,117,1951,1009,591,1447,861,357,934,1933,1197,444,1214,1018,1684,92,74,31
918,168,1054,1961,1621,95,1440,1512,6,1381,1640,1322,712,1325,1705,1010,1751,912,541,166,1684
919,1541,1995,1933,1214,444,823,861,1156,31,498,456,357,1197,8,74,92,1796,1637,1993,35
920,727,221,1833,14,1396,93,852,749,1283,1751,1054,582,1058,1281,1705,1764,1512,1355,1010,1749
921,1387,1779,740,117,1951,1009,8,35,456,74,92,1197,498,31,1796,357,1993,1637,958,444
922,168,1961,799,95,1783,513,1325,171,2034,7,327,1727,1056,541,2002,1054,852,1010,1232,1320
923,168,2034,171,1325,1381,798,799,7,1315,1511,1783,327,193,262,91,912,1749,1954,794,1427
924,1640,1440,1699,6,1621,1447,1322,591,561,1783,799,1350,513,327,7,2054,1588,171,410,2034
925,823,1214,444,1541,861,1995,958,1156,1933,498,74,456,357,2054,92,410,1350,8,31,35
926,1214,861,1995,1933,1541,823,444,1018,1156,1684,375,498,1718,806,1064,92,456,691,35,31
927,1869,410,991,1350,2068,1480,871,1588,1750,791,174,944,870,2054,378,1522,697,1969,236,513
928,8,35,456,74,498,1197,92,31,1796,357,1637,1993,1214,444,861,1541,823,289,1933,1520
929,357,498,456,1197,92,8,31,74,1993,35,444,1637,1796,1541,1214,861,1933,823,958,44
930,168,1440,327,6,799,1727,1725,171,670,1783,1961,166,1325,513,2034,7,912,197,949,1520
931,1783,44,2037,7,799,410,171,1995,1541,513,861,1214,2034,444,1350,2054,1933,1588,1621,1869
932,942,236,1652,378,846,1522,1770,1488,888,2012,990,1276,8,92,357,1018,1684,1350,1214,74
933,8,35,456,74,92,1197,498,31,1541,1214,1796,1995,357,958,1933,444,861,1993,823,1637
934,35,8,74,92,456,1796,1197,498,31,444,2037,1541,357,1214,1637,861,958,1933,1993,823
935,1214,1541,444,1995,861,1933,823,456,1156,804,8,74,958,31,498,92,1197,1796,35,1567
936,168,171,197,912,327,1336,1507,1232,200,1332,1325,1406,799,1727,7,1954,1054,541,670,1619
937,727,1833,221,14,93,1396,749,852,1281,582,1058,1751,1512,1283,1539,1577,1355,1764,1705,1958
938,35,8,74,92,456,1796,1197,498,31,958,1995,1214,2037,444,1933,861,1541,357,1637,823
939,799,1783,7,171,2034,513,327,195,798,1969,262,934,1995,1384,861,1541,1712,205,289,1156
940,991,1750,944,871,2068,1480,791,1851,1898,1793,729,1108,839,594,1800,2043,1219,122,1844,905
941,1541,444,861,1214,1156,823,1933,1995,958,521,1851,1783,498,942,799,759,172,1350,846,905
942,2037,1541,444,1995,1933,1214,44,823,1156,861,958,456,289,35,1796,8,1993,1197,498,92
943,1783,44,2037,7,799,410,171,513,2034,1350,2054,1588,327,958,1322,1640,870,1621,1541,99
944,942,236,1652,378,846,1522,1770,1488,888,2012,990,1276,8,92,357,1350,1214,806,1637,456
945,727,1833,221,14,1396,93,749,852,1281,582,1539,1751,1058,1958,128,1749,1856,1577,1721,1118
946,1387,1779,740,117,1951,1009,456,8,1796,35,31,289,74,1520,92,1197,1480,498,819,1993
947,1541,444,1995,1933,823,861,1581,1156,958,1214,456,289,35,1796,8,1993,1197,498,92,31
948,1581,174,1480,1750,236,1869,944,1522,991,846,1796,871,1652,2068,1350,378,1770,1684,942,2054
949,444,861,1541,1995,1214,823,1156,1933,1350,2054,958,8,456,1869,1796,74,498,174,92,99
950,727,1833,221,14,1396,93,749,852,1281,1721,1749,582,1539,1118,711,1381,1856,1058,128,1703
951,168,1325,171,712,1512,1975,1054,541,166,1684,1449,1727,95,1507,1954,1336,1281,7,1427,43
952,1770,942,888,1652,846,378,1522,236,2012,1350,1214,1488,1276,870,2054,990,1541,8,92,1064
953,456,8,35,498,74,1197,1541,444,31,1214,958,1796,92,1637,861,823,1933,357,1995,1993
954,1541,1214,1995,958,1933,444,861,823,1156,498,74,456,1581,357,92,8,31,35,2037,1197
955,991,944,1692,434,691,2068,1480,1750,719,791,1684,871,823,1995,1624,963,1933,806,861,1214
956,1214,861,444,456,804,8,74,823,1933,1156,1995,31,498,92,1197,1684,1796,1541,35,1567
957,727,1833,221,14,93,1396,749,852,1283,1751,1054,582,1058,1281,1705,1764,1512,1355,1010,1749
958,1541,1214,1995,958,1933,444,861,456,823,1156,8,1796,35,498,31,74,289,1520,92,1197
959,1054,1751,1058,1764,1355,1010,582,1705,1512,1283,1539,1281,1118,1775,1749,711,1865,1381,1721,1143
960,357,498,456,1197,92,8,31,74,1993,35,1637,1796,289,1520,1779,1009,117,819,958,1405
961,1058,582,1010,1054,1283,1705,1751,1512,1764,1355,414,1539,1149,1449,1281,1740,1721,376,1118,221
962,1783,1350,2054,799,2034,171,513,7,591,1937,1447,327,1588,410,1699,823,1640,1621,1322,1440
963,8,1783,1350,2054,456,991,31,799,1637,357,498,2068,92,2034,1480,1796,791,171,944,513
964,1541,1214,1995,958,1933,444,861,823,1156,591,1447,498,74,456,1284,475,1567,357,92,804
965,727,1833,221,14,1396,93,749,852,1281,582,1577,1749,1054,1751,1705,1958,376,128,1721,1512
966,1783,799,171,513,7,2034,327,1350,174,410,1869,1588,1342,1284,2013,870,99,1581,298,1567
967,944,1480,991,1684,1750,2068,1064,1018,871,1718,375,806,791,1541,1214,823,1156,861,444,1133
968,444,1541,861,1214,1995,823,1156,958,1933,2037,44,1640,1350,289,456,1796,498,8,92,35
969,1541,1214,1995,958,1933,444,861,456,823,1156,8,1796,35,498,31,74,289,1520,92,1197
970,1718,806,1018,1684,375,1064,498,8,1197,1796,92,357,691,456,31,1637,1480,35,74,1624
971,958,2037,1541,444,289,1995,44,1933,1796,456,35,823,861,498,1156,8,92,74,31,1197
972,375,1684,806,1018,1064,1718,1133,677,1480,944,1750,991,2068,871,1898,236,2043,905,729,804
973,8,35,456,74,92,1197,498,31,1796,357,1993,1637,958,1779,444,117,2054,44,1214,1783
974,301,1721,1183,1283,109,712,582,1751,1010,763,1054,299,1058,1764,1111,128,1961,1539,1958,1512
975,168,95,166,1325,1727,852,671,541,1320,949,2070,1289,1507,1492,1268,1315,197,790,1533,1132
976,301,1721,1183,1961,763,1283,109,727,1958,1539,1010,1751,582,712,1058,1764,1705,1512,1725,221
977,1783,171,799,513,327,7,2034,174,410,92,456,35,498,1541,1350,74,444,1214,1197,823
978,799,513,1783,7,171,2034,327,1350,410,1541,870,113,289,1588,99,2013,958,444,1214,804
979,823,861,1214,444,1541,1156,1933,1995,1018,375,958,1064,1684,806,1718,498,74,1973,456,2068
980,1779,1009,1387,1951,740,117,8,35,456,74,92,1197,498,31,1796,357,1993,1637,289,1520
981,498,1197,456,1541,8,1214,1995,92,958,35,74,1796,1933,1637,444,357,861,823,31,1156
982,719,1692,531,434,1624,691,2054,1350,1684,963,1064,806,410,2037,1718,375,1783,171,44,1018
983,1387,1779,1009,740,117,1951,8,35,456,74,92,1197,498,31,1796,357,1993,1637,958,444
984,991,944,1480,871,1750,2068,791,1684,1214,375,236,1522,1898,823,1064,1851,1133,942,444,1018
985,8,35,456,74,92,1197,498,31,1541,1214,1796,1995,357,958,1933,444,861,1993,823,1637
986,1322,1640,1440,1699,561,1621,6,1783,799,171,513,7,2034,327,1350,174,410,1869,1447,1588
987,1480,944,991,791,1750,2068,871,375,1439,1684,1018,806,677,1973,804,1214,1064,1350,1718,68
988,1541,444,861,1214,1156,823,1933,1995,958,521,1851,1783,498,942,799,759,172,1350,846,905
989,1541,1214,1995,958,1933,444,861,823,1156,44,2037,498,1350,74,456,1447,591,357,92,8
990,727,221,1833,14,1396,93,749,852,1058,1705,1577,582,1281,1721,128,376,1740,1749,1355,1703
991,357,498,456,1197,92,8,31,74,1993,35,1637,1541,1214,1995,1796,958,1933,444,861,823
992,357,498,456,1197,92,8,31,74,1993,35,1637,1796,1214,861,444,804,1779,823,1933,1156
993,1779,1009,1387,1951,740,117,456,8,1197,1796,74,498,35,31,289,1520,92,357,819,1993
994,1214,958,861,444,8,2037,456,804,35,44,1197,1350,74,591,823,1933,1541,1156,1995,31
995,944,1480,991,1684,1750,2068,1064,1018,871,1718,375,806,791,1133,677,691,719,1214,434,1898
996,1783,799,2034,513,171,327,7,1350,1640,1322,1699,1440,174,6,1869,1621,2054,410,1937,561
997,942,236,1652,378,846,1522,1770,1488,888,2012,990,1276,1640,8,1440,92,1699,357,1018,1322
998,456,8,444,35,498,74,1197,1541,31,1214,958,861,1796,92,1637,1933,823,357,1995,1993
999,944,991,791,2068,1750,871,1480,1869,1350,1439,410,823,870,1783,174,1712,1973,1214,444,1588
