0,174,823,498,1541,1156,1995,8,861,444,1993,74,357,35,1197,1214,1796,1869,1933,456,958
1,1156,444,861,823,1995,1541,498,1933,1214,1993,8,35,1197,357,456,74,1796,958,31,1637
2,1869,174,1581,1156,444,581,2013,861,958,1995,944,1480,823,99,1781,2054,1933,991,791,1447
3,2034,799,1588,327,410,513,171,7,1783,1995,861,174,1214,1933,1541,1156,823,444,1869,1581
4,1156,823,1995,861,1541,444,1214,1933,174,498,1993,8,35,958,1796,1869,357,1197,31,92
5,7,327,171,2034,513,799,1783,1320,299,1856,253,410,1322,1350,440,613,1958,1186,648,1330
6,958,1869,357,498,1796,174,1993,1197,444,1581,1995,8,1637,31,1156,1541,1933,861,92,74
7,498,1009,8,74,1387,357,1796,92,456,1637,1993,31,740,35,1197,1779,117,1951,289,958
8,262,1511,1384,195,23,794,571,934,798,156,1969,205,193,1583,1588,787,405,1022,227,410
9,958,8,1993,174,1869,357,74,1796,498,1156,456,35,444,31,1197,92,1995,44,1541,861
10,1844,621,839,729,422,172,1255,905,759,594,528,1800,1219,1851,1592,1793,2043,1108,1035,521
11,944,1480,871,991,791,2068,1750,621,839,122,1652,1718,375,806,1018,594,846,1898,1255,1933
12,1995,1156,1214,1541,823,861,1933,444,174,944,1869,958,357,227,8,1480,1750,1993,74,991
13,44,2037,1937,289,2054,1973,727,1350,364,221,1186,1404,174,410,823,444,14,613,1439,1156
14,174,1869,1583,2013,23,581,262,571,1022,405,195,794,156,205,99,1781,1621,193,1969,870
15,376,1577,1740,1111,1783,7,171,513,2034,799,44,1581,327,840,475,753,1775,1372,1588,1559
16,1588,410,2034,513,7,171,327,823,1214,1783,444,1995,1581,799,861,174,1156,1933,1541,227
17,1156,444,1995,823,861,1933,1214,1541,958,174,1869,498,2013,1993,8,44,1796,1581,357,35
18,958,44,1814,2037,1156,1261,444,1492,1796,1933,498,823,1927,1056,861,2013,1995,8,1061,21
19,691,963,1692,531,1624,434,719,806,1684,948,375,912,174,200,819,2034,1718,1520,991,1064
20,174,1869,1995,410,1214,823,444,1588,1541,861,1712,571,195,1156,697,958,99,1933,262,794
21,1993,498,8,1796,74,357,456,958,31,35,1197,444,92,1637,1156,1995,861,1933,1541,823
22,571,23,2013,195,156,262,794,1869,174,1969,205,934,958,1384,524,193,465,1781,1511,99
23,991,944,791,871,1480,1750,174,1869,2068,1581,444,1447,2054,697,823,1156,861,591,1995,227
24,571,23,934,205,794,262,156,1511,193,195,1969,798,1384,410,1588,174,1869,1932,113,958
25,410,327,171,1588,7,513,2034,1783,712,799,43,1400,168,442,364,77,1740,1533,684,1577
26,1796,8,958,1156,498,74,1993,1995,35,357,456,444,174,92,1869,1197,861,31,1214,1541
27,1557,474,575,1873,1405,200,1529,948,65,912,1520,731,523,224,670,546,274,358,1534,819
28,2054,1350,958,1937,1581,74,498,1993,8,1322,456,1796,357,1197,31,1156,174,1637,444,289
29,958,1869,2013,174,44,1781,1581,1993,1322,1156,1440,99,995,498,465,2037,581,524,1932,571
30,174,1869,444,823,861,1995,1541,1156,410,1214,1322,1933,1621,1640,958,327,44,1440,171,1588
31,1869,1289,671,174,1583,405,23,1022,195,193,1384,2013,794,787,156,1511,205,934,571,581
32,677,1133,74,357,1993,1018,8,1718,498,1197,1064,92,375,35,806,1637,1796,31,456,1684
33,8,498,35,92,456,1796,74,357,958,1637,1197,1993,31,1951,1995,740,289,1387,1640,1156
34,7,2034,513,327,799,1783,171,1588,410,99,1097,1712,581,787,958,444,174,861,2054,1781
35,2034,7,799,513,171,1783,327,1640,1322,1699,1440,1621,99,6,1581,1588,581,561,787,1712
36,357,74,8,1993,498,456,1796,944,871,31,1480,621,594,991,92,35,2068,422,1750,791
37,1183,171,896,1783,7,799,43,1951,1118,648,1098,513,1853,712,1268,1749,1539,1958,460,1703
38,498,35,1993,8,357,1796,74,1197,92,31,456,958,1637,1156,1995,1214,1933,444,289,1387
39,727,1833,221,14,93,749,1396,852,1183,1725,1853,881,301,1958,1320,403,1697,1923,210,1696
40,1058,1705,1512,1355,1764,1010,582,1054,1751,1283,414,1806,448,1149,1381,1143,1749,711,1775,1539
41,1009,1951,1779,1387,740,117,958,498,35,1796,1993,602,31,2037,357,289,1637,731,8,456
42,174,1322,1869,1621,1640,787,405,1699,1440,99,2034,1581,1308,1156,444,581,1870,1995,561,116
43,2034,1588,513,410,7,327,1783,171,799,1712,174,787,1581,1869,1214,1541,1583,99,2013,861
44,1993,498,1796,35,357,31,74,8,92,1637,456,1197,958,1995,444,1541,289,1156,1214,861
45,861,1156,1933,1541,823,1995,99,444,1214,944,1350,581,1581,1480,791,1640,2054,1440,1322,958
46,1712,1439,227,513,2054,1056,1783,1350,958,787,2034,2013,1404,799,1915,1440,995,1937,1206,1973
47,1058,1512,1705,1355,1054,1764,1283,1751,582,1010,414,1806,448,1149,1775,1143,1381,1923,730,1592
48,128,1058,1010,1705,1054,1283,1355,582,1764,1751,1512,43,712,1281,763,881,1118,1775,1856,1143
49,116,1308,1870,787,1022,1621,405,1640,1583,1699,1869,1322,2013,1440,561,174,6,1581,195,262
50,498,8,1993,357,1796,74,35,1156,1995,444,456,31,1541,92,1197,861,958,1933,1637,823
51,1512,1705,1058,1764,1054,1355,1283,582,1751,1010,414,1806,448,1149,730,1143,711,763,1381,1867
52,787,1583,405,1022,1870,1308,116,799,2034,171,513,7,156,1581,1783,1869,327,794,99,870
53,410,1588,2034,7,513,327,1783,799,171,1699,1640,1712,1440,1581,6,168,1322,440,561,483
54,498,1993,1156,1995,823,8,861,1541,444,1933,958,1796,1214,35,31,357,456,1197,92,74
55,498,8,92,74,456,1197,1993,31,357,1581,1637,1796,35,2054,1322,1640,174,958,1869,1440
56,1640,1699,1621,1440,1322,6,561,1869,174,444,581,99,2013,1581,2034,1350,1781,1995,787,591
57,498,74,1796,35,1993,357,8,92,456,31,1197,1637,1387,1779,1557,1009,224,575,1873,289
58,1588,410,174,1640,1869,1621,958,1440,1322,697,1699,2034,327,465,571,262,6,475,171,113
59,1447,591,1869,444,174,1581,1156,1440,1995,1322,995,2013,2054,823,1781,1993,1541,861,1621,804
60,677,1581,1973,1133,1439,1404,1814,21,1261,1492,1061,1697,621,1718,1018,1927,823,99,1064,1156
61,410,44,1588,174,171,327,513,1869,7,799,2034,581,2013,99,1781,1783,2037,958,405,444
62,1058,1705,1512,1355,1764,582,1751,1010,1283,1054,1806,414,448,1149,730,1381,1867,1143,1281,763
63,991,944,1480,791,871,2068,1750,1869,1447,591,581,174,846,1342,99,68,804,1156,524,227
64,1814,498,958,1796,1261,8,21,1993,1492,1927,1197,1697,1061,456,35,74,1156,31,1637,44
65,958,498,1796,8,44,1993,2037,357,456,74,1156,35,1197,92,444,1869,31,174,2013,1995
66,1844,422,729,621,528,839,1800,1255,905,1219,172,594,1851,759,1035,1275,1108,2043,1592,521
67,1869,1322,1993,174,1699,327,498,1541,1995,1640,1214,6,357,31,1440,513,35,8,7,74
68,1588,410,1581,2034,1440,1640,174,1322,958,7,327,799,2054,6,171,1056,513,1621,99,1699
69,1512,1355,1705,1764,582,1058,1054,1283,1010,1751,414,1806,448,1149,730,1381,1143,1775,711,738
70,1995,1156,861,444,823,1541,1214,1933,958,174,1869,1993,498,1581,99,2013,525,31,8,1796
71,327,7,171,799,513,2034,1783,1588,410,1581,1322,2054,99,1350,1332,1621,581,1937,1440,1699
72,498,8,357,444,1796,958,1995,1993,1156,1541,35,74,861,1933,456,1214,1197,31,1637,1869
73,958,31,498,1993,8,456,35,74,357,1796,1637,92,1197,44,2037,1995,444,289,1933,823
74,958,1869,174,2013,44,1581,2054,99,1781,1322,2037,581,444,1440,1640,1350,410,1056,1588,787
75,498,1993,357,35,1796,8,74,958,31,1637,1197,456,92,1995,1156,444,861,1933,1541,823
76,174,1156,444,1995,846,991,1869,2012,944,1522,1541,1652,861,823,1933,942,1480,990,1770,1447
77,2034,174,1783,513,7,327,799,2054,1322,171,1350,823,410,1640,444,1541,99,806,1588,227
78,410,513,1588,7,174,327,799,171,1783,1869,2034,1583,787,1699,99,405,1781,870,1022,1712
79,958,1640,591,1447,1322,227,1783,2054,799,1995,1156,1719,1350,513,7,977,1937,1993,327,1541
80,958,1993,498,8,444,357,1995,74,31,456,44,1156,1796,35,1933,1869,1637,174,823,1214
81,410,174,1869,2034,1581,1699,513,1588,1322,1440,1640,1621,6,23,7,156,171,327,561,195
82,513,7,2034,171,327,799,1783,410,1588,364,1322,1332,6,1937,1581,1699,1640,1350,1621,2054
83,2034,7,410,1581,1588,513,171,327,1783,799,174,2054,1937,581,1781,1712,1719,1869,444,1214
84,1480,991,944,871,791,1750,2068,1718,375,839,594,621,422,1018,1800,729,759,174,1064,1255
85,1322,6,1440,1699,1640,561,1621,289,44,1056,2034,99,1583,787,1783,2054,513,1350,1046,405
86,1856,1725,168,298,697,1023,698,1932,465,475,524,68,1870,909,804,113,1308,1046,1284,916
87,791,1480,991,944,871,2068,1750,1447,591,1581,1652,422,839,846,942,621,1255,227,375,521
88,1699,1640,1621,1440,1322,6,561,1869,2034,174,1581,787,1583,116,1447,697,1870,799,405,7
89,575,1529,200,224,1557,474,1873,731,1405,948,912,65,523,1520,546,670,1534,274,1672,358
90,1750,944,871,1480,227,791,991,1009,74,1779,1951,1387,2068,8,806,531,1624,357,434,1993
91,410,1588,44,958,1156,1933,2037,444,1214,1056,1541,1781,2013,1995,1719,861,823,1097,2054,289
92,1512,1705,1355,1764,1054,1058,582,1283,1010,1751,414,1806,448,730,1149,1281,1867,1381,1775,1143
93,498,1796,8,357,74,35,1993,92,1197,456,958,1637,31,289,174,1387,1156,1869,44,1995
94,1156,1995,444,861,1214,823,1541,1933,958,35,498,357,1796,1993,8,1197,1637,92,174,456
95,7,2034,171,410,513,1783,1588,327,799,1751,1512,1764,1058,1355,582,1705,440,1010,1054,648
96,958,444,1995,1933,1156,1214,174,23,823,498,794,861,1993,410,1541,1581,357,1869,44,8
97,958,410,1588,498,31,1993,8,456,74,357,1637,35,2054,227,23,92,525,1796,174,1197
98,498,1796,8,74,35,1993,357,456,92,1197,958,31,1637,1156,1869,1995,174,444,861,1541
99,7,799,171,513,1783,2034,327,410,1588,1719,1581,1097,268,581,1201,1100,1781,1921,1712,870
100,7,1783,727,2034,327,171,513,168,93,648,410,221,442,43,763,262,799,197,1396,691
101,2034,513,799,7,171,1783,327,1712,861,1581,1995,1583,2054,1933,1214,1350,581,1322,823,405
102,1156,958,444,1995,1933,861,1541,823,1214,44,498,1796,2037,8,1869,1056,2013,357,174,1993
103,958,498,1993,8,357,1796,74,35,31,1637,1197,456,92,289,1009,1995,227,1322,1581,1156
104,791,944,1480,991,871,444,1933,1750,2068,861,1156,823,1995,1581,1214,1541,174,591,1869,1447
105,1156,1933,1541,1995,1581,444,823,861,1214,958,2034,327,1993,525,513,498,1588,7,410,799
106,958,1156,498,444,1933,861,823,1541,1993,1995,1214,1796,35,8,44,1197,174,2013,31,456
107,712,43,513,1583,1581,1954,405,1973,1712,1332,787,1336,602,918,128,740,2034,7,1865,1699
108,1009,1951,1387,740,1779,117,958,168,609,255,1384,483,794,262,289,1186,1637,23,156,798
109,227,944,871,791,1480,1993,1750,1951,1214,991,1995,8,1156,498,1933,74,31,357,958,1009
110,944,871,991,1480,1750,2068,791,839,621,594,1898,172,422,1652,1255,122,729,759,1592,1844
111,958,444,1156,174,1995,1581,823,861,410,1541,1933,1869,1588,1640,1440,1214,1056,1322,357,1993
112,174,1869,1588,513,2034,327,410,7,171,444,1541,799,861,823,1783,1995,1156,1933,1214,581
113,958,74,113,1796,35,498,1993,31,456,357,1322,1581,2059,1156,1046,92,1637,68,1023,1640
114,44,168,1973,327,1056,7,513,2034,727,1937,1404,2037,2054,1781,410,1320,684,1186,171,613
115,498,357,1796,8,1993,74,35,92,456,1197,31,1637,1387,958,1009,1779,1951,1995,1869,444
116,1281,1539,1775,1749,410,711,1143,1118,1381,1588,1705,582,414,1149,958,1764,1783,1439,1054,513
117,958,498,1993,8,31,357,1197,456,74,1588,35,92,410,1796,174,1581,1637,1869,1322,1640
118,1156,1933,823,444,861,1995,1541,677,375,1718,1214,806,1064,1133,1684,1018,174,1993,357,498
119,1156,1995,861,444,823,1933,1541,1214,958,357,1993,8,498,174,35,1796,1770,74,92,236
120,1869,174,2013,410,44,1995,1156,958,1588,444,861,1214,1541,823,581,99,787,405,1781,1056
121,1833,727,221,14,93,1396,749,852,1725,1183,1664,1703,301,881,337,582,1923,1400,1118,1775
122,498,1993,357,8,1869,958,1796,444,74,174,35,1197,456,1995,1156,31,2013,92,1637,1541
123,498,8,357,74,456,1197,1796,1993,31,92,35,1637,2054,1350,958,444,227,174,99,1937
124,498,8,74,456,1796,92,1993,357,1637,31,1197,35,1387,1009,740,1951,1779,117,958,289
125,1581,823,861,1995,1869,1156,2034,1541,1322,1640,513,7,1621,6,171,1783,444,799,1933,1214
126,2034,7,410,1783,171,513,1588,327,799,2054,414,44,1512,1201,1712,525,823,1705,1751,1719
127,1387,1779,1009,1951,74,740,117,1796,8,1993,498,35,227,357,92,456,31,1322,944,1197
128,1869,174,44,1350,2054,2037,1937,958,1056,1781,1322,2013,99,1640,498,581,1621,697,357,1993
129,1993,498,958,1156,8,1995,444,823,1796,357,1541,1869,174,35,861,74,31,1933,456,1197
130,1447,591,1933,861,823,444,1156,791,1214,1581,1995,1541,944,227,1480,1750,991,2054,871,1870
131,498,1796,8,1993,35,357,74,456,92,1197,31,1637,958,1156,444,1995,1541,1869,44,861
132,727,14,1833,93,221,852,749,1783,2054,1396,7,1937,1183,799,1438,1397,1350,513,1320,2034
133,2034,1588,7,410,1545,327,1783,1056,799,513,1097,727,1619,677,1132,227,2054,1308,1351,171
134,1009,1387,1951,1779,740,117,227,944,1480,1750,791,357,8,871,498,74,1796,991,1993,35
135,958,1993,498,8,1796,35,1197,357,31,1637,74,444,44,1995,1156,2037,456,92,289,410
136,1281,1775,1143,1539,1118,711,1381,1749,1058,1705,582,1283,1764,1054,1010,1355,1751,1512,712,414
137,1775,711,1381,1539,1281,1749,1118,1143,1705,1721,1664,1058,93,749,513,727,738,807,1211,763
138,444,1995,1156,958,823,1541,1214,861,1933,174,1869,410,1993,35,1588,1197,498,31,357,1637
139,1844,729,172,621,422,1219,1035,759,1851,905,521,1592,528,1108,1255,594,1800,1275,2043,839
140,958,1156,1995,444,498,1796,1993,8,1541,823,861,1214,1933,35,31,357,456,44,74,1197
141,1581,2054,1640,1440,581,823,1350,99,1621,1781,861,44,1322,1541,799,870,958,2034,561,1995
142,727,1833,221,14,93,749,1396,852,1539,1775,1725,1054,1118,337,1281,711,582,1381,1664,1400
143,1588,2034,410,327,171,513,7,1783,799,1581,174,2054,444,1712,99,2013,1322,581,1440,1640
144,591,1447,1869,787,1699,405,1640,1022,174,1440,1870,116,1621,1322,227,1583,561,1308,6,1588
145,168,613,440,255,483,513,1186,609,2034,327,1192,410,2070,171,1832,960,1763,7,1973,1950
146,1058,1512,1705,1355,1751,1764,582,1010,1054,1283,414,1806,1149,448,1381,1143,43,2043,1923,1775
147,2034,171,410,7,1588,327,513,799,1783,174,581,1511,1712,823,156,1350,44,1719,99,440
148,1725,648,763,1183,1961,1856,1703,1649,1400,301,1551,1740,749,93,1958,1268,403,1111,881,442
149,1581,1588,410,2054,1869,1440,174,99,1621,1322,1640,1781,581,1699,697,1937,525,1350,1870,1712
150,168,609,613,255,1186,483,440,1192,1973,1951,1763,109,1439,437,117,1308,1937,2070,1954,1821
151,174,1869,410,2034,327,171,799,1588,513,1781,7,1783,1712,1322,1699,1621,581,1440,156,99
152,2034,513,171,7,799,1783,327,787,1870,116,1308,1583,405,1022,1640,1699,1869,1621,1581,1588
153,1058,1512,1705,1054,1355,1764,1283,1010,1751,582,414,1806,1149,1923,448,1143,1381,1775,711,43
154,991,944,791,823,861,444,1995,871,1156,1750,1933,1480,1214,1541,2068,174,942,1488,846,1276
155,1844,839,621,422,594,1255,528,1800,729,905,759,172,122,1898,1851,1793,2043,1592,1275,1219
156,944,1194,227,991,1480,791,1750,871,1156,2068,1995,1214,823,1779,1770,1933,861,1652,1447,1869
157,677,375,1718,1018,1133,806,1064,357,1684,74,8,1993,498,1197,92,444,1637,35,456,174
158,958,1156,44,444,1995,2013,861,1933,823,2037,1214,1541,1869,498,1581,174,1796,1056,1781,99
159,1869,174,2013,571,410,1588,205,262,23,156,195,934,193,794,1511,1384,1969,798,1583,1699
160,1869,174,327,410,7,513,1783,1588,2034,171,1581,799,958,99,1995,1712,1541,44,1322,1781
161,944,1480,991,871,791,1750,2068,1933,444,375,1156,227,861,1995,1718,806,823,1018,1652,1447
162,410,1588,513,1440,2034,1699,171,561,7,1322,1621,1783,327,1640,6,1937,2054,799,44,1350
163,958,1993,498,8,444,74,174,456,1869,357,1156,2013,1197,1995,1796,31,1322,92,2054,35
164,823,1156,444,174,1581,1214,861,1995,1541,1933,1588,23,156,195,794,410,1869,405,2013,934
165,513,7,2034,1783,799,327,171,1588,410,1056,1973,1439,1404,730,1206,253,1214,44,268,1261
166,174,327,171,7,1869,2034,410,513,444,823,1541,1588,861,1322,1621,1783,1156,1995,799,1640
167,958,1993,498,357,35,1796,8,31,74,1637,1995,1933,444,1156,1197,456,861,823,1541,1869
168,168,483,613,440,1186,609,255,166,763,138,1192,1308,1832,2070,591,1950,1763,1937,1870,1545
169,410,727,1973,44,1427,2037,221,289,1937,1186,1404,1509,1545,174,1588,14,613,168,2054,1853
170,1993,958,8,498,1869,74,357,174,456,444,1156,35,1796,31,1197,92,1995,1637,823,1541
171,1009,1387,1779,1951,740,117,498,1993,1796,35,357,31,74,958,8,1637,456,92,1197,289
172,944,1480,1933,823,1440,1588,958,444,1581,942,1640,991,846,1699,861,1156,2068,1995,871,791
173,958,498,1993,8,31,44,1995,410,1933,444,1588,357,1637,2037,74,1796,456,35,1156,823
174,799,327,2034,513,171,7,410,1588,1783,174,1869,958,1995,823,444,581,1781,1214,1156,1541
175,410,1588,174,1869,1440,1581,1322,1621,2054,1640,697,6,1699,561,958,1781,1350,2034,1284,1937
176,444,1156,1995,823,1541,861,1933,1993,1214,958,498,8,1869,357,174,1796,35,74,31,456
177,498,1993,31,35,8,1796,74,456,1637,92,357,1197,958,1541,1995,861,444,1214,1156,823
178,410,1588,799,171,2034,327,7,513,1783,2054,1937,1322,1581,1201,6,1350,1332,1440,1712,918
179,7,2034,171,1783,513,799,327,410,1588,648,787,1719,581,1097,440,1583,44,483,1640,99
180,2034,1783,1712,1581,513,171,7,1332,799,327,918,410,1588,1201,405,99,23,1583,2054,581
181,410,1588,7,2034,513,171,1783,327,799,1581,582,1751,1764,1010,1058,1355,1512,1054,174,483
182,727,221,1833,93,14,1396,749,852,1183,1664,301,1725,1923,1697,1927,941,95,1775,1118,210
183,168,613,440,483,609,255,1856,1186,1439,2070,437,1973,109,1950,1821,1718,1400,1789,807,1192
184,1512,1058,1705,1355,1764,582,1054,1283,1751,1010,414,1806,448,1149,1143,730,763,1381,1775,711
185,958,44,444,1995,8,498,2037,1993,1156,1796,357,1933,1869,31,861,174,74,823,1541,35
186,1058,1705,1512,1764,1355,1054,1010,1283,582,1751,414,1806,1149,448,1143,1381,711,1749,1539,1775
187,1869,513,2034,958,2013,171,174,1156,327,787,7,444,1783,799,1995,405,861,410,1541,1581
188,697,1581,1447,227,991,1869,791,2054,944,174,1322,871,1480,591,799,1640,2034,1621,1750,1440
189,1058,1705,1512,1355,582,1764,1283,1054,1751,1010,414,1806,448,1149,730,1381,616,1143,1867,1775
190,1640,2034,1621,1322,1699,513,1440,1783,327,171,7,799,6,561,1869,174,444,1581,1588,99
191,1488,1522,1652,1770,236,846,1276,990,942,888,2012,378,861,444,1541,1156,1995,823,1933,1214
192,174,1869,1995,823,444,1214,1156,861,1541,1588,1581,1933,2013,410,958,2034,1712,581,23,195
193,74,1993,1796,498,8,35,357,92,1197,456,1637,31,1156,1814,1995,806,677,1064,1214,958
194,174,697,1869,2013,1350,44,410,727,2054,2037,1973,1699,1541,1712,823,1447,1156,2034,1937,1046
195,168,483,609,613,763,255,440,2070,1762,519,1961,1449,960,1789,1951,1545,688,1649,1186,166
196,498,8,74,357,35,92,1796,1779,1387,1197,958,1993,1637,1951,289,456,740,1009,31,117
197,1512,1705,1764,1355,1058,1054,1283,582,1010,1751,414,1806,448,1149,730,711,43,1143,1381,738
198,861,1156,1995,444,823,1933,1541,1214,174,1869,944,227,1480,1770,791,1522,1652,942,846,1581
199,1009,740,1387,1951,117,1779,8,456,74,357,498,92,1637,31,1796,1993,1197,35,289,575
200,958,1156,1995,498,1796,8,1993,1322,74,1869,444,357,174,1214,35,456,861,1640,1581,1541
201,174,958,1869,1588,410,44,2037,444,2013,1781,23,1995,1214,1933,823,581,99,1156,1056,156
202,168,1856,881,738,2070,483,1923,1961,763,437,255,609,613,1400,109,1545,712,440,1725,916
203,7,513,410,327,1783,2034,1588,799,171,44,1712,960,377,1581,590,2037,1541,1206,1869,958
204,156,1969,1712,195,23,2034,205,571,1511,934,1581,1588,798,1332,918,444,1783,171,410,794
205,2034,513,7,171,1783,799,327,410,1588,1581,1712,168,1541,1350,1214,1937,1621,958,1995,1933
206,2034,171,799,7,513,327,1588,410,1783,174,861,823,1156,1214,1995,1541,1933,581,1869,1712
207,1640,1440,1322,6,1621,1699,1581,174,1350,2054,561,227,1541,1937,1869,581,823,444,1995,861
208,1699,1869,1156,1995,174,823,444,1640,1541,861,6,1933,1581,1322,958,1214,1440,1621,561,23
209,1588,410,327,171,2034,174,7,799,513,1869,1581,1783,2054,1440,1640,1322,958,1621,1781,6
210,1588,410,513,1440,2034,327,1322,1783,171,1699,7,561,799,1640,1621,6,2054,1937,1186,1350
211,327,513,7,1783,2034,171,799,410,727,1588,648,852,14,168,1438,403,2054,1937,237,93
212,513,7,2034,327,171,1783,799,1588,410,364,1097,2054,1937,1719,1712,1581,168,590,1350,787
213,727,1833,221,14,93,852,1396,749,1183,941,1664,1721,1320,301,1268,1725,1461,1853,541,1400
214,958,410,1588,44,1581,2037,1995,498,1933,31,1993,1056,444,1719,8,823,1197,456,35,99
215,410,1588,2034,7,171,1581,513,1783,327,2054,799,1937,1712,1350,1332,525,918,581,1781,1201
216,1833,221,727,14,93,1396,749,852,1725,881,582,1118,1703,1775,1183,1539,1281,301,1381,337
217,410,2034,1588,327,513,171,7,799,1581,1869,1322,174,1440,1699,1783,113,1621,524,1781,475
218,1480,944,991,791,871,2068,1750,1844,1255,839,594,422,729,621,759,1275,1035,1898,521,2043
219,1588,410,1869,174,1440,2034,513,1699,405,1640,1322,1447,1156,787,1621,1995,591,7,1583,327
220,8,498,1993,1796,74,357,958,35,456,1197,92,31,1637,1869,174,44,1156,2037,444,1995
221,23,1440,262,571,1640,1511,6,1969,156,193,616,934,195,1621,1699,1384,794,1322,205,798
222,1869,1322,174,1699,1640,1621,6,444,1156,327,1995,1440,1993,561,1541,498,2034,1214,171,357
223,410,1581,1588,870,2054,440,958,799,609,174,1869,1995,1640,1783,613,255,1186,1781,7,918
224,1512,1764,1355,582,1705,1058,1010,1054,1751,1283,414,1806,448,1149,730,738,525,43,1381,1281
225,444,1869,174,1156,823,2013,1541,1214,1995,861,1933,1308,1581,787,405,1022,1583,1870,23,697
226,958,174,1588,1869,410,2013,444,1581,1156,1995,2034,99,1640,1322,1440,1621,327,1781,513,1056
227,944,871,1480,1750,991,791,2068,1933,227,444,1995,1156,357,861,1652,8,823,1541,846,1993
228,944,871,806,1018,1718,1480,991,375,1064,1750,791,621,1156,1933,1995,677,839,444,122,861
229,1588,410,327,444,2034,823,174,1214,861,1995,1933,1156,513,1541,7,799,1581,1869,1783,171
230,498,1993,8,357,35,74,1796,92,1197,31,1637,456,958,174,1156,1541,1995,444,823,1869
231,1214,861,1156,823,1541,1995,444,1933,174,958,1869,2013,1404,1581,1488,99,513,35,1056,525
232,7,2034,327,1783,513,171,799,410,168,1588,440,648,44,483,613,1950,255,1058,1186,1274
233,1156,1995,861,1933,444,1214,823,1541,958,174,357,498,8,1869,1993,1796,236,35,1637,1770
234,1581,1214,1156,958,498,1995,861,444,525,1993,823,1541,35,1796,8,1197,174,456,1933,1637
235,2034,513,7,1588,410,799,327,171,1783,1581,1322,1621,1640,1719,1781,1712,787,1097,581,44
236,375,806,1718,1018,1064,1684,2054,1933,1350,1480,1156,1447,227,1214,861,1692,677,1750,991,444
237,1869,444,1156,174,1995,823,1541,861,1214,958,1933,2013,1993,787,405,1781,99,1581,498,1322
238,1993,1156,444,1869,8,958,498,74,174,357,823,1995,44,1933,2013,1796,1197,1018,1781,677
239,1869,174,410,1588,2013,1583,787,405,1022,156,571,23,113,99,794,1969,581,1781,524,262
240,410,2034,513,327,171,1783,7,799,697,1588,174,1869,1870,2013,364,44,787,1308,168,1583
241,174,1869,327,2034,7,410,513,1783,799,2054,171,1583,1588,581,1350,958,1937,1781,99,405
242,861,444,1156,1933,823,1541,1995,1214,1718,677,375,791,806,1993,1447,174,944,498,357,1480
243,1869,1699,174,1640,787,156,1621,1440,23,1322,1583,561,6,116,405,195,1870,1022,1384,205
244,174,2034,327,410,171,1869,1588,799,513,7,823,444,861,1995,1156,1214,1541,1933,1783,1781
245,1156,444,1995,823,1541,1933,861,1214,958,1993,498,174,1322,8,1869,1440,1581,357,35,1640
246,958,498,1995,1993,8,444,31,357,1933,1156,1796,74,1214,35,1637,823,1541,456,861,174
247,44,2037,2034,799,289,513,1186,613,327,787,1783,1853,171,1910,221,7,727,483,852,410
248,1764,1355,1512,1705,1058,1010,1054,582,1283,1751,414,1806,448,1149,1381,730,1143,711,1539,1281
249,1995,1156,444,1993,1541,8,498,357,456,35,1214,1796,861,74,31,1933,823,1637,92,1197
250,1588,410,513,2034,7,327,799,171,1783,1995,861,823,1541,1156,1933,1214,444,1581,174,1869
251,174,1869,327,2034,513,171,7,799,1783,410,1588,1322,465,1586,524,113,804,1144,68,1046
252,787,1583,405,1022,1581,2013,513,1640,581,870,1783,1699,2034,799,1869,794,410,99,7,1274
253,2034,513,799,410,1588,327,7,171,1783,174,1056,1581,1214,1869,1712,1156,861,1995,2013,1541
254,174,1480,1995,444,861,1933,791,944,1869,991,1750,823,1156,1581,1541,871,2068,1214,1522,1588
255,498,1796,1993,8,456,357,31,74,958,35,92,1197,1637,444,1995,1156,1541,823,861,1933
256,727,221,1833,14,93,749,1396,852,1183,941,301,1721,1725,1320,1400,1697,2037,881,1664,541
257,498,8,1993,1796,74,357,35,92,456,31,1197,1637,958,289,1387,44,1009,1156,1995,2037
258,1869,174,23,794,2013,571,156,1583,195,405,934,787,205,262,444,1384,1969,1588,1022,193
259,958,498,444,1933,44,1993,1588,410,1156,1995,2037,31,823,8,1214,23,861,456,74,1637
260,168,1406,513,2034,43,327,1973,1783,646,1821,230,2002,897,727,364,7,1400,420,358,166
261,1588,2034,410,171,7,799,513,327,1783,1581,1640,1322,1440,174,1712,1699,561,6,1621,99
262,944,1480,991,871,839,1844,791,1750,594,621,759,1255,422,2068,729,1800,122,172,1793,528
263,1009,1951,1387,1779,117,740,44,958,2037,602,289,1796,1993,1056,31,35,1637,498,609,1545
264,1480,991,944,791,871,2068,1750,621,1898,422,1255,594,1035,122,1851,839,729,2043,905,591
265,727,221,1833,14,93,1396,749,852,1183,1725,1400,881,301,403,337,364,1539,1118,582,541
266,1995,1156,1322,1869,1214,1699,444,1541,174,1581,823,1933,1440,1640,1993,861,1621,6,405,498
267,174,1869,823,1995,1541,1214,1156,444,1933,1588,1781,410,861,99,697,581,513,2034,327,799
268,1156,1995,861,823,1581,1214,444,1933,1541,174,958,1588,1869,410,227,2054,990,1770,1322,1440
269,2034,174,513,171,799,7,327,1214,1869,1588,1156,1783,1581,1995,861,823,410,1541,99,1712
270,444,1933,1993,1995,357,8,498,861,74,1156,823,31,1214,1796,456,958,1541,1637,174,791
271,1856,327,2034,1350,648,171,513,7,410,1937,763,2054,1870,1973,727,77,44,1232,1056,650
272,498,1993,8,31,958,357,456,74,35,1796,1637,92,1197,1995,444,1933,1156,289,1214,1541
273,1058,1705,1512,1355,1764,1054,582,1283,1010,1751,414,1806,448,1149,43,730,1143,1381,711,1749
274,1058,1512,1705,1355,1054,1751,1764,582,1010,1283,414,1806,1149,448,1143,1381,1775,2043,1923,1592
275,8,74,958,456,357,1993,1796,289,31,498,1197,1156,92,1637,444,35,2054,1541,1995,861
276,1156,1933,861,1995,444,1214,1541,823,958,498,8,1993,74,357,1796,2054,35,174,456,1581
277,221,727,1833,93,14,1396,852,749,1183,301,1664,1725,1721,738,1697,1775,337,1281,1923,403
278,221,1833,14,727,93,1396,749,852,1775,1725,1539,1118,1381,1281,337,1664,582,1749,711,1054
279,498,1993,1156,8,174,1995,444,861,456,1796,1541,823,35,357,1869,74,92,31,1197,1933
280,1869,498,174,8,44,958,1796,456,444,1993,2013,1156,74,1447,357,1197,35,92,1995,591
281,7,513,799,1447,591,1783,2034,327,171,1640,1322,1440,1621,6,227,1699,561,1350,1937,116
282,958,2037,1056,44,410,1197,74,92,1993,35,1588,456,289,31,684,498,8,357,1100,1614
283,1156,823,1995,444,1933,861,1541,1214,958,498,2013,1993,1712,44,174,99,31,1440,1322,1640
284,410,513,1588,171,7,2034,327,1783,1937,799,2054,648,1699,561,1350,1440,44,1322,1853,1719
285,727,221,1833,14,93,852,1396,749,1183,1853,1664,1725,1923,1697,941,1927,2037,1461,1281,1775
286,498,1993,1796,35,8,74,357,92,456,31,1197,1637,1156,1995,958,861,1541,1214,444,823
287,23,571,262,195,934,156,794,1511,174,1581,205,1969,1384,193,1588,410,1440,798,1869,697
288,174,1869,1156,958,1995,823,1541,861,1214,444,1933,498,2013,44,1993,8,35,1796,357,410
289,513,2034,7,327,1783,171,799,410,1588,697,174,1322,918,787,1332,364,1581,1699,832,405
290,498,357,8,1993,74,1796,35,92,456,31,1637,1197,1156,1995,958,1214,1322,444,1933,289
291,1581,1156,444,823,1869,1214,1933,861,1995,174,787,1541,2013,405,1322,1640,1583,958,1447,1699
292,677,1133,1064,375,1993,357,1156,1018,498,8,1718,1933,1796,21,1697,806,1637,74,1261,1061
293,498,1993,8,357,74,958,31,1796,35,456,1637,92,1197,1387,289,1009,1951,1779,740,1995
294,498,8,1993,1796,958,357,35,456,74,1197,92,31,1637,1156,444,1995,861,1933,289,1541
295,958,1995,1933,823,1156,444,861,944,1541,1581,991,1214,791,942,990,410,1588,525,871,1276
296,174,1322,1869,1440,958,1581,2054,1621,1781,410,1640,1588,444,1699,581,99,2013,44,1156,1993
297,1796,1637,1951,35,1993,31,456,498,1387,1009,8,74,1197,357,92,740,117,1779,289,958
298,1993,357,498,8,1796,74,1197,1637,92,35,456,31,1156,1541,958,444,1995,1933,823,1214
299,806,531,1018,1064,1692,1624,963,434,375,1684,1718,719,691,621,594,1275,74,422,8,357
300,498,8,1796,74,1993,357,456,1197,35,92,1637,31,958,1156,2037,444,44,1995,2013,289
301,944,991,1480,791,871,2068,1750,1447,591,1156,444,1995,174,1933,861,823,1869,804,1342,1214
302,410,1588,2034,1719,1712,7,44,171,1783,364,1056,327,799,513,174,958,262,1781,1097,648
303,168,513,327,2034,799,1783,7,171,1950,1937,1856,1427,410,301,1260,437,613,483,377,519
304,1652,1488,236,1276,1522,2012,942,846,1770,888,990,378,991,791,1480,871,944,2068,1750,1898
305,74,8,1993,357,498,1796,31,456,35,92,227,1750,1869,1637,1197,1480,944,791,958,871
306,1993,498,8,958,35,1197,1796,357,92,31,74,456,444,1156,823,1541,1995,1637,174,861
307,958,44,289,8,498,2037,1796,1993,456,74,31,92,357,35,1197,1637,1056,1156,1933,444
308,1522,1770,1652,1488,942,1276,846,888,990,236,2012,378,1588,2054,410,444,227,861,1937,1541
309,1156,861,1995,1933,823,444,1214,1541,944,791,991,174,1480,1869,871,958,375,1750,1718,1581
310,109,299,1856,1281,1381,1749,740,1961,763,1118,1664,711,1539,738,1775,1649,575,731,65,1725
311,1588,410,2034,174,1869,513,7,327,171,799,1870,1640,1699,1447,1783,1322,1621,1995,444,591
312,1281,1775,1143,711,1749,1539,1381,1118,410,582,1588,1764,1705,1355,1751,1058,1054,1010,1512,613
313,174,1869,823,1995,444,1933,1156,861,1541,1214,227,944,991,697,1581,1447,2034,791,1750,1480
314,410,1588,2034,327,799,174,513,1581,1869,171,7,1783,1214,2013,1712,861,1995,1541,444,44
315,444,1995,958,1156,823,861,1933,1214,174,1588,410,1541,1869,990,1652,846,236,1522,1770,1276
316,498,1796,1993,357,35,8,74,1197,1387,31,92,1322,1637,958,456,1009,1640,1779,174,289
317,444,1156,1995,861,174,958,1541,1933,823,2054,1869,1350,498,99,1522,8,357,1214,1652,942
318,944,1480,1869,871,174,791,991,1750,2068,1447,1342,227,958,804,995,846,8,1652,591,1156
319,1581,2034,327,7,171,513,1869,1870,174,799,581,1783,99,410,1322,1640,1588,2054,1621,1712
320,1692,963,691,434,1624,531,1447,719,174,591,2034,806,375,1586,1718,1684,991,2054,791,804
321,2034,327,513,7,1588,171,410,1581,799,1783,1712,581,99,918,1322,958,525,1869,227,1933
322,23,1764,195,1512,1054,934,1355,1751,1969,1058,1511,1705,156,205,262,571,794,798,677,1384
323,301,1721,1183,749,14,727,1958,172,679,905,1833,93,221,1844,1703,1664,621,1725,1592,1793
324,498,1993,8,357,1197,35,1796,958,31,456,1541,74,92,1995,1156,444,1933,861,823,1637
325,498,1993,8,74,958,357,31,456,35,1796,1637,92,1197,1995,444,1156,1214,289,1933,861
326,513,2034,7,1783,171,327,799,1588,410,787,1581,405,1870,1712,116,1583,1640,1699,1022,1308
327,1588,410,2034,171,7,799,513,327,174,1783,944,1581,1750,581,1440,1870,1640,521,697,528
328,1869,1588,174,410,1440,1447,227,791,113,1322,591,1581,944,524,1995,871,1342,1699,990,1640
329,1440,174,410,1322,1699,1621,571,156,6,1588,1640,958,561,798,1869,1969,23,2013,195,205
330,1058,1705,1512,1355,1764,1010,1054,1751,582,1283,414,1806,1149,1381,448,1143,1775,711,1923,1749
331,1640,1699,1440,1621,561,6,1322,591,1447,2034,410,116,581,1581,174,1350,787,1588,1583,7
332,1869,174,1995,861,1156,1640,444,1621,823,1440,1322,1699,1541,1214,1933,1581,561,958,6,2013
333,513,7,327,171,1783,799,2034,2054,1937,410,648,440,168,255,1350,44,958,1186,1763,1322
334,823,1995,444,1156,1541,1214,861,174,1933,1869,1581,1447,1993,958,2054,498,2013,99,1781,1322
335,498,456,74,8,31,92,1993,1197,1637,357,35,1796,2054,958,410,1937,1588,1581,525,171
336,444,1993,861,1995,1933,1156,823,8,498,1541,74,357,1214,35,31,92,1796,456,1637,1197
337,1156,1995,823,1933,1541,1214,861,444,1993,357,498,8,1261,1796,21,1697,677,1814,1927,958
338,1869,174,410,1588,513,2013,1781,444,958,99,44,861,2034,1995,581,1156,327,405,1581,7
339,1156,1995,8,1796,498,1541,958,1993,174,444,823,1933,861,1869,357,1214,35,1197,2013,44
340,444,1156,1869,1995,823,174,1588,2013,1541,410,861,1214,1933,1781,1581,44,958,99,581,2034
341,958,1995,444,1933,1156,498,1993,861,823,1214,357,8,1541,74,35,31,456,1796,1637,1197
342,1588,410,513,799,327,7,2034,171,1783,174,1581,1322,1640,958,1712,1719,1440,2054,1869,1781
343,677,1133,1718,375,1018,1064,806,1684,174,1869,581,1750,444,871,1156,1581,1933,944,823,1480
344,1156,1933,1993,498,677,1133,1995,1541,357,861,8,1214,444,958,823,375,74,1796,1637,1064
345,2034,513,7,1588,410,327,171,799,1783,1581,1712,174,99,1214,1097,787,2002,440,1201,1719
346,621,528,1844,422,839,1800,1255,1851,729,759,905,2043,1275,1898,1219,594,122,521,1108,172
347,444,1156,1933,174,1995,861,823,1581,1869,958,1541,1214,2054,410,2013,2034,1588,44,1350,1056
348,2034,410,7,513,171,1588,1783,327,799,1581,1712,1699,174,787,1201,1322,405,2054,1621,1440
349,1844,621,422,729,172,759,528,594,1851,1800,905,839,1219,1275,521,1255,1035,1592,1898,2043
350,958,31,1796,498,357,456,74,1993,35,571,1197,1637,8,1066,92,23,113,794,205,1932
351,410,1588,44,958,2037,327,513,7,2034,174,171,1869,799,1783,289,1781,1056,227,1440,1712
352,7,799,171,2034,1783,327,513,1588,410,405,581,99,787,1712,1969,23,1781,1583,1511,571
353,944,1480,791,871,1750,991,2068,444,1447,1652,861,839,621,1933,823,1156,591,422,1844,905
354,958,1993,498,8,1995,444,31,357,1933,456,1214,1156,823,74,35,1796,1637,861,1541,1197
355,498,1796,74,8,1993,357,1197,92,456,1637,31,35,958,1814,1697,1927,99,21,174,1261
356,168,1856,1951,376,609,763,437,483,1725,798,117,1740,440,255,166,688,2070,1667,1950,738
357,958,498,8,44,1796,456,2037,74,357,1993,289,2054,92,1637,31,1197,1056,1350,35,174
358,168,763,437,2034,2070,7,513,807,364,738,414,881,799,613,1793,1667,519,609,1954,1581
359,944,1480,871,991,1750,2068,791,621,594,1851,1255,1898,528,1800,839,422,759,122,172,1844
360,1447,591,1440,1322,806,561,1621,1640,1699,6,1652,1522,846,375,1770,1156,1018,1488,871,227
361,1522,846,990,1770,1488,942,1652,444,2012,861,1541,1156,1995,823,1276,236,378,888,1933,174
362,1692,691,963,531,1624,434,719,1350,375,1447,806,1684,2054,1933,591,1214,1718,1156,1064,861
363,410,1588,1581,958,1440,174,990,171,327,2034,1719,227,1276,1640,942,1869,2054,7,1322,513
364,1156,823,861,1933,1541,1995,444,1214,1993,357,498,174,8,375,677,1718,958,74,35,791
365,712,43,1740,376,1111,1577,95,1118,1775,1539,1381,299,301,1283,1183,711,582,1405,1705,1281
366,1588,410,174,2034,1869,513,327,444,1214,1581,823,1541,171,7,799,1156,861,1933,1995,1783
367,944,991,1480,871,1750,791,2068,227,1447,621,174,846,528,1869,1255,1898,942,839,1851,422
368,1581,1588,410,1440,958,1699,2034,1640,1322,6,1621,327,7,1783,99,581,2054,1781,171,799
369,301,1721,1183,14,221,93,749,1664,1833,1009,727,740,95,1779,249,172,1958,1725,881,1703
370,2034,174,799,171,7,513,327,410,1588,99,581,1712,1783,1869,1214,1322,861,1781,823,1156
371,444,861,1652,1770,1522,823,1933,1156,942,1488,846,1995,1276,1541,2012,888,236,990,378,1214
372,958,8,498,1993,944,357,74,31,456,791,1750,1480,991,1796,1637,871,1197,35,444,92
373,1058,1705,1512,1764,1283,1054,1010,1355,582,1751,1806,414,1143,1281,1381,1775,43,711,1539,1149
374,1581,2034,1783,171,6,7,513,799,1621,1640,327,1440,1588,1322,1699,561,410,1332,918,1201
375,174,1869,195,156,262,798,794,1969,23,1384,1583,1511,571,934,193,1022,205,697,405,787
376,301,1721,1183,221,93,14,749,1009,1958,1833,210,727,740,881,1951,403,1725,1779,1664,249
377,1933,1156,861,1995,444,1214,2054,823,1541,1581,1350,174,958,1937,1322,1447,1640,1440,375,1869
378,1588,410,1783,2034,1581,1712,799,1322,525,581,99,1699,870,1440,7,1640,1056,713,1206,513
379,1156,823,1933,1214,444,1995,861,1541,174,958,1869,195,23,156,205,934,798,2013,1870,1511
380,1058,1512,582,1705,1764,1010,1283,1751,1355,1054,1149,1806,414,448,1588,410,1381,1749,648,7
381,410,1588,958,174,444,1440,1869,2034,1640,1995,171,327,1214,1699,1322,23,513,1933,1781,581
382,2034,513,327,171,799,7,1783,1588,410,174,99,581,44,1781,958,1869,444,2037,1056,2054
383,1058,1705,1512,1355,582,1764,1751,1010,1283,1054,414,1806,448,1149,1381,1143,730,616,763,1749
384,944,871,1480,991,1750,791,2068,621,839,122,594,759,1652,1898,422,1255,528,1800,2043,1851
385,1621,2054,1322,1350,1588,1332,1581,1652,1440,581,942,918,1640,2034,99,1201,6,227,871,846
386,1588,410,1581,1995,513,2034,7,327,1214,823,861,1156,1541,1933,799,171,1869,444,174,1783
387,498,8,958,1796,1993,31,74,456,44,35,1156,357,444,92,1541,1197,1995,861,823,1637
388,958,498,1993,456,8,444,31,74,357,1995,44,174,1796,35,1933,1447,1156,1637,92,1869
389,174,1869,1995,444,1156,1214,1541,1933,823,1699,1322,918,861,1640,1993,1621,99,1440,1332,1201
390,1322,1993,498,174,2054,327,1869,918,31,934,171,405,571,23,8,1937,410,357,1588,2034
391,1009,1387,1779,1951,740,117,74,498,357,8,1796,1993,35,92,227,31,456,1637,731,1480
392,963,691,1692,1624,531,434,719,1684,2034,806,375,2054,74,1718,1783,327,456,171,498,8
393,1588,410,2034,7,1783,23,513,171,1764,794,799,1355,327,205,1010,1058,1751,1384,193,156
394,727,1833,221,14,93,852,1396,749,1725,1183,881,1268,1281,1539,337,1118,941,1775,692,582
395,1856,168,677,763,298,327,1056,1133,1320,1350,648,713,1322,2034,1725,561,2054,891,1870,1961
396,7,410,1588,2034,1783,513,799,171,327,1355,1764,1751,1058,1512,582,1054,440,1621,1719,483
397,168,483,613,2070,255,440,609,1763,410,1856,1186,437,1832,1400,1192,1667,807,166,1950,1725
398,174,1869,958,1156,1995,944,444,2054,823,1350,1541,791,1214,410,861,1447,1933,1581,1480,1937
399,727,1833,221,14,93,1396,749,852,1183,1725,1703,301,881,582,1118,1281,210,1923,403,1539
400,1640,1699,1322,6,1440,1621,561,591,1447,1581,2054,1350,1870,2034,1783,1937,116,7,513,171
401,498,8,1796,1993,357,92,456,31,1637,74,1197,35,958,1995,1541,289,444,1156,1933,174
402,174,410,2034,1869,1588,697,327,513,7,171,1156,1440,1712,1322,1621,2013,1995,1214,823,1783
403,44,174,1869,410,2037,2013,1156,958,1214,1056,1588,444,1995,1781,823,1541,787,861,405,327
404,958,44,444,1156,1995,2037,1993,498,1541,1933,8,823,861,456,1796,31,1214,35,289,357
405,958,44,2054,174,1056,1350,1993,1869,1322,498,444,456,1640,1156,823,1541,74,289,1621,1581
406,498,1993,1156,1995,8,1796,958,1933,823,1197,1541,35,357,1637,861,1214,92,44,444,31
407,1640,1699,1621,1440,6,1322,561,591,1447,1581,2054,2034,1870,1350,116,787,1308,1783,1937,405
408,7,513,1783,327,799,171,2034,1581,44,525,1950,289,684,896,1781,1206,807,1115,897,1149
409,168,763,138,613,1308,483,2070,440,609,1186,1581,1712,1400,364,807,255,519,7,960,688
410,958,1796,44,8,498,2037,1993,1156,444,1995,357,456,74,1197,92,35,2013,1869,31,1933
411,1214,1995,174,444,823,1156,1541,1869,1933,861,958,410,1588,525,99,1712,1581,581,2013,1781
412,168,613,763,1186,255,609,483,807,1308,440,166,1856,1192,1958,1950,1821,1961,2070,437,1400
413,727,1833,221,14,93,1396,749,852,1281,582,1539,711,1054,1183,1118,337,1775,1764,1355,1721
414,23,410,958,1588,156,262,571,794,195,1969,934,1511,205,193,1384,174,44,798,2037,1440
415,1156,1995,1869,444,174,823,958,861,1541,1993,1933,498,1214,1796,1581,8,357,2013,456,1197
416,1869,174,444,1995,2013,1214,823,1156,1933,1541,861,23,195,571,1969,156,1588,934,262,205
417,1869,174,444,791,861,1480,1933,1156,944,1995,1581,871,991,823,1541,1214,1750,581,2054,2068
418,1588,1581,410,174,958,1640,1440,1322,1869,823,1156,6,1621,1995,1699,1447,444,2054,1541,171
419,1322,1699,1440,6,1640,1621,561,498,958,1156,1995,1993,74,92,2054,8,35,1869,456,591
420,2034,171,7,513,327,799,1588,1783,410,174,1869,1322,1640,1699,6,1621,1581,561,1440,697
421,1869,174,410,1588,2034,171,7,327,513,697,799,1783,1322,1781,1440,99,1712,1640,581,1995
422,677,1133,1718,375,1064,1018,806,944,1480,871,791,1750,1684,2068,991,1652,1770,1447,1156,444
423,7,513,2034,410,1783,171,327,1588,799,1581,440,1192,483,613,1713,1712,1541,1186,364,1214
424,1993,498,8,74,357,456,1197,1796,31,35,92,1637,958,444,1156,1995,823,1541,2013,1933
425,1588,410,1640,7,513,171,327,2034,1440,799,1322,6,1783,1581,1699,1621,823,444,1995,1156
426,498,1796,1993,8,74,456,958,357,35,92,31,1156,1197,1995,444,1637,1214,1541,861,174
427,174,1869,697,2013,465,113,1586,1046,1541,823,1932,1342,698,1023,916,1032,804,524,2059,1447
428,1581,1640,1869,1156,1440,1699,1995,405,174,823,1322,1621,1214,444,1541,2013,861,2054,6,1933
429,958,1993,498,8,1197,1796,357,74,35,92,456,31,44,289,1637,2037,1322,1581,444,1440
430,444,44,1869,2013,410,174,958,1581,861,1995,1156,1588,1781,581,99,2037,823,2054,1541,1933
431,513,2034,7,171,327,799,1783,1588,410,787,1621,1870,1640,1322,1308,405,1699,116,1583,6
432,498,1993,357,8,1541,35,1322,444,1156,74,1197,1995,1933,6,1640,92,823,1214,861,31
433,444,1156,1995,498,861,1993,1933,1541,8,1796,823,35,357,456,1197,1214,74,1637,31,92
434,174,1995,823,444,1869,1156,1933,861,958,227,1541,1581,1480,944,1214,2054,1350,791,1750,410
435,498,1796,8,1993,958,1156,357,35,31,456,1995,92,1197,74,444,823,1541,44,861,1637
436,823,1541,1995,861,1156,35,1933,444,1993,1214,1197,357,958,8,498,74,92,31,1581,1796
437,156,23,195,934,571,794,205,798,1969,174,1511,262,1156,1384,444,1869,1870,193,1308,1712
438,958,1993,8,456,74,31,357,498,1796,444,1447,1995,35,591,1637,1156,92,1197,1933,289
439,7,171,2034,327,410,513,1781,1322,1783,174,1869,1440,799,581,99,870,1621,1588,1712,697
440,1512,1355,1705,1764,582,1058,1054,1010,1283,1751,414,1806,448,1149,730,43,1381,65,738,1281
441,174,963,1692,691,531,434,1624,991,806,823,375,944,719,791,1214,1995,1684,1718,1750,861
442,1993,8,498,35,1156,74,357,958,1197,1796,31,456,444,823,1933,1995,1541,92,861,1637
443,174,1869,2054,1581,958,1588,410,498,1322,1993,327,357,8,171,1197,1640,1447,1350,2034,799
444,168,483,609,613,440,2034,255,1186,763,1950,1192,2002,807,327,1400,513,1783,1789,799,7
445,861,444,1652,1770,1522,823,846,1995,1156,1933,1541,1488,942,990,2012,1276,236,1214,888,378
446,1009,1951,1387,740,1779,117,35,498,1796,1993,357,456,8,92,31,1637,74,1197,958,289
447,44,958,174,1440,2013,1322,2037,1640,99,1781,1869,581,1056,1156,410,1581,444,1350,561,1621
448,677,1133,444,1933,1581,174,1869,1718,823,1156,861,375,791,944,1750,1541,2054,871,1480,1214
449,958,498,1993,8,31,1796,357,35,456,74,1637,1197,92,1995,444,1156,1933,823,861,1541
450,944,871,1480,991,1750,791,2068,227,174,1652,1770,1447,942,375,1018,1869,846,806,1064,1276
451,806,1018,1718,375,1064,944,991,871,1447,1480,1750,1684,621,422,839,1770,594,791,2068,1652
452,1058,1512,1705,1355,1764,582,1010,1054,1751,1283,414,1806,1149,448,1381,1520,65,1143,43,1923
453,958,1869,174,444,1156,1995,44,2013,1993,498,861,1541,1781,1581,823,8,2037,1933,99,357
454,168,609,1950,483,255,613,440,174,807,1186,1869,2070,1192,1971,1973,437,697,798,513,1937
455,581,1322,99,513,1588,2034,498,1621,1197,958,561,410,171,1993,327,1640,7,787,1583,6
456,1156,1214,823,1995,861,444,1541,1933,1581,958,410,1588,174,1869,2013,44,2054,1056,1719,513
457,1993,498,74,8,958,1156,1995,357,1796,35,444,456,1869,92,1322,31,1197,174,1214,1637
458,727,221,1833,14,93,1396,852,749,1183,1664,1725,1281,1923,1721,1775,301,711,1697,1539,582
459,1869,410,174,958,1588,1781,2013,1581,99,44,581,444,1322,2054,1583,498,1993,1621,1995,1440
460,944,991,174,1869,1480,1750,791,1652,871,1447,942,2012,1522,846,2068,1156,1995,990,444,1488
461,8,498,1993,1796,1197,74,456,357,31,1637,92,35,958,1995,1541,444,1156,1933,1214,1009
462,1973,1404,44,1439,1186,1713,440,613,221,174,2037,1056,255,1100,820,1719,483,1964,91,697
463,301,1183,1721,1958,749,93,14,881,221,740,274,1664,1961,1534,403,1351,727,1672,1009,95
464,1869,174,571,23,410,934,2013,262,156,794,1511,195,193,1588,205,1384,1969,524,958,44
465,1581,958,1588,1640,1322,1440,410,6,1621,1447,1197,498,823,1993,2054,697,174,1156,1699,591
466,2034,513,410,327,171,571,23,958,7,262,205,44,195,2013,1588,156,794,799,1969,934
467,2034,410,513,174,171,327,7,1581,1588,1783,958,799,1869,2054,44,444,1781,581,99,2013
468,44,958,2037,289,1156,1056,1933,1796,1995,8,444,498,1993,1541,861,823,2013,1214,357,456
469,791,1480,944,871,1447,1869,991,174,1750,591,2068,1581,444,2054,1933,861,1350,1156,581,823
470,168,513,7,327,171,799,519,440,1192,2034,1186,1703,93,613,671,323,299,1400,1533,1289
471,1869,174,1447,787,1322,2013,1581,1022,1308,581,591,405,99,1583,1995,1781,2054,1541,357,113
472,1640,171,174,7,327,1621,513,799,1869,1322,2054,581,1440,2034,6,227,1588,561,1699,1783
473,727,1833,221,93,14,1396,749,852,1183,1664,301,1725,1923,337,1539,1281,1118,941,881,1844
474,498,1993,1796,8,958,74,357,456,35,31,1197,92,1637,1995,1869,1156,1581,444,174,1322
475,958,444,1995,1156,1933,861,174,823,44,1869,1214,1541,1581,2013,2037,410,8,498,2054,1796
476,799,2034,513,171,7,327,1783,410,1588,174,1322,1581,1781,1440,99,6,1869,1640,1214,483
477,944,1480,1581,1447,1750,991,791,871,227,1350,2054,591,2068,1156,1640,823,861,1440,1322,1933
478,168,613,255,483,1856,440,609,1186,437,960,1973,1950,1763,410,1821,1789,138,1439,1937,1961
479,1588,1995,410,1214,2034,444,1933,861,1541,174,823,1156,513,327,1869,1440,2013,799,1581,171
480,1581,2054,410,327,2034,1588,7,581,1350,1783,171,1781,1322,513,799,99,1937,1440,1712,174
481,1588,410,513,2034,327,7,799,1783,171,958,174,581,2054,99,1869,1581,1350,1937,1056,1322
482,410,44,2013,958,1588,174,1869,1156,581,2037,444,99,1781,823,861,513,7,1995,787,1541
483,444,823,861,1156,174,1933,1995,2054,1350,1541,591,791,1581,1447,227,1480,1869,1214,1640,1937
484,691,963,1692,1624,531,719,434,1447,861,1214,2034,823,444,944,991,1870,1933,591,174,1995
485,498,74,1796,1993,8,456,35,357,92,31,1197,1637,958,1995,1156,1214,289,444,1541,861
486,2034,1581,327,513,958,7,410,1588,171,99,581,1783,799,1781,2013,1869,174,2054,44,1156
487,1058,1705,582,1512,1355,1764,1751,1010,1283,1054,414,1806,1149,448,43,730,1381,1749,1143,738
488,806,1018,1718,375,1064,1684,677,1133,1800,621,1770,528,422,871,1275,839,1898,594,1108,1480
489,498,1993,1156,35,8,1796,823,861,1541,92,357,1933,1995,74,444,1197,958,1214,1637,456
490,498,1796,1993,74,8,357,1197,92,35,456,958,31,1814,1637,289,44,2037,2054,21,1061
491,991,944,1194,791,1750,1480,2068,871,227,1064,1447,375,1718,591,1933,1018,806,1624,677,621
492,944,1480,791,991,871,1750,1447,2068,1156,591,1581,823,444,1995,861,2054,1933,1350,1541,1214
493,1512,1355,1764,1705,1058,1054,582,1010,1283,1751,414,1806,448,1149,200,730,1381,65,1520,1775
494,958,444,44,1869,1156,174,1995,2013,823,1933,2037,1541,861,1581,1993,498,1781,2054,1214,8
495,958,444,1995,1933,823,1214,1993,1541,861,1156,498,174,8,31,44,35,357,410,1588,456
496,861,1541,823,1156,1933,1214,1995,444,35,498,8,1993,357,1637,958,1796,31,1197,74,92
497,1581,1640,1440,1699,1621,513,7,2034,6,327,1322,1783,171,799,410,2054,561,1350,99,581
498,1869,174,2034,1588,513,327,799,787,405,1583,1022,410,171,581,99,7,697,1783,1350,1781
499,677,1718,444,375,861,1933,823,806,1133,944,1156,1018,1480,791,1750,871,1995,1064,991,1684
500,1156,1993,357,498,444,823,8,1995,861,1933,74,1541,35,958,1214,456,1197,174,1796,1869
501,2034,513,1588,327,171,799,7,410,1783,174,1869,1581,581,99,405,1712,1214,787,1583,697
502,1480,1869,791,944,991,1581,174,1156,871,958,1447,444,1995,1993,1750,823,591,861,1440,498
503,1869,174,1541,405,1583,823,787,444,1995,861,410,1588,1214,1156,1933,99,697,1022,2013,1712
504,301,1721,1183,14,749,727,93,1009,221,172,905,274,1833,881,1664,1740,740,1534,1951,1703
505,498,74,357,1993,92,35,1796,8,1197,1637,456,31,958,289,1156,1995,1214,1933,444,1387
506,1010,1764,582,1355,1751,1058,1512,1054,1705,1283,410,1281,1775,648,711,1588,1143,1749,1381,7
507,1156,861,823,1933,444,1214,1995,1541,958,1581,2013,44,1770,174,1652,1522,1488,1276,1869,236
508,1440,444,1322,1621,1869,1640,174,1581,1156,823,1995,1699,958,561,1541,861,1214,6,1933,2013
509,95,43,712,1951,1961,763,1703,1058,1289,1779,648,1387,1740,740,1534,117,711,1577,128,1281
510,2034,327,513,799,1783,7,1581,171,1640,1447,1322,1621,1440,227,1350,2054,581,1933,1699,591
511,799,513,1783,2034,327,7,171,1322,1640,1699,6,1581,1621,1440,2054,1937,561,1588,1350,99
512,1856,1725,1183,95,1721,1058,301,763,648,1923,1512,1705,1775,711,1740,1010,1054,1381,1961,738
513,1480,944,991,791,871,1750,2068,227,1581,1933,1156,1995,861,375,942,1214,1652,823,444,1541
514,168,483,437,613,609,1832,1937,1789,1950,2070,1763,120,1192,440,364,1727,1186,1973,327,1821
515,1640,6,1322,561,1621,1440,1699,1350,1937,2054,1581,2034,513,799,591,289,327,1783,7,581
516,301,1721,1183,749,93,1664,1958,14,221,1740,740,1009,881,1534,1779,172,1833,274,1961,905
517,648,1856,1725,301,1268,410,1512,763,1958,171,77,1751,2034,403,1183,650,1551,93,582,727
518,43,1058,727,1740,1923,712,93,168,738,1705,116,1512,1703,1775,7,221,1111,1545,364,541
519,958,44,2037,289,498,1796,456,2054,8,74,1993,1350,357,1056,1637,92,1197,31,1937,35
520,168,648,513,301,541,881,1703,1183,327,1111,43,949,166,2034,77,120,738,93,2070,109
521,301,1721,1183,749,14,93,727,1958,1664,221,1833,95,1703,740,249,274,1330,166,738,1009
522,1588,2034,410,7,513,327,799,171,1783,1440,1621,44,2013,1640,1322,1781,1699,870,1581,1712
523,1156,861,1541,823,1214,1933,444,1995,958,99,2034,1581,1781,44,799,1719,870,581,7,1056
524,168,437,2070,1400,1950,1439,609,1214,1856,1789,483,1763,1762,1821,613,1703,1937,1211,440,807
525,1993,357,8,74,92,498,1447,456,591,806,1796,1156,1652,31,35,1322,846,1197,444,1995
526,1156,823,861,1933,1541,444,1995,1214,958,174,944,1652,1869,375,2013,1439,791,1770,846,1488
527,168,609,2070,613,483,440,1763,301,807,1950,255,1192,1186,1937,437,145,138,166,949,973
528,44,958,2037,289,1056,1156,444,1933,1995,1993,8,498,1541,1440,174,1350,1796,1640,823,2013
529,1640,1699,1621,1322,1440,1869,174,6,561,444,99,1995,1541,2034,1156,823,1581,581,1781,410
530,1588,410,174,1581,697,794,1869,262,23,2034,1621,1511,571,205,934,1440,156,193,7,513
531,498,8,1993,357,74,1796,35,1197,1637,456,92,31,958,444,1156,1995,1541,861,1933,823
532,1577,376,1740,1111,571,712,753,1188,1384,1969,43,798,1511,1200,23,779,193,616,156,95
533,1156,444,958,1995,823,861,1541,1933,1214,174,44,1869,2037,1796,1993,8,498,2013,357,1056
534,1581,422,1447,839,2054,581,1718,621,1018,528,679,594,1800,174,729,806,677,871,1750,1781
535,1156,444,861,1995,1541,1933,823,958,513,1214,2034,2054,1869,174,357,327,1350,1447,8,1937
536,174,498,357,8,963,691,74,531,1796,1624,1869,434,719,1993,1692,1197,456,35,92,444
537,958,174,444,410,44,1156,2034,1541,1995,513,1869,1056,861,2037,498,1588,2054,327,1933,1783
538,958,498,8,1993,1796,357,74,31,456,35,1637,44,1197,92,2037,444,1995,1156,174,1869
539,1322,1869,1699,1640,174,1621,6,561,524,1440,2054,327,1308,1781,113,405,1937,99,1447,465
540,1581,1699,1640,1621,1583,6,794,444,1440,823,156,1322,262,405,193,205,1156,1995,23,787
541,591,1447,1023,1932,465,1046,1586,995,113,524,909,1870,804,698,696,2059,916,1032,1066,1144
542,174,1869,227,405,2034,787,513,1712,410,171,1588,327,7,1995,799,1783,1308,116,1583,1022
543,1699,1322,1640,1440,1621,1869,174,6,23,561,99,405,195,787,116,1583,1581,1447,581,262
544,1322,2054,1640,74,1581,174,498,2034,327,1350,8,171,513,1783,6,1197,456,1870,7,1447
545,7,799,171,327,2034,513,1783,1588,410,1712,174,99,581,1719,1206,1781,1097,44,1350,2054
546,174,1869,1447,823,444,1156,1933,1541,861,1995,1214,697,1581,591,1308,2013,1870,787,2034,804
547,1156,444,1995,823,1869,861,174,1933,1541,1214,1581,958,2013,2054,1781,44,410,1447,591,1588
548,95,1703,1289,763,128,1118,881,1961,1381,671,1281,1923,711,1775,1853,648,221,1539,1143,1649
549,958,498,1796,8,44,456,357,1993,2037,74,1995,444,1637,92,1156,35,289,1197,31,1541
550,1156,1995,444,823,1214,1541,861,1933,1993,498,1796,35,8,31,958,456,357,92,1637,74
551,823,1581,444,861,1995,2054,1541,1156,1933,1214,174,327,958,513,2034,1350,7,1869,1588,1937
552,168,483,2070,1400,613,671,1789,609,1806,437,544,448,138,1762,1439,120,1937,1186,1763,364
553,1440,1322,6,1640,1699,823,1541,1995,1156,2054,444,1621,1581,1350,174,561,1214,861,1937,410
554,1588,410,171,799,327,2034,513,7,1783,44,958,2037,581,1781,1712,99,1719,174,870,227
555,174,991,944,1869,791,697,1588,1750,1201,171,1480,823,7,2068,871,799,410,2034,1332,513
556,958,498,44,1993,8,31,74,2037,456,357,444,1637,35,410,1796,1933,1588,1995,1197,1541
557,591,1447,444,1156,1933,791,861,1995,823,1541,1214,1750,1652,871,944,1480,2054,434,1624,1322
558,168,145,798,255,609,2070,483,1856,440,410,613,301,1192,364,1588,1186,1400,1763,344,1832
559,1387,1009,1779,1951,498,1993,1796,35,740,958,31,74,117,357,8,456,1637,92,1197,1995
560,2034,7,171,327,513,799,1783,1588,410,174,1712,1719,2054,1350,1640,44,581,440,1097,483
561,410,958,1588,1869,174,1995,44,444,1581,1156,1781,513,861,2013,1541,99,327,581,823,1933
562,2034,513,7,1588,171,327,1783,799,410,1581,861,823,1541,1995,1933,1156,444,1869,1214,174
563,958,410,1588,174,1869,23,2013,44,1995,156,794,1781,262,571,2037,99,1214,581,934,444
564,174,1588,410,1869,1581,1440,1322,1640,958,697,262,2054,327,2034,1621,1699,171,195,1937,23
565,2034,513,799,171,327,7,1783,1588,410,174,823,861,1995,1541,1933,1156,444,1869,1214,1581
566,23,958,410,794,1588,195,174,156,934,262,1869,1581,205,571,1511,193,1969,2054,798,697
567,1322,1699,6,1640,1621,1440,1993,74,498,357,8,561,1796,92,456,35,1156,591,31,1995
568,2034,7,513,327,171,1783,410,1588,799,1581,1781,44,581,1097,99,2054,1712,861,525,174
569,444,1995,861,1156,1933,823,1541,1214,498,1993,357,35,8,1796,31,958,1197,1637,92,456
570,375,1718,1064,806,1018,677,1480,991,1750,1684,944,1133,1933,871,2054,791,2068,1350,1156,227
571,1993,498,35,1197,8,1796,357,92,31,456,74,958,1637,444,1640,1995,1440,1322,1541,1156
572,498,357,8,1993,74,35,1796,1197,92,1637,31,456,174,1869,958,1322,2054,444,1652,1350
573,727,1833,221,14,93,749,1396,852,1183,1853,1725,337,941,1461,1697,881,1927,1320,2037,403
574,498,8,1796,357,1993,35,958,74,1197,456,92,1637,31,1869,174,2037,44,444,2013,1156
575,1993,498,1995,35,357,444,31,1197,74,456,1796,1637,823,958,92,8,861,1156,1214,1541
576,823,444,1156,861,1995,1933,1214,1581,1621,1541,1640,1440,561,1322,791,6,871,174,1750,944
577,513,2034,327,799,171,1783,7,410,1588,958,1581,1541,1197,1719,823,1995,1322,498,1869,861
578,1156,861,823,1995,1214,1541,1933,444,958,174,1869,44,977,1993,2013,357,1796,498,1948,8
579,168,255,613,609,1186,483,1192,440,1951,958,807,44,289,1950,798,1308,117,437,1821,414
580,498,1993,35,74,1796,456,8,357,92,31,1637,1197,1995,958,1387,1156,444,1214,1951,1541
581,74,498,1993,8,92,357,456,35,1796,31,1197,1637,1156,1995,1214,444,806,1541,861,958
582,1156,174,444,958,1869,1581,1933,1995,823,861,1541,44,1214,1440,1588,410,1640,2013,581,1322
583,44,958,2037,1056,174,289,1350,498,444,2054,2013,1156,1796,1541,1440,1933,8,1995,1322,1640
584,1640,1699,1440,1621,1322,561,6,2034,1447,591,1869,174,1588,1586,7,1583,513,524,787,1581
585,958,357,8,498,1993,31,74,456,174,1995,1652,1796,35,1637,444,1933,944,991,1750,92
586,1156,444,174,958,1995,861,1869,1541,1214,823,1933,1581,99,44,1781,581,1796,8,2013,2054
587,1869,174,1995,444,1993,1541,1322,357,1156,498,1214,99,1699,405,823,8,861,581,1781,31
588,958,1156,1541,861,44,1995,444,2037,1933,8,1796,823,498,35,1214,74,99,357,1197,1993
589,591,1447,1870,116,1640,995,1699,1869,1586,787,465,1440,113,1621,1932,804,1308,1046,1023,1322
590,168,613,763,1308,1832,960,166,1856,2070,609,1400,807,1186,255,116,483,1762,1017,519,541
591,1156,823,861,1995,1214,1933,444,1541,958,174,1770,1488,1581,2013,236,1522,1652,1869,888,990
592,677,1156,1933,823,1133,444,1995,1718,861,375,1214,1541,806,1993,1064,498,1018,8,1684,357
593,958,1581,1995,498,1993,1214,444,1933,31,823,8,861,456,35,357,1156,174,74,1637,1796
594,1541,444,861,1156,1652,1995,1933,823,1522,2054,942,1350,990,1770,1488,1276,1214,846,174,498
595,525,1214,1156,823,1581,861,1995,958,444,1541,1933,730,410,2013,794,23,195,571,1712,174
596,958,174,410,1588,1869,1995,944,44,2037,1933,823,227,23,2013,444,1712,1480,1214,794,581
597,7,2034,171,327,1783,513,799,410,1588,648,156,2054,1097,44,262,1583,1712,1350,440,1937
598,410,1588,1581,2054,525,174,1937,2034,958,1869,1781,171,327,227,2013,513,99,1097,581,7
599,1581,410,1588,1869,1156,1214,444,1995,823,174,1699,2034,1440,1541,861,787,1933,1640,1322,405
600,498,1581,74,1993,92,8,456,31,35,1322,2054,958,1197,1796,357,1637,174,227,1621,1350
601,1156,1995,498,823,1993,1541,35,8,861,1796,1933,958,444,1197,1214,357,31,74,92,456
602,410,1588,7,1783,2034,171,327,513,799,174,1712,1621,1581,1322,1440,870,581,1699,1781,1640
603,958,444,1995,1156,861,823,1541,1933,1214,1581,498,1322,174,1869,1993,1640,99,1440,1197,1621
604,498,958,8,1796,357,1993,74,35,444,456,1995,92,1197,31,1637,1156,174,861,1541,1869
605,168,798,145,2070,483,1832,255,301,364,609,440,1793,166,1740,881,763,1856,1192,344,688
606,1775,648,852,1749,1381,1281,1143,1539,1118,711,727,410,299,7,1588,1268,1396,1058,440,513
607,1995,1156,1541,444,1214,861,823,1993,1933,498,357,1869,174,8,35,74,1796,1637,31,456
608,498,1993,8,74,456,357,1637,31,1796,92,1197,35,958,444,1869,1995,2013,1541,99,174
609,174,1869,327,410,1588,1581,171,99,581,1995,513,444,958,2034,1214,7,2013,1541,1712,823
610,2034,171,1588,1783,410,327,7,513,799,444,174,1214,1156,823,1995,861,1933,1869,1541,2013
611,168,1856,1951,609,483,1725,613,301,255,440,117,1009,109,798,1832,2070,763,145,738,740
612,958,410,1588,174,1581,1869,1993,8,498,1440,444,357,1640,1995,1322,823,23,227,1197,2054
613,958,498,1156,8,1993,1796,357,1197,861,1995,35,456,74,31,444,1933,92,1541,823,1637
614,1869,174,444,1699,1541,1322,1995,1156,1993,1214,787,405,1308,823,99,1583,156,1640,116,1933
615,174,1869,1440,410,1699,1581,1621,444,1640,1156,2013,1588,1712,1322,958,561,1995,823,581,1214
616,958,44,2037,289,498,1056,1156,1993,1995,2054,8,1781,444,1796,99,1350,1933,1322,1440,1581
617,1058,1705,1512,1355,1764,1054,1010,582,1283,1751,414,1806,448,1149,1381,1143,1867,711,730,1775
618,2034,327,513,174,1588,410,1783,171,799,7,1869,958,444,99,1995,1156,1541,1581,1781,581
619,1581,823,174,1869,861,1214,1995,2034,99,405,2054,787,1156,1350,327,7,513,444,1783,799
620,1350,74,498,2054,327,2034,958,799,174,8,1197,1993,357,513,7,1322,99,1783,456,444
621,2054,1322,958,1937,1869,1993,44,8,498,410,1699,74,357,1350,174,1440,456,6,1156,1640
622,498,8,1993,1796,35,958,357,74,31,92,1197,456,1637,44,289,1156,1995,861,444,1541
623,513,7,327,799,2034,171,1783,1588,410,1581,2054,99,174,1781,581,1322,1332,1869,1097,1937
624,727,221,1833,14,93,1396,749,852,1725,1183,881,1400,301,1853,1697,1539,1281,364,1118,1512
625,174,1869,99,2013,410,581,1588,1781,1712,1214,1581,870,1440,1541,1156,1995,1322,1447,2034,861
626,410,7,327,1588,513,2034,171,1783,799,1581,2054,1332,1322,1440,1097,1712,1781,1937,918,1719
627,958,1993,1995,444,498,823,1214,31,357,8,74,174,861,1581,35,456,1933,1156,1637,1869
628,727,1833,221,14,93,1396,749,852,1183,1725,301,1400,881,1697,1664,337,166,541,210,1118
629,1652,236,1770,1488,1522,2012,942,888,846,990,1276,378,8,74,357,498,1993,35,456,1197
630,174,1869,1156,444,2013,958,1995,44,2037,410,1933,823,1781,1541,861,1214,1581,581,99,1588
631,174,1869,2013,1699,1440,1621,444,1156,958,410,1640,1995,823,1541,861,1322,1214,1933,1712,561
632,1009,1779,1951,1387,740,117,591,1750,227,944,871,1480,791,1447,991,1194,2068,1440,1624,74
633,174,1995,823,444,806,1156,1869,498,861,1214,691,1541,74,1993,963,31,434,1692,357,1197
634,8,1993,1796,498,357,35,1197,74,92,31,1814,1637,1156,456,21,1261,823,1697,1061,1933
635,168,1308,1763,437,609,960,1832,1856,483,145,613,807,440,2070,1400,1186,1507,255,1950,684
636,1156,444,677,1933,1541,823,861,1995,1214,174,1133,1581,375,1718,1869,1993,1322,99,581,498
637,2054,1581,1350,1322,1440,958,1937,1588,227,581,1156,1699,1640,1933,1781,410,1870,525,174,99
638,958,498,1993,44,8,1796,1197,289,2037,74,357,1156,456,444,1581,1995,99,1781,31,1056
639,958,44,174,410,1869,498,8,2037,2013,1588,1781,456,357,1156,1796,1197,74,1637,1995,1719
640,410,1588,2034,958,513,171,7,327,44,1783,799,2037,2013,1712,1056,174,1719,444,1869,23
641,168,2070,763,440,483,1439,609,807,613,1400,1950,1789,255,437,138,519,120,1762,1186,1793
642,174,44,410,2034,958,1588,513,327,1995,444,171,1156,1933,823,1869,799,2037,7,861,2054
643,677,1133,1718,1018,375,1064,806,1684,581,174,1869,1781,1261,1492,99,1814,1439,1581,1973,621
644,168,1186,609,613,1192,440,483,1951,513,327,255,7,740,799,1937,174,1869,1400,519,561
645,174,1869,195,156,262,1384,1022,798,23,934,1583,1969,1511,794,205,787,405,571,193,2013
646,1869,174,410,1640,1588,1322,7,2034,6,1440,799,1699,171,1621,327,561,513,99,697,1783
647,174,1869,958,327,410,444,2034,513,1588,1995,171,1156,99,581,1781,799,7,2013,1581,2054
648,958,444,174,1995,1156,1869,861,823,1933,1541,1214,2013,1581,498,8,2054,1993,1796,44,1056
649,591,1447,1779,740,995,1951,1440,1699,1009,561,1387,1586,1640,1870,1322,1023,117,524,1066,909
650,1322,1640,1621,1440,498,1581,6,8,1993,1699,1197,958,92,174,35,357,74,1869,1796,456
651,168,255,609,613,483,440,437,2070,1186,145,1856,807,1763,344,763,410,1950,1832,166,364
652,1581,174,1156,2054,1995,444,1447,823,74,861,8,1869,1933,1541,92,591,498,456,1214,1993
653,1488,1770,1652,236,1522,2012,846,1276,888,990,378,942,806,991,871,861,1156,1995,1541,1933
654,168,807,609,255,613,440,2070,1439,519,1763,483,1856,437,1186,1762,1156,763,1973,1214,120
655,794,23,156,934,571,787,195,205,193,262,1384,1583,1969,405,1511,1022,1869,798,1588,1581
656,1322,6,1640,1440,561,1621,1699,2054,1350,289,1937,44,1783,2034,1056,513,99,799,2037,7
657,410,168,513,1588,171,1853,648,327,541,255,1937,440,1186,7,2034,949,1775,1192,1958,1783
658,2034,513,171,7,1783,327,799,410,648,1588,168,44,440,156,1350,1937,787,1511,483,1910
659,1156,498,861,444,823,1993,1796,8,1995,35,1541,1933,357,31,958,1214,1197,74,92,1637
660,410,7,1588,2034,1783,171,513,327,582,852,1751,727,1058,648,1775,799,1764,1355,1010,1705
661,7,171,2034,799,1783,513,327,1588,410,1712,581,1719,99,227,405,1781,1097,1206,870,1201
662,1322,1699,1640,958,1440,498,1621,1156,444,1581,1993,6,74,1995,1214,35,861,1796,1197,1933
663,8,357,498,958,1796,1197,35,74,1951,1869,92,2037,1993,456,1637,1009,227,740,1387,174
664,591,1447,1023,995,1586,1932,909,804,524,113,696,1046,465,1144,1066,1342,2059,916,1284,698
665,357,74,498,1993,958,8,174,31,1796,1869,35,1637,1933,456,1156,2054,444,861,92,1197
666,944,991,1480,871,791,1750,2068,621,1447,1851,227,528,422,1255,122,594,839,1800,521,759
667,727,221,1833,14,93,1396,749,852,1725,1400,881,730,1183,1664,337,301,1775,1118,197,1697
668,1640,1322,6,561,1350,2054,1440,1621,1699,1937,327,2034,513,1783,799,7,1581,410,171,581
669,1009,1951,1779,1387,740,117,1993,958,498,31,1869,357,591,35,1796,23,74,456,227,1384
670,1588,410,2034,327,7,513,799,171,1640,1783,174,1440,1699,1322,1869,6,1621,561,1581,958
671,1581,2054,958,581,1937,99,1350,1781,525,1097,1933,1156,444,174,861,1214,410,1719,1588,1995
672,1156,823,1995,444,1869,861,1214,174,1933,1541,958,227,2013,944,1447,2037,44,357,1796,1993
673,2054,498,92,8,74,456,1993,31,942,227,1770,357,1937,806,1652,1197,35,1522,531,888
674,1993,1869,498,444,1156,1995,174,1322,1541,357,8,1214,74,823,958,1933,31,1796,456,861
675,958,410,498,174,8,44,2037,1993,2054,1588,2013,31,1581,1796,456,1869,92,74,1781,1197
676,1640,1699,1621,1440,1322,6,561,2034,1447,591,1869,787,1588,174,405,513,7,116,1581,1870
677,1009,944,357,227,1480,1779,1995,1156,1387,8,1869,991,791,861,444,498,1214,174,1933,74
678,2054,958,8,498,74,456,444,1197,1581,1350,1796,1993,31,174,357,92,1156,44,35,2037
679,410,1588,2054,1937,327,513,1440,2034,1322,7,1783,171,1699,1581,1781,1350,581,6,799,1621
680,861,1933,823,1156,1995,444,2034,1541,1214,799,171,513,174,1581,1783,7,327,581,99,2054
681,591,1447,498,1322,74,456,1993,1581,1640,8,1699,92,1796,35,1621,1440,1995,1156,357,444
682,591,1447,1869,995,1440,1046,1322,1993,1156,1932,444,465,1586,113,1023,804,958,1640,1621,696
683,174,1869,1581,1156,1993,444,958,498,357,8,1995,823,2054,35,861,74,1541,31,92,456
684,498,1993,456,74,8,1796,357,35,31,92,1637,1197,958,1995,444,1387,1156,289,1541,1951
685,1995,1156,1214,1541,444,1993,498,456,8,92,74,861,31,1796,823,35,357,1637,1933,1197
686,524,113,1932,698,1023,1588,475,465,1066,909,1342,2059,1032,1586,1046,696,410,1284,804,1567
687,444,823,1156,1995,1214,1541,861,1933,1869,174,99,1581,2013,958,1993,870,1781,1712,1640,410
688,1322,1869,1440,1621,1699,1640,787,2013,174,561,405,262,6,156,1583,1447,571,1581,23,444
689,410,1588,799,171,513,2034,7,327,174,1581,1783,1869,1322,1699,1440,1640,1995,1781,1583,787
690,1156,1995,444,823,806,861,1933,1214,1447,375,1541,1718,1993,1684,944,8,1018,1064,357,591
691,7,513,799,2034,1783,168,327,171,410,1588,440,1703,1350,727,648,364,247,14,299,801
692,2034,327,171,174,799,410,513,1588,7,1783,1869,1581,1586,2054,1322,1870,524,1284,1350,1066
693,958,498,1993,8,1796,1156,35,1197,74,357,1995,31,456,444,1933,92,861,1541,1637,823
694,1156,861,1995,444,823,1214,1933,1541,357,958,174,498,8,1993,1796,35,1869,1770,74,1637
695,1581,1588,410,1440,1640,1621,958,2034,1322,697,1699,6,7,327,513,1781,99,174,561,2054
696,2034,799,513,171,327,7,1783,410,1588,174,1322,1640,1699,6,1440,581,561,1621,1781,1869
697,1009,1779,740,1951,1387,117,731,575,1194,358,483,609,1672,912,1529,274,1721,1873,602,819
698,1869,174,444,1993,1995,1156,1541,1933,498,1214,861,823,8,357,456,1447,1796,2013,31,1637
699,174,1869,2013,444,1995,1156,1541,156,1214,1581,1440,581,99,571,861,823,262,23,1588,794
700,498,357,8,1796,1993,35,74,456,31,1197,92,1637,1009,1387,1951,740,117,958,1779,444
701,958,44,410,1588,498,2037,1993,444,1995,8,1933,31,1652,357,456,1156,1637,74,1276,942
702,1156,861,823,1995,1933,1541,1214,444,958,174,357,1869,1719,498,35,1439,977,2013,8,525
703,1581,2034,1783,513,171,327,7,799,823,1588,1322,6,1933,1440,861,1621,1699,1156,1214,1995
704,410,1588,174,1869,1440,1640,1581,1322,1621,697,1699,1447,6,171,804,2034,561,327,7,262
705,1770,1522,1488,1652,846,236,942,888,990,2012,1276,378,444,861,806,1995,1156,375,1541,823
706,1588,410,174,1869,327,799,513,2034,171,1581,2054,1350,7,1322,787,1783,581,227,405,99
707,1581,410,1588,1156,444,1440,1995,958,174,823,1933,1214,1640,1322,861,1541,44,2054,1869,1699
708,74,498,1993,1796,456,8,92,1197,357,31,35,1637,958,289,1581,1322,2054,1869,174,1156
709,1588,823,1214,1995,1933,1156,861,410,2034,444,1541,7,1581,171,1719,1783,513,799,327,1440
710,498,8,357,958,1993,1796,74,31,456,35,1637,1197,92,444,1009,1995,2037,1387,174,1951
711,410,1588,1581,2054,1937,174,1440,958,1322,2034,171,1350,327,1621,7,525,6,1640,1783,1781
712,1588,410,794,1581,2034,7,327,787,171,174,934,571,405,1583,23,262,1712,1097,156,2013
713,174,1869,465,1586,1995,1046,804,113,524,698,1156,1342,823,696,1567,68,1023,1932,1144,1284
714,174,444,1869,1156,958,1933,1995,823,861,2013,44,1541,1214,410,1581,2037,2054,1781,1056,1588
715,174,1869,1156,958,1995,1541,823,444,1214,498,861,1993,1933,1796,8,357,1197,31,35,2013
716,991,944,791,871,1480,2068,1750,444,1995,1933,861,1541,1156,1214,823,1447,1581,942,846,1652
717,1995,861,1214,823,1156,444,1541,1933,1581,1993,8,35,74,357,1796,1322,174,498,92,456
718,958,8,444,498,174,2054,1480,357,1796,1156,74,944,1995,1993,791,1750,1869,1350,456,1933
719,1156,1995,823,1541,1214,444,861,1933,958,174,1588,410,1869,513,35,2013,357,1796,498,1993
720,1156,1933,861,1995,444,1541,823,1214,357,375,677,1993,498,8,944,227,1718,791,958,35
721,498,8,1993,74,357,456,1796,944,92,31,791,1197,1637,35,1480,871,991,1750,2068,958
722,727,1833,221,14,93,749,1396,852,1183,1697,1725,301,1927,881,1492,1721,941,1853,1320,2037
723,1869,174,410,1440,1699,1322,1588,1621,561,2013,6,1640,1995,1541,1214,571,823,1586,444,870
724,958,498,1995,8,1796,1993,1156,444,357,74,456,35,1541,1197,31,861,92,1933,823,1214
725,1156,1541,1933,1995,1214,861,823,444,958,1796,8,357,1993,1439,236,498,1652,74,174,1581
726,410,1588,174,2054,1869,171,327,2034,513,7,1937,1781,1097,934,23,581,1581,227,799,99
727,498,8,74,1197,456,1796,1993,357,31,92,958,35,1637,44,289,99,2037,581,1056,1948
728,168,609,613,483,1951,440,255,1832,1961,2070,301,1649,1762,807,166,519,1186,763,43,1192
729,1588,410,262,23,2054,1447,571,1581,2034,205,327,1322,171,794,174,1511,958,195,1440,934
730,958,44,2037,498,289,444,1541,1995,1156,8,1796,1056,1933,861,357,456,1214,1993,74,823
731,1869,174,1440,1322,1640,1699,1621,2013,444,591,561,6,958,1447,1581,1781,1995,1156,787,99
732,410,1588,171,327,2034,7,513,799,1783,1581,2054,1937,174,918,227,1332,1712,1201,1869,1350
733,1588,410,174,1869,1781,697,1995,958,2013,1156,794,1541,444,1214,524,1342,23,1586,156,327
734,958,1869,1156,174,498,1995,444,1993,2013,1796,8,823,44,357,456,1581,1541,861,1933,31
735,1993,1197,498,8,74,357,35,92,456,1796,31,1637,958,1640,1322,1440,1621,6,1699,1581
736,95,1289,763,1118,881,671,1703,1381,1961,1281,1143,1740,1775,711,128,648,1539,1649,1923,712
737,1995,1156,823,444,861,1214,1541,1933,1993,498,1447,8,958,1197,357,1581,456,1640,31,1440
738,2034,513,171,799,327,7,1783,823,861,1933,410,1541,1588,1156,1214,1995,444,1581,174,1937
739,1993,498,74,8,1796,456,1197,31,958,357,1637,92,35,444,1156,861,1995,1541,823,1933
740,498,1993,357,74,35,8,92,31,1637,1197,1796,456,958,1322,444,1995,1640,1541,1156,6
741,1480,944,791,871,991,1750,2068,1447,444,591,861,1718,1869,1933,174,1581,227,375,677,1133
742,410,1588,2034,171,513,327,799,174,958,7,44,1783,1869,2037,1781,581,23,2013,99,1719
743,498,1796,74,1993,1197,357,92,8,456,35,31,1637,1814,958,21,1261,1697,1061,1492,1927
744,498,8,1796,357,1993,35,1197,74,31,92,456,1637,958,174,444,1995,1156,1869,1541,861
745,1869,174,410,1588,444,1995,958,1156,1214,823,1541,1640,1933,2034,861,697,1440,2013,44,1781
746,375,1718,677,1018,806,1064,1933,1684,1156,1133,861,444,823,1995,1750,1541,2054,1214,1480,944
747,1993,498,357,8,74,31,1796,1637,35,456,92,1197,1869,1995,958,1156,444,1541,174,1322
748,1995,1156,861,1214,444,1933,823,1541,958,357,35,498,1796,174,1993,8,1869,92,31,1197
749,958,44,2037,2054,1869,1350,410,174,1781,513,327,1056,1322,1937,2013,581,1588,99,1440,1581
750,621,1844,172,759,594,1800,839,1793,1219,1851,422,1108,729,905,679,1035,521,1255,528,1275
751,1156,823,861,1995,1214,1541,1933,444,1869,174,944,227,1447,1404,791,1770,1439,991,1973,591
752,1640,1699,1621,6,1440,1322,561,591,1447,2034,327,1869,1581,174,2054,513,1350,1870,1783,7
753,174,410,1588,1869,1995,823,1541,1214,958,444,861,1156,1933,327,513,2034,7,1712,171,799
754,1009,1779,1387,740,1951,117,498,731,35,357,1796,575,8,1993,92,224,1529,1873,74,1672
755,1581,1995,1993,498,74,35,1214,1156,861,1197,444,174,357,1796,1322,823,958,1869,92,456
756,2034,513,171,7,799,327,1588,1783,410,2054,1712,1719,1781,1097,581,1937,1350,44,1322,364
757,168,483,613,410,2070,440,145,1832,1950,255,166,1763,344,544,609,1186,1192,1762,1937,1400
758,74,498,1993,357,35,8,92,1796,1197,456,31,1637,1322,1640,6,1699,1621,1440,958,1995
759,727,1833,221,14,93,1396,749,852,1183,1539,1664,1725,1281,1853,1923,881,1118,711,301,1775
760,410,2034,171,1588,327,513,799,7,1783,2054,1937,1581,174,918,1322,1332,1781,1201,1350,581
761,958,1156,1796,498,1995,8,861,444,1933,823,1993,1541,44,357,35,1214,92,174,1197,456
762,174,1869,823,861,1541,1933,1156,444,1214,581,1995,944,99,1652,990,1488,378,2054,991,1350
763,1156,1995,861,444,1541,823,498,1933,1993,8,1214,357,1796,35,958,1197,1637,92,74,31
764,174,1869,1588,1581,410,23,195,1699,697,262,1640,1440,156,571,444,116,1156,99,787,1995
765,498,357,8,1796,1009,1387,74,1993,35,92,1779,1197,456,31,1637,1951,740,117,958,289
766,1058,1705,1512,1283,1764,582,1355,1054,1010,1751,414,1281,1806,1143,1775,1381,711,95,448,1149
767,1156,1214,823,861,1541,1995,444,1933,958,1581,174,2013,1869,513,2034,1588,44,35,99,1056
768,691,963,1692,434,174,1624,531,74,2034,719,2054,498,1581,456,8,92,171,1783,1447,7
769,168,727,93,14,881,221,1183,301,109,1833,1703,1010,1058,299,1705,1111,582,738,344,749
770,513,2034,7,799,171,410,1588,327,1783,1581,174,1719,1322,1097,1781,823,1869,1214,1712,1995
771,174,1869,195,23,156,1583,787,1511,1384,262,1022,1969,405,794,798,1308,934,571,697,205
772,2034,1588,1783,7,327,799,513,171,410,1581,1712,1322,1640,1332,918,1440,1621,6,99,1201
773,2054,174,1588,1869,444,1581,410,1350,1937,99,1322,227,861,581,1995,327,1781,1156,2034,823
774,410,168,327,1588,513,171,7,2034,799,1783,541,77,1207,648,1781,1400,105,544,1042,43
775,712,1583,513,43,1712,684,2034,327,1783,1973,1665,7,44,171,405,1336,820,2054,1921,1272
776,561,1699,168,1440,1322,1640,7,6,1621,1192,513,1186,440,613,327,609,483,2034,410,255
777,1856,1725,168,697,174,298,1869,68,1056,1932,1023,524,475,44,698,1640,465,804,909,870
778,1993,1156,498,8,444,1933,1541,823,357,1995,35,861,74,958,456,1214,1197,1796,31,92
779,444,1995,1156,861,823,1541,1933,1214,174,1869,958,1581,410,2013,1588,1640,1322,1699,357,1621
780,958,498,44,1796,8,456,2037,1993,31,35,92,444,1995,1197,74,357,1156,823,1541,861
781,1156,1933,861,444,1995,1541,823,1214,1993,498,958,74,8,1796,357,2054,31,456,35,1637
782,677,1718,375,1018,1133,1064,806,1684,1933,1156,2054,1350,861,823,1214,74,1995,444,1447,1581
783,1156,444,1995,861,1933,823,1869,1993,1541,1214,357,174,958,8,498,74,227,1480,944,35
784,168,255,613,609,1186,483,440,1192,519,1951,289,960,1950,807,1789,1763,249,1667,44,120
785,8,1993,357,958,74,498,31,456,1796,1018,444,806,35,92,1995,1933,1637,1718,375,1064
786,677,1581,2054,375,1133,174,1718,1350,581,1869,1933,1156,1322,99,444,1018,1781,1937,1064,861
787,498,8,1993,35,1796,31,74,1197,357,92,1637,456,861,1541,958,1156,823,1995,1214,1933
788,1588,410,958,327,2034,444,799,171,513,823,1156,7,1933,174,1214,861,1995,1541,1322,1097
789,861,444,1156,1995,823,1933,174,1541,1214,375,1718,1480,806,498,791,1869,1064,677,1993,1018
790,944,991,871,791,1480,1750,2068,174,1933,444,1447,823,861,1156,1995,1869,1214,1541,958,227
791,174,1869,195,23,262,156,934,1511,798,794,1384,410,697,571,1583,1214,2013,205,1969,1995
792,1156,444,1995,823,861,1541,1214,1933,958,44,174,2013,1869,1796,8,498,2037,1056,357,1993
793,944,1480,227,1750,791,871,1652,991,74,942,8,1770,375,2068,1993,1488,357,498,846,806
794,513,327,2034,7,799,171,1588,405,1973,1783,410,120,1581,1022,787,1332,323,1023,698,960
795,444,1156,1995,861,1933,1541,823,958,1214,1796,8,1993,498,44,2013,357,456,35,2037,74
796,958,1156,498,8,1796,35,1993,1995,444,1197,357,1541,861,74,823,1933,456,1869,92,31
797,1156,1995,861,823,444,1541,1214,1933,174,1869,357,958,1993,8,1588,498,1581,227,35,74
798,498,1993,8,357,74,1796,35,1637,456,1197,92,31,958,1156,444,1995,1933,1541,861,823
799,1156,1995,1214,861,444,1541,823,1933,74,35,1993,498,1796,8,92,357,456,958,1197,31
800,174,1869,1692,691,823,434,963,1624,531,1995,2034,375,806,719,1214,444,697,861,1541,1684
801,1156,444,1995,1214,1933,823,1541,861,174,1581,958,1869,1322,1993,1440,1640,498,1870,6,99
802,1440,1640,1621,1699,1322,1581,174,1869,561,1588,6,410,823,444,1156,1447,958,1781,581,2054
803,787,174,1869,1583,405,1588,1022,1581,944,23,195,799,2054,262,991,410,581,1350,2034,794
804,1588,799,410,2034,327,171,7,513,174,1783,23,1511,1969,1869,934,958,99,581,444,156
805,1869,174,1581,1995,1156,444,823,861,958,2013,1541,1933,1214,1447,410,1993,1588,1640,1781,2054
806,221,727,1833,14,93,1396,852,749,1183,1697,1725,1927,301,1923,941,1721,1853,1664,2037,1492
807,1156,1995,444,861,1541,1933,823,1214,958,174,44,1869,1796,1993,498,8,357,2054,2037,2013
808,410,513,1588,2034,327,799,171,7,1783,174,1869,1581,99,1781,44,1322,1214,1712,444,581
809,513,799,7,327,171,2034,1783,613,870,1192,440,1322,1186,483,561,1640,99,6,1699,609
810,410,1588,174,1869,1322,1440,2034,327,513,1699,1621,1640,6,7,1781,171,581,799,561,524
811,958,1993,498,1995,8,444,1156,1933,31,35,357,74,823,1796,1214,456,861,1541,1197,1637
812,168,1856,1705,738,1512,2070,1283,109,1961,763,255,1010,376,798,1058,1832,1725,1793,301,1718
813,301,1721,1183,14,93,221,727,749,1958,881,1833,740,274,1534,1009,1211,1740,1951,1779,1396
814,2034,7,171,1783,799,513,1588,327,410,174,1214,1322,1640,1440,1781,581,1719,1712,1201,99
815,410,1581,1588,174,1869,1583,262,1440,2034,1699,1783,23,1640,7,405,697,1322,934,171,6
816,1993,1156,498,357,1796,8,1541,444,1995,1933,823,861,456,1637,1197,74,1214,92,31,958
817,498,1796,35,1993,74,8,357,92,456,1197,1995,31,1637,1156,444,1214,958,861,1541,823
818,410,1783,1588,7,799,174,2034,171,195,156,327,571,513,798,1869,262,1511,1712,1384,1201
819,1718,991,806,944,1018,861,1480,444,375,871,1750,677,1995,1933,1156,823,1064,791,174,621
820,444,1541,861,1995,823,1933,1156,1214,174,357,1993,375,944,8,1750,456,791,31,1796,1869
821,944,991,791,2068,1480,871,1652,846,942,1447,1770,1522,1276,1750,990,1488,591,227,2012,888
822,174,1869,1447,561,1586,1046,1322,591,1640,1023,1699,524,1440,916,113,995,465,6,1032,2059
823,2034,513,7,799,171,327,1783,1588,410,581,99,1712,174,405,787,1583,1719,1781,1869,1332
824,168,2070,1950,437,609,513,255,613,1973,2034,483,807,738,1207,1260,327,1211,174,1832,697
825,1869,174,410,1588,113,2013,327,1581,99,524,958,581,1583,1781,513,787,1712,1322,171,1284
826,174,444,823,1156,1995,861,1869,1581,691,1933,1214,410,1447,1588,1692,2034,963,1541,531,434
827,1993,498,8,74,357,35,456,1796,31,92,1637,1197,958,444,1156,1995,1541,1933,823,174
828,944,1194,1480,991,1750,227,1156,871,791,861,1933,823,1995,1779,1214,2068,1009,1447,1652,903
829,168,255,609,798,1951,483,440,1186,376,1192,613,156,262,301,807,1789,117,1384,2070,1511
830,498,74,357,1993,8,35,92,1796,1197,1637,31,456,1322,958,1387,1640,6,1699,289,174
831,174,1692,691,963,434,1624,531,719,991,944,2034,791,1750,823,697,806,375,1869,1201,1995
832,74,8,1993,498,456,357,92,31,1197,1637,1796,35,1581,958,2054,174,1869,1322,1640,1350
833,410,1588,1937,2054,1276,513,1440,1322,44,1522,1186,942,1699,171,268,440,327,561,1640,888
834,1588,410,171,513,7,2034,327,1995,799,1581,174,1869,1156,823,1783,1214,444,99,581,1522
835,727,221,1833,14,93,1396,749,852,1697,1281,1539,1118,1725,1183,301,337,1775,1381,1400,881
836,1833,221,727,14,93,1396,749,852,1539,1118,881,1281,1183,301,1923,1725,1268,1775,1381,711
837,1156,1995,861,823,1933,1541,444,1214,958,174,1770,1652,1522,942,1488,2013,846,236,1581,806
838,289,958,44,1156,2037,444,1541,861,1995,8,1933,823,2054,1796,1350,456,74,357,1197,1993
839,513,327,7,799,171,2034,1783,168,958,1937,1350,561,1322,2054,1440,1640,581,870,6,1186
840,174,444,958,1869,1156,1214,861,1933,823,1995,1781,1588,1097,410,1541,99,357,1796,23,1948
841,944,1480,991,871,1750,791,2068,1447,227,621,1255,1800,528,594,422,1851,839,122,759,591
842,1512,1705,1058,1355,1764,1054,1283,582,1751,1010,414,1806,448,1149,763,1143,711,1381,1961,1749
843,727,1833,221,14,93,1396,749,852,1183,301,1725,1664,1703,1923,337,403,738,95,881,582
844,1581,498,74,456,2054,174,31,327,171,8,92,1993,1783,7,513,2034,1197,1637,799,1796
845,1770,1652,1522,1488,846,990,942,888,1276,236,2012,444,498,357,31,861,378,1541,1995,1993
846,410,1588,1440,1869,561,44,1699,1322,1156,2013,1276,174,444,1640,1933,1995,1621,1937,861,2054
847,1156,823,1995,861,1214,1541,444,1933,525,174,1581,1588,1869,410,99,1770,581,1276,944,1522
848,1993,958,8,498,357,74,31,456,35,1796,1637,1197,92,444,1933,1995,174,1156,44,1869
849,1869,44,174,2013,581,444,99,1781,410,958,861,1541,1995,870,1588,2037,1156,823,1056,405
850,648,1539,301,1856,763,1961,1749,1958,677,650,299,1751,1232,1649,1551,1133,1281,128,1118,1634
851,991,944,791,871,1480,1750,2068,1447,444,1995,846,174,861,1541,942,823,888,621,1156,1652
852,1581,958,410,2054,174,2034,327,1781,1588,581,99,1869,513,7,1783,444,1350,171,44,2037
853,168,1186,440,1973,958,483,1350,613,7,684,1192,727,2037,327,289,1492,513,323,1927,174
854,958,44,498,1993,1056,2037,444,8,1156,1796,1933,1322,1197,74,289,456,1581,861,2013,1440
855,174,1869,410,1588,444,823,1214,1995,1541,1156,697,1933,23,195,861,1583,156,2013,99,1699
856,1156,1995,861,444,1933,823,1541,1214,958,44,174,2013,1869,1796,2037,498,357,1993,8,1056
857,958,44,498,1796,8,1993,2037,1156,357,289,444,74,1995,1933,456,35,92,1197,861,1056
858,1156,1214,861,1995,823,1541,1933,444,958,174,1869,1404,2013,944,357,35,1993,1796,806,1439
859,44,958,2037,498,289,1796,8,1993,456,357,74,1056,92,1637,31,1197,35,2013,2054,444
860,1440,1640,1699,1588,1322,1621,410,958,6,1581,561,444,2034,2054,99,1097,581,1933,1719,823
861,174,1869,410,1588,1440,1640,1322,1581,1621,1699,6,1447,561,2034,697,327,2013,958,804,591
862,1194,174,1156,1869,823,861,227,1995,1214,944,1933,444,1652,1541,1770,375,1447,846,1718,1480
863,174,1869,870,156,2013,1781,195,581,794,99,1583,262,1621,1022,1969,571,23,410,1712,1588
864,1156,444,1869,1447,1995,958,1993,174,591,823,2054,1541,1214,861,498,1933,1322,357,1440,8
865,1588,7,171,1783,2034,513,410,1640,1581,799,1440,1699,1621,1322,327,1214,6,823,1156,1995
866,727,221,1833,14,93,1396,749,852,1183,1725,881,301,403,1853,1400,1958,337,1320,1923,1749
867,168,609,613,483,1856,437,1832,440,255,1950,1186,120,807,763,960,1951,2002,1973,519,344
868,1480,991,944,871,806,791,2068,1750,1718,1018,621,375,1064,839,1898,422,846,1684,594,1447
869,1869,174,2013,444,44,958,2037,1156,1995,1541,861,1933,823,1056,581,99,1781,1214,787,410
870,958,1796,8,498,44,2037,1993,357,74,1197,35,456,1869,92,1156,444,2013,31,1637,1995
871,861,1480,944,444,823,1156,791,1933,991,1995,1541,871,1718,1750,1214,677,375,1447,174,2068
872,727,1833,221,14,93,1396,749,852,1183,1697,1927,301,881,1923,1721,1853,337,1725,1461,711
873,35,498,456,1993,74,1796,8,31,92,1197,357,958,1637,1995,289,444,1156,861,1541,1581
874,958,44,174,1869,2037,444,1156,1995,2013,1056,861,1781,8,1796,498,823,99,1933,1581,581
875,498,8,1796,357,1993,958,74,456,1197,35,92,31,444,2037,1869,1637,174,1156,44,1995
876,1387,1779,1009,1951,740,117,35,498,1796,1993,8,357,92,456,74,31,1637,731,1197,1557
877,1588,410,2034,1640,1699,327,7,1440,513,6,1322,799,1621,171,1581,1783,561,174,1712,1350
878,513,2034,7,1783,171,327,799,405,787,1870,116,1308,1022,1583,1588,410,1581,1640,1322,1621
879,444,1156,823,1995,861,1933,174,1869,1541,375,958,1993,1214,1018,1718,806,357,8,1581,498
880,1995,444,823,1933,1156,861,1214,1541,958,2013,174,1322,1440,1699,1588,1869,6,23,410,195
881,168,609,483,1856,440,255,1832,613,1725,807,166,437,145,1186,2070,960,1763,301,1308,763
882,1993,357,8,74,498,1796,31,92,456,375,1018,1064,806,35,1637,1197,1718,1684,958,677
883,1869,174,2013,44,1440,465,1781,1322,2037,958,1621,561,995,1046,1699,113,1056,99,1156,1932
884,958,8,498,1796,1993,1869,357,174,1197,31,74,35,92,456,1156,44,1637,444,1995,2013
885,8,958,1993,357,498,1995,444,31,1933,74,1156,806,1018,456,1796,1214,1064,823,861,174
886,1214,1156,444,1933,861,621,375,1541,1995,823,905,1692,944,531,1718,1624,594,1844,806,434
887,1993,357,498,74,444,8,1156,1933,1995,823,1541,92,1214,375,1322,861,1197,1637,35,1718
888,1322,498,1993,1796,1156,1640,591,74,1995,6,1699,1621,357,8,92,444,1440,35,1197,456
889,513,2034,327,171,7,799,1783,410,1588,1214,1156,174,823,1933,1541,1995,44,444,861,168
890,410,1588,958,2034,327,799,7,513,44,171,1783,1156,1719,1781,444,1581,99,1097,581,1933
891,513,2034,7,1783,171,327,410,799,1588,1581,174,405,2054,1332,787,1719,697,1583,1937,918
892,1581,99,958,1322,1869,581,787,2054,1781,1440,1640,174,262,23,1699,405,1621,1583,1022,571
893,1447,791,591,944,1156,991,823,1480,1933,871,444,1750,861,1322,1995,1541,1621,1640,227,1214
894,2034,799,513,327,171,7,1783,1640,1588,1322,1440,410,1699,561,1541,1621,444,6,1995,174
895,174,958,410,1588,1869,44,1581,1995,1781,1156,2013,444,2054,823,1322,581,1214,861,1933,1440
896,1640,1440,1322,1699,561,6,2034,1621,513,7,327,1588,799,1783,410,171,581,870,1350,99
897,410,174,1588,1581,1869,1995,513,958,1156,444,327,2034,1781,1719,171,1214,861,1541,1933,823
898,7,410,2034,1783,1588,171,327,799,513,262,156,23,571,1384,195,1511,794,205,525,798
899,1480,791,944,1750,871,991,2068,444,227,677,2054,357,174,861,1350,1933,1869,375,8,1718
900,1588,410,174,44,1869,958,171,2037,327,2034,799,513,7,1719,1712,1781,227,581,2013,1783
901,958,444,1995,1156,1214,1933,823,861,1541,498,1993,8,357,35,31,1796,1637,174,74,456
902,1009,1779,1951,740,1387,117,1750,944,871,1194,227,1480,991,791,731,602,2068,289,1064,1684
903,727,221,1833,14,93,749,852,1396,1183,1539,1749,582,1118,1400,1054,337,1281,364,1764,711
904,1933,1156,1350,2054,444,958,1322,1581,861,1640,1995,174,1440,1541,1214,823,1447,581,1699,6
905,823,1995,1214,1156,861,444,1541,1933,174,2034,799,1869,1581,1783,806,958,1447,513,1684,375
906,444,1156,861,823,1995,1933,1541,1214,174,1869,1993,498,1447,357,8,1581,74,958,2054,1480
907,444,1156,1933,1541,861,1995,823,1214,357,498,174,1796,8,1993,958,1869,35,1652,74,942
908,727,1833,221,14,93,1396,749,852,1183,301,1664,941,1725,1400,541,1703,210,1320,1721,1923
909,168,1951,738,301,376,1856,609,763,109,483,1923,2070,1725,1950,255,1740,117,1961,881,440
910,1588,410,958,1581,525,1781,581,1440,2054,227,99,1719,1097,1712,990,174,1621,1322,942,1640
911,944,991,1480,871,1750,791,2068,174,846,227,1869,1652,990,1447,2012,942,1770,1522,1276,581
912,2034,327,2054,7,1588,513,410,1322,171,799,1783,444,1350,958,1640,1581,861,1440,823,174
913,958,1993,498,1581,31,410,1588,8,1933,525,44,456,1637,1796,444,1995,99,357,1712,1197
914,2034,513,7,327,799,1783,1588,171,410,1640,227,2054,1350,1937,1322,1440,1869,581,1621,174
915,1581,958,1156,1995,444,99,174,1781,823,1440,1869,1933,1322,1214,861,581,1640,2054,2013,2034
916,727,221,1833,14,93,1396,852,749,1664,1183,301,1539,1281,941,1118,1268,1721,1775,364,138
917,513,2034,799,171,7,1783,327,1588,410,405,1583,1581,787,1322,1332,1022,1640,1870,1100,1910
918,1640,958,410,1581,1621,1440,8,1869,1197,2054,1322,174,92,498,44,1783,6,1588,1712,7
919,2034,513,7,171,799,1783,327,1588,410,1581,1322,1621,1640,823,6,1712,1699,1440,861,1541
920,1995,1156,861,444,1214,823,1933,1541,174,1993,74,357,1796,498,8,1869,958,456,92,31
921,174,697,1869,823,1156,444,861,1933,1995,1581,1541,1214,2034,2013,410,958,581,1201,1640,1712
922,168,2070,255,613,1718,440,609,414,1186,1832,448,1950,1058,1400,1806,109,763,1512,483,960
923,791,1447,991,944,871,1480,1322,1750,1581,1621,1440,1640,227,591,1699,697,2068,1933,561,918
924,1588,410,1869,174,958,23,444,227,697,2013,262,1781,99,205,823,571,171,405,581,1097
925,1156,823,861,1995,444,1214,1541,1933,174,1869,1581,2034,1588,99,171,410,958,1712,799,1640
926,963,691,1692,1624,531,719,434,456,74,8,498,1684,31,92,1796,357,1197,1993,806,2054
927,944,1480,991,871,1750,791,2068,174,227,846,1869,1652,1770,1522,942,444,375,1447,990,2012
928,1156,174,861,444,1995,823,1933,1541,1869,1214,944,871,1770,991,846,1488,1480,1522,236,1276
929,2034,513,7,1783,799,171,327,1588,2054,410,1937,1719,1350,1097,1322,1447,44,727,99,1581
930,1833,221,727,14,93,1396,749,852,1725,337,1183,301,1664,881,738,1775,582,1054,1381,1118
931,823,444,1156,1214,1541,861,1995,1933,174,1869,1581,2013,2034,958,1640,697,327,44,2054,513
932,1009,1387,1779,1951,740,117,357,498,8,1796,35,1993,92,456,1197,1637,31,74,958,2037
933,1588,410,958,174,444,1156,1933,1995,1214,1869,1581,2013,823,44,2037,581,1781,1541,861,99
934,1993,8,498,1796,357,35,74,31,456,1197,92,1637,958,1156,174,1541,1869,823,1995,444
935,410,1588,2054,2034,171,327,7,1581,1937,799,513,1783,1350,1712,1332,571,1322,195,23,1201
936,958,1156,444,8,1995,1933,1541,1993,861,1796,498,823,174,1869,357,1214,74,456,44,35
937,727,1833,221,14,93,1396,749,852,1183,1725,1853,1664,301,337,1539,941,1281,1923,1461,881
938,444,1995,1156,823,1214,1933,861,1541,958,1993,498,8,174,357,31,35,74,1637,456,1796
939,1993,498,8,958,357,74,456,444,35,1796,31,1995,1156,92,1197,1637,1541,823,861,1869
940,168,301,255,613,609,807,2070,1308,483,166,440,519,249,1186,1192,1763,1950,697,1973,727
941,2013,1869,174,958,444,44,2037,1995,1156,1056,99,1541,1781,1933,581,861,1588,823,410,1214
942,174,1869,2034,327,1581,513,171,823,7,799,1541,444,1640,410,1156,1214,861,1995,1588,1322
943,958,1156,1995,444,174,1541,1933,861,823,1869,44,1214,410,498,1796,8,1588,2013,1056,357
944,410,1588,2054,958,581,444,1350,1206,1581,227,1440,99,1097,1937,1781,1719,525,1056,1322,2034
945,621,1844,759,1851,422,528,729,2043,521,172,1219,1898,1275,839,1800,1255,905,1035,1108,594
946,168,437,483,613,1763,2070,1856,1400,1951,609,44,1186,289,456,1789,1950,1821,1637,440,1727
947,958,444,1995,174,1993,1933,498,44,1156,8,1214,823,31,357,1869,861,1541,1796,74,35
948,498,8,357,1796,1993,35,1197,444,958,1156,1995,74,1541,31,1933,456,861,92,823,1637
949,1869,174,2013,1995,444,1156,958,861,1541,44,1581,99,823,1214,410,1781,581,1933,1588,2054
950,168,301,1703,1111,93,881,648,738,109,1958,1762,2070,1183,1727,145,541,1400,14,299,364
951,2034,513,171,327,799,7,1783,958,1588,410,1640,227,1869,405,1712,174,787,44,1699,99
952,1588,2034,227,513,1640,410,1488,327,1869,174,944,1581,1440,799,1350,378,1447,791,990,1699
953,2054,958,444,174,1581,1156,1350,1869,99,1995,410,498,1933,861,1588,44,8,2013,1781,823
954,174,410,2034,7,1588,171,1783,513,327,1869,1933,1214,1995,444,1541,861,799,2013,823,697
955,1993,498,8,174,35,1156,958,31,1796,1995,74,1197,1581,823,444,861,357,1541,456,1214
956,498,958,1993,8,31,74,35,456,357,1637,1796,92,1197,1995,444,1933,1214,44,861,1541
957,1480,944,791,991,8,1750,1993,871,498,74,357,2068,174,1796,31,456,1197,1933,958,92
958,1993,8,498,74,1796,357,456,958,35,31,92,1197,1637,289,44,2037,1156,444,1933,1869
959,1156,444,1995,861,498,1933,823,1214,1541,1993,35,92,357,1796,1197,8,74,958,456,1637
960,410,958,1640,1583,1440,1322,2034,7,513,405,1699,799,1783,1588,2054,171,561,327,525,787
961,327,7,799,171,2034,513,1783,1588,410,174,581,1712,99,1781,405,1869,1719,1097,1332,1206
962,327,174,171,823,410,2034,444,7,861,1588,513,1541,1156,1783,1869,1995,1933,799,1322,1621
963,1581,410,1588,174,1869,2054,697,444,171,2034,823,1156,327,1097,1719,1995,958,2013,861,1937
964,174,410,1588,444,1869,1056,513,44,327,958,1581,2013,2034,1541,1712,823,1322,1933,2054,1995
965,410,1588,513,171,327,799,1322,1440,2034,613,958,7,6,1640,440,1581,44,1621,609,255
966,677,1718,944,1480,1133,1750,871,991,791,1064,375,839,1018,759,594,806,621,422,1255,172
967,23,958,571,794,410,1712,2013,1581,156,193,262,195,205,1969,44,1781,174,1384,524,1511
968,1856,1993,1725,357,465,498,174,524,68,1869,1796,1046,1586,35,298,113,1567,1023,1637,1197
969,410,1588,2034,7,171,799,513,1783,327,1440,1581,1640,1699,1322,1621,1712,6,561,2054,1201
970,327,513,7,799,2034,171,174,1869,410,1350,1588,1995,1322,1783,99,1541,1192,1937,613,440
971,1322,1640,1440,1621,1699,1581,1588,6,174,410,1447,697,2034,561,262,1869,23,195,571,171
972,1009,1951,1387,740,1779,117,498,1993,1796,31,35,958,357,1637,456,8,74,92,1197,1995
973,991,944,823,861,791,1480,444,1156,1541,871,1995,1933,1214,1750,2068,1447,227,1581,375,174
974,1869,174,1588,410,2013,1581,444,1995,1781,581,1712,823,99,861,958,1933,1541,1214,1156,2034
975,944,1480,1750,871,991,227,791,2068,1779,1009,1624,531,1387,1951,1064,1194,1692,434,963,740
976,1581,571,2034,1969,23,156,195,1712,205,171,327,1588,581,99,410,1511,262,1322,934,513
977,1322,1699,1640,1621,6,1440,561,1993,498,1869,174,444,1995,1156,99,8,1541,581,1214,918
978,2034,171,327,513,1783,7,1581,1588,799,410,1712,2054,581,1332,918,99,1322,1621,6,2013
979,944,871,227,1750,991,791,1480,1156,1933,1214,444,1995,1541,861,823,1009,1194,2068,1652,1951
980,861,444,1522,1652,1156,846,823,1541,1488,1933,1995,990,2012,1770,942,888,1214,236,1276,227
981,301,1721,1183,749,93,727,14,1958,221,1833,881,166,1009,1534,1740,274,740,117,1951,403
982,1699,1322,1640,1440,1995,174,1621,6,561,1156,823,1541,1869,410,171,1214,444,861,1783,1933
983,1156,444,1933,1214,861,823,1541,1995,958,174,375,498,227,677,1350,1993,357,1718,1581,8
984,1156,1995,444,861,1541,1933,1214,823,958,498,8,357,1993,1796,35,74,174,1637,1869,1197
985,498,1796,8,1993,357,74,35,92,958,456,31,1197,1637,1156,289,1995,174,444,44,1214
986,727,1833,221,14,93,1396,852,749,1183,1725,301,1664,1923,941,582,337,1703,403,881,1721
987,727,1833,221,14,93,1396,749,852,1183,301,1923,95,337,881,1927,1664,1118,1697,1539,1725
988,1156,1933,861,1995,1541,444,823,1214,2054,1350,375,1447,958,1718,174,806,1937,1684,1581,1064
989,174,1869,1583,405,23,156,410,2013,794,195,1588,787,1022,262,571,1581,697,1969,798,934
990,958,498,8,1993,1796,289,74,35,456,92,357,44,31,1197,1637,1156,1995,2037,1056,1322
991,498,1993,8,1197,35,74,1796,357,456,31,92,1637,958,1156,1995,823,1541,444,1933,861
992,1869,174,1322,1581,958,1640,1621,1440,1699,498,8,1993,1995,1156,444,74,456,6,1796,92
993,1480,944,791,991,1750,871,1447,1156,1869,1581,591,1440,174,1350,861,2068,227,444,1621,1640
994,498,1993,357,8,1796,74,35,31,1637,456,1869,1197,92,174,444,1995,1541,1156,958,1214
995,1833,221,14,727,93,1396,749,852,337,1775,1923,881,1381,1539,1664,1118,1725,711,95,1054
996,1652,1488,1770,1522,1276,236,2012,942,990,846,378,888,991,944,871,791,1480,1750,2068,839
997,1993,498,1995,1796,357,35,8,31,444,1156,1637,456,1541,1197,861,74,92,1214,823,1933
998,1621,168,1322,174,561,1640,327,870,2034,1869,1781,2054,1699,1440,44,513,6,7,1937,410
999,1156,1995,823,444,1993,1214,861,8,1933,1541,498,357,806,74,92,456,1796,434,35,531
