0,221,14,727,1833,93,1396,852,749,1873,948,1534,819,912,95,358,1010,65,1529,523,1721
1,35,1637,8,456,74,1796,357,31,1197,1993,92,498,1541,871,861,958,1156,1933,944,1064
2,456,8,1796,357,35,31,1993,1197,74,92,1637,498,1387,1009,117,958,740,1779,1541,1156
3,1355,1058,1010,1764,1054,1283,1512,1751,1705,582,1149,448,1806,414,1118,819,1143,1749,1405,711
4,168,1387,117,1779,1143,1664,738,1009,1951,1585,364,609,1958,43,1725,1883,1289,740,616,671
5,1018,1064,1718,375,806,871,944,1684,1156,1933,1995,8,1796,444,31,1541,35,92,861,1637
6,301,1721,1183,1800,1010,403,621,1512,729,679,1764,122,95,521,1387,528,1108,2065,1405,1779
7,727,1833,14,93,221,1396,852,749,1010,95,819,1355,1512,1749,1764,1923,948,546,128,1058
8,727,14,221,1833,1396,93,749,852,1192,1873,948,1534,819,128,1010,912,95,358,65,1923
9,1637,35,8,456,1796,1993,92,31,357,1197,498,74,958,1541,2037,1156,1933,444,289,823
10,117,1387,1951,456,1779,8,1796,357,1009,35,740,31,1993,1197,74,92,1637,498,958,1541
11,1058,1010,1355,1764,1054,1283,1512,1705,582,1751,1149,117,1806,414,448,1725,711,819,1749,1143
12,14,727,221,1833,1396,93,749,852,1192,1010,128,819,609,1764,1923,948,255,546,95,1520
13,1779,117,8,1951,1387,740,1009,31,1993,74,35,357,456,1796,92,1637,1197,958,498,1541
14,301,1721,1183,727,1923,1539,1143,1749,1118,95,1775,711,403,14,1833,1381,221,43,1764,93
15,727,14,1833,221,93,1396,852,749,1873,948,1534,819,1010,912,95,358,65,1529,523,1721
16,1933,861,1995,1541,1156,35,1214,444,958,8,1637,823,31,357,1796,92,2037,456,74,1993
17,35,456,958,1637,8,1796,357,1541,1933,31,1993,1197,2037,74,92,1214,6,1156,1581,861
18,8,31,1993,74,35,357,456,1796,92,1637,1197,117,958,498,1541,1156,861,1951,740,1995
19,1018,1064,375,1684,1718,871,944,806,1480,2068,791,1133,1750,174,991,1796,1214,958,677,861
20,301,1721,1183,1010,403,95,1512,14,1764,729,1833,1405,881,1283,299,1664,521,738,1143,727
21,301,1721,1183,727,1923,1539,1143,1749,1118,95,1775,711,14,1833,1381,221,43,93,1387,1281
22,221,727,1833,14,1396,93,852,749,1010,1923,95,1649,1721,1355,1512,1749,763,1764,1058,1961
23,221,1833,14,727,1396,93,852,749,1010,1873,948,1534,819,95,912,358,65,1355,1529,523
24,727,14,221,1833,1396,93,749,852,1192,1010,128,1923,609,1764,95,255,1721,483,613,440
25,727,14,221,1833,1396,93,749,852,1192,1873,948,1534,1010,1923,95,819,128,912,1649,358
26,1637,35,8,456,1796,1993,92,31,357,1197,498,74,958,1541,2037,1156,1933,444,289,823
27,1833,14,727,221,1396,93,852,749,1010,95,1355,128,1512,1749,1764,1923,1058,1725,1054,1539
28,35,1637,8,456,74,1796,357,31,1197,1993,92,498,1541,958,1156,1933,1214,861,1995,444
29,117,1387,1779,1951,740,1009,8,1796,31,92,35,1637,456,74,357,1197,498,1993,1541,1156
30,1833,14,727,93,221,1396,852,749,1923,95,1649,1721,763,1010,1764,1961,1775,881,128,1512
31,1833,14,727,221,93,1396,852,749,1010,1923,95,1649,819,1721,128,763,1764,948,546,1775
32,35,1637,8,456,74,1796,357,31,1197,1993,92,498,1541,958,1156,1933,1214,861,1995,444
33,1355,1058,1010,1054,1512,1751,1764,1283,1705,582,1149,1749,448,1806,414,1775,1143,1381,711,1118
34,727,1833,14,221,93,1396,852,749,1010,1923,95,1649,1721,1355,1512,1749,763,1764,1058,1961
35,1355,1058,1010,1764,1054,1283,1512,1751,1705,582,1149,117,448,1806,414,1725,711,1118,819,1143
36,1933,1541,861,1995,444,1156,35,1214,823,456,1993,357,31,1637,498,1197,1796,74,8,92
37,1833,14,221,727,93,1396,852,749,1923,95,1649,819,1721,128,763,1010,1764,948,546,1961
38,301,1721,1183,727,1923,1539,1143,1749,1118,95,1775,711,1010,403,14,1833,1381,221,1512,43
39,1637,35,8,456,1796,1993,92,31,357,1197,498,74,958,1541,2037,1156,1933,444,289,823
40,1355,1058,1010,1764,1054,1283,1512,1751,1705,582,1149,117,448,1806,414,1725,711,1118,819,1143
41,168,117,1355,1958,95,1779,364,1010,1951,1751,582,403,1143,1461,1396,609,1512,1054,1775,1009
42,1637,35,8,456,1796,1993,92,31,357,1197,498,74,1541,958,1933,1156,823,1214,861,1995
43,301,1721,1183,1800,14,621,729,679,1764,122,521,1387,528,1108,2065,95,1779,2043,1851,1793
44,168,1355,1779,95,1010,1751,364,582,1143,43,1664,1396,1958,403,1883,609,117,1512,1054,1775
45,35,357,1933,289,74,1796,8,456,1995,444,31,861,1637,1541,1214,1156,1993,823,2037,1197
46,168,1355,1958,1387,1779,117,1751,1010,364,403,1775,582,1910,1461,1923,1725,1058,43,561,1381
47,1355,1058,1010,1764,1054,1283,1512,1751,1705,582,1149,448,1806,414,1118,819,1143,1749,1405,711
48,301,1721,1183,1800,403,621,95,729,14,679,122,521,528,1108,2065,1833,2043,299,1851,1793
49,1637,35,8,456,1796,1993,92,31,357,1197,498,74,958,1541,1156,1933,1214,861,1995,444
50,1058,1010,1355,1764,1054,1283,1512,1751,1705,582,1149,117,448,1806,414,1725,711,819,1749,1143
51,14,1833,221,93,727,1396,852,749,1873,948,1534,819,912,95,358,1010,65,128,1529,523
52,117,1387,1951,456,1779,8,1796,357,1009,35,740,31,1993,1197,74,92,1637,498,958,1156
53,1833,14,727,221,1396,93,852,749,1010,95,1355,128,1512,1749,1764,1923,1775,1058,1725,1054
54,168,364,1355,1779,1958,1387,117,1751,1010,561,403,582,1461,1923,1664,1725,738,1058,43,711
55,727,14,221,1833,1396,93,749,852,1192,1873,948,1534,819,128,1010,912,95,358,65,1923
56,456,8,1796,357,35,31,1993,1156,1197,74,92,1637,1995,1933,1541,498,823,1214,861,444
57,221,727,1833,14,1396,93,852,749,1010,95,1355,1923,1512,1749,1764,1721,128,1058,1054,1539
58,168,738,1355,1387,1779,117,1751,1010,609,43,364,582,1923,403,613,1186,1725,1703,546,1958
59,1064,1018,375,1684,1718,1156,806,1995,1933,871,944,1541,35,823,1214,31,1637,861,1133,74
60,301,1721,1183,1010,95,1512,14,1764,1833,1405,881,1283,1664,738,727,1355,1534,403,1923,1058
61,168,364,738,1476,609,43,1751,448,117,613,1186,1703,1910,582,1289,1664,616,153,1461,1355
62,168,364,1775,609,117,1355,1779,1910,1387,1751,738,582,1725,1958,1381,1585,1973,1010,671,403
63,14,727,221,1833,1396,93,749,852,1192,1873,948,1534,1010,819,128,912,95,358,65,1529
64,1833,14,727,221,93,1396,749,852,1873,948,1534,1010,1923,95,819,912,1649,358,1721,65
65,168,1387,738,364,117,1779,609,43,1009,1951,1585,613,1186,1703,561,1958,1664,1461,255,440
66,168,1387,117,738,364,1355,609,1779,711,1143,95,1664,1192,43,1009,483,1951,1775,582,1010
67,1018,1064,1718,35,375,806,1684,1156,456,1995,1933,1993,1541,357,944,31,1637,498,1197,1796
68,168,364,1958,1725,1476,711,1143,1751,403,43,1461,448,609,1775,1856,1118,1381,616,117,1954
69,221,727,1833,14,1396,93,852,749,1010,1873,948,1534,1923,95,819,912,1649,358,1721,65
70,301,1721,1183,1800,403,14,621,95,729,679,122,521,1387,528,1108,2065,1833,1779,2043,299
71,301,1721,1183,727,1923,1539,1143,1749,1118,95,1775,711,14,1833,1381,221,43,1764,93,1281
72,727,1833,14,221,1396,93,852,749,1010,1923,95,1649,1721,1355,128,1512,1749,1764,763,1058
73,727,221,1833,93,14,1396,852,749,819,128,1923,1010,1764,948,95,546,1721,1520,1725,1529
74,1541,1933,1637,823,861,35,1995,444,1214,1156,958,31,1796,74,357,8,498,456,1993,2037
75,1637,35,8,456,1796,1993,92,31,357,1197,498,74,958,1541,2037,1156,1933,444,289,823
76,1933,1541,861,1995,444,1156,1214,1637,35,823,958,1796,8,31,456,74,357,2037,498,92
77,1933,1541,861,1995,444,1156,1214,823,357,8,74,1796,1637,456,958,35,1197,2037,1993,31
78,727,14,1833,221,93,1396,749,852,1873,948,1534,819,1010,912,95,358,65,128,1923,1529
79,1779,117,8,1951,1387,740,1009,31,1993,74,35,357,456,1796,92,1637,1197,958,498,1541
80,301,1721,1183,1800,1010,403,14,621,95,1512,729,679,122,521,1764,528,1108,2065,1833,1405
81,221,14,727,1833,93,1396,749,852,1192,1010,128,609,1764,1923,255,95,1775,1721,483,881
82,221,727,14,1833,93,1396,852,749,1873,948,1534,819,912,95,358,1010,65,1923,1529,523
83,35,1637,31,1796,357,498,8,456,1993,74,1197,861,92,1541,958,1995,1933,444,1156,1214
84,14,727,1833,221,1396,93,749,852,1010,1192,1923,95,128,1649,1721,1355,609,1512,1749,763
85,1933,1541,861,1995,444,1156,1214,823,591,35,31,1796,1637,456,1447,498,8,357,1197,74
86,727,1833,14,221,1396,93,852,749,1923,95,1010,1649,819,1721,1764,763,948,546,128,1961
87,117,1387,1779,1951,740,1009,35,31,357,1156,1796,861,8,456,1993,1197,1637,1995,74,958
88,221,727,14,1833,93,1396,749,852,1010,1192,95,128,1355,1923,609,1512,1749,1764,255,1721
89,727,1833,14,221,1396,93,852,749,1010,1923,95,1649,819,1721,1764,763,948,546,1775,128
90,301,1721,1183,1010,403,1512,95,1764,1387,729,1405,1779,881,1283,299,679,1664,2065,521,738
91,14,727,221,1833,1396,93,749,852,1192,1923,95,128,1010,1649,1721,609,763,255,1961,1775
92,1355,1058,1010,1764,1054,1283,1512,1751,1705,582,1149,448,1806,414,1118,819,1143,1749,711,670
93,221,14,727,1833,1396,93,749,852,1010,1192,1873,948,1534,819,95,128,912,358,65,1355
94,168,738,364,1355,609,95,43,1192,483,582,1010,1883,613,1186,403,1703,1476,1664,1958,1461
95,1156,1995,1933,871,944,1541,35,823,1064,1018,1214,31,1637,861,74,444,1796,456,174,1718
96,727,1833,14,221,1396,93,852,749,1923,95,1010,1649,819,1721,1764,763,948,546,128,1961
97,117,1387,1779,1951,740,1009,8,1796,31,92,35,1637,456,74,357,1197,498,1993,1541,1156
98,168,364,1725,1910,1856,546,1958,1672,1585,1289,738,1664,616,1186,1779,128,1461,1703,671,1913
99,221,14,727,1833,1396,93,749,852,1192,1010,128,819,609,1764,1923,948,255,546,95,1775
100,221,14,1833,727,93,1396,852,749,1010,1764,1775,1721,1512,1923,128,95,1283,1749,881,1054
101,301,1721,1183,1800,1010,403,621,1512,729,679,122,95,521,1764,528,1108,2065,1405,881,1283
102,168,1355,1387,1779,117,364,1751,1010,1143,738,1775,582,1923,1725,1058,43,711,1910,1381,1958
103,221,1833,727,14,1396,93,852,749,1010,95,819,1355,128,1512,1749,1764,1923,948,546,1721
104,14,727,221,1833,1396,93,749,852,1192,1923,95,128,1010,1649,1721,609,763,255,1961,1775
105,1637,35,8,456,1796,1993,92,31,357,1197,498,74,958,1541,2037,1156,1933,444,289,823
106,1355,1058,1010,1764,1054,1283,1512,1751,1705,582,117,1149,448,1806,1725,414,711,1118,819,1143
107,168,738,609,43,364,403,613,1186,1910,1703,1958,1664,1461,255,440,1289,483,852,1973,1192
108,301,1721,1183,1800,1010,621,1512,729,679,122,95,521,1764,1387,528,1108,2065,1405,1779,881
109,1637,35,8,456,1796,1993,92,31,357,1197,498,74,958,1156,1541,2037,1995,1933,444,823
110,8,35,31,1993,1156,1637,74,357,456,1995,1933,1796,92,1541,498,823,1197,1214,861,444
111,727,14,1833,221,1396,93,749,852,1010,1192,1873,948,1534,819,95,128,912,358,65,1355
112,221,14,727,1833,1396,93,749,852,1192,1873,948,1534,1923,95,819,128,1010,912,1649,358
113,1933,1541,861,1995,444,1156,1214,823,35,31,357,8,1796,74,591,1637,958,92,498,456
114,1064,1018,375,1684,1718,1156,806,1995,1933,1541,35,944,871,823,861,1581,1214,31,1637,1133
115,871,944,1064,1018,174,1718,1684,791,375,1796,1214,1480,806,958,691,1133,8,991,861,2068
116,35,1637,8,31,1796,357,498,92,456,1993,74,1197,1541,1156,861,1995,958,1214,1933,444
117,35,456,1637,31,1796,1993,357,498,8,1197,74,1933,1156,1995,861,1214,92,1541,823,444
118,14,727,1833,221,1396,93,749,852,1010,1192,95,128,819,1355,609,1512,1749,1764,1923,948
119,1933,1541,444,823,1156,861,1214,35,1637,1995,8,1018,456,1796,1197,74,31,375,1064,958
120,14,727,221,1833,1396,93,749,852,1192,1873,948,1534,819,1010,128,912,95,358,65,1529
121,1355,1058,1010,1764,1054,1283,1512,1751,1705,582,1149,117,448,1806,414,1725,711,1118,819,1143
122,1637,35,8,456,1796,1993,92,31,357,1197,498,74,958,1156,1541,2037,1995,1933,444,823
123,1541,1933,1637,823,861,35,1995,444,1214,1156,958,74,8,1796,357,31,2037,92,456,1197
124,1064,1018,375,1684,1718,1156,806,1995,1933,871,944,1541,35,823,1214,31,1637,861,1133,74
125,168,1387,117,1958,1779,1951,1664,403,1461,1009,1585,364,609,1725,738,616,1186,740,671,128
126,1637,35,8,456,1796,1993,92,31,357,1197,498,74,958,1156,1541,2037,1995,1933,444,823
127,1018,1064,1718,1684,871,944,806,375,1480,2068,791,1750,174,991,1133,1796,1214,958,677,861
128,221,727,1833,14,93,1396,852,749,1010,819,1764,95,948,546,1721,128,1520,1529,1923,358
129,117,1387,1951,456,1779,8,1796,357,1009,35,740,31,1993,1197,74,92,1637,498,958,1156
130,944,871,791,991,1750,2068,1480,1064,591,1018,1133,1684,375,1447,1718,1800,806,1156,861,172
131,1995,861,1933,35,1541,1214,357,289,74,1637,823,8,456,444,1156,2037,958,1993,1796,1197
132,221,727,1833,14,1396,93,852,749,1010,1873,948,1534,819,95,912,358,65,1355,1529,523
133,1637,8,35,958,456,1197,1796,31,357,74,2037,498,2034,327,44,92,444,1933,799,7
134,221,1833,14,727,93,1396,852,749,1010,1923,95,1649,819,1721,763,1764,948,546,1775,1961
135,117,1387,1779,1951,8,740,1009,31,1993,74,35,357,456,1796,92,1637,1197,958,498,1541
136,301,1721,1183,1800,1010,403,14,621,1512,729,679,122,95,521,1764,1387,528,1108,2065,1405
137,14,727,221,1833,93,1396,749,852,1192,1010,128,819,609,1764,1923,948,255,546,95,1520
138,35,1637,8,456,74,1796,357,31,1197,1993,92,498,1541,958,1156,1933,1214,861,1995,444
139,456,8,1796,357,35,31,1993,1197,74,92,1637,498,1387,1009,117,1779,958,740,1541,1156
140,727,1833,14,221,1396,93,852,749,1010,1923,95,1649,1721,1355,1512,1749,1764,763,128,1058
141,168,852,1725,364,1664,1751,1958,1461,1910,1058,403,1381,1650,1355,1010,43,738,1883,1396,1539
142,35,1637,8,456,74,1796,357,31,1197,1993,92,498,1541,958,1156,1933,1214,861,1995,444
143,168,364,1725,1476,1751,1775,448,117,1856,1883,609,1355,1779,403,1387,43,1958,1381,616,1865
144,301,1721,1183,1010,1512,95,1764,1387,1405,1779,881,1283,679,1664,2065,738,727,1951,1355,1534
145,168,1355,1779,95,364,1010,561,1751,582,1143,43,1664,1396,1958,117,403,1512,1054,1775,1725
146,727,14,1833,221,93,1396,852,749,1010,819,128,1923,1764,948,95,546,1721,1520,1725,1529
147,1058,1010,1355,1764,1054,1283,1512,1751,1705,582,1149,117,448,1806,414,1725,711,819,1749,1143
148,35,1637,8,456,74,1796,357,31,1197,1993,92,498,1541,958,1156,1933,1214,861,1995,444
149,1018,1064,1718,1684,871,944,1156,806,375,1995,1933,1541,35,823,861,1480,1214,2068,31,1637
150,1779,456,117,8,1796,1951,1387,357,740,35,1009,31,1993,1197,74,92,1637,498,958,1156
151,1637,35,8,456,1796,1993,92,31,357,1197,498,74,958,1541,2037,1156,1933,444,289,823
152,168,1387,1355,117,95,1779,711,1010,1143,1751,582,1009,1396,1951,1775,364,1883,1585,609,1512
153,1637,35,8,456,1796,1993,92,31,357,1197,498,74,958,1541,1156,1933,1214,861,1995,444
154,1833,14,727,221,93,1396,852,749,1010,1923,95,1649,819,1721,1355,1512,1749,763,1764,948
155,301,1721,1183,403,95,14,1764,729,1833,299,521,1143,727,1534,1664,2065,1800,1108,440,1592
156,35,1637,8,1933,456,74,1541,1796,357,444,823,31,1156,861,1197,1993,1214,1995,92,498
157,35,1637,31,1796,357,498,8,456,74,1993,1197,92,1156,861,1995,958,1541,1214,1933,561
158,1064,1018,375,1684,1718,806,871,944,1133,791,1796,1214,1480,958,691,8,991,861,1750,1993
159,1355,1058,1010,1764,1054,1283,1512,1751,1705,582,1149,117,1806,414,448,1725,711,1118,819,1143
160,168,364,1725,561,609,1856,1910,616,1440,1499,1883,1938,738,1664,1958,1476,128,1973,1461,1703
161,1637,35,8,456,1796,1993,92,31,357,1197,498,74,958,1541,2037,1156,1933,444,289,823
162,221,727,14,1833,93,1396,852,749,1873,948,1534,819,912,95,358,1010,65,128,1923,1529
163,1054,1058,1010,1355,1512,1751,1764,1283,1705,582,1149,117,448,1806,414,1725,711,1749,1143,1405
164,35,8,31,1993,456,74,357,92,1796,1637,498,1197,1933,1156,1995,861,1214,958,117,823
165,221,1833,14,727,93,1396,852,749,1923,95,1649,1721,1010,763,1764,1961,1775,881,128,1512
166,14,1833,727,221,93,1396,749,852,1873,948,1534,1010,819,912,95,358,65,128,1529,523
167,861,1933,1214,1995,1156,444,823,1541,35,1796,958,31,1637,456,357,1993,8,1197,74,498
168,168,364,117,1779,1725,1951,1958,1664,609,1856,403,1009,1387,43,738,1883,448,128,740,1461
169,727,14,1833,221,93,1396,852,749,1873,948,1534,819,1010,912,95,358,65,1529,523,1721
170,1995,861,1933,1541,357,8,1214,74,823,1796,444,1156,1637,456,958,35,1197,2037,1993,31
171,168,364,1476,1751,1779,448,609,117,1883,1355,403,1725,43,1958,616,1865,1192,1954,414,1387
172,35,1637,8,456,74,1796,357,31,1197,1993,92,498,1541,958,1156,1933,1214,861,1995,444
173,1355,1058,1010,1764,1054,1283,1512,1751,1705,582,1149,117,1806,414,448,1725,711,1118,819,1143
174,1637,35,8,456,1796,1993,92,31,357,1197,498,74,958,1156,1541,2037,1995,1933,444,823
175,221,727,1833,14,93,1396,852,749,1923,95,1010,1649,1721,1764,763,128,1961,1775,1512,712
176,1637,35,8,456,1796,1993,92,31,357,1197,498,74,958,1156,1541,2037,1995,1933,444,823
177,1064,1018,375,1684,1718,1156,806,1995,1933,1541,35,944,823,1214,31,1637,861,1133,74,444
178,1637,35,8,456,1796,1993,92,31,357,1197,498,74,958,1541,2037,1156,1933,444,289,823
179,1779,456,117,8,1796,1951,1387,357,740,35,1009,31,1993,1197,74,92,1637,498,958,1541
180,1779,456,117,8,1796,1951,1387,357,740,35,1009,31,1993,1197,74,92,1637,498,958,1541
181,1933,1541,1995,861,1156,444,1214,823,958,1637,35,1796,2037,31,8,1869,174,456,1993,74
182,168,364,1779,1910,43,1664,1958,403,546,738,582,1387,1672,1355,671,117,1873,1476,442,1725
183,1018,1064,1718,1684,871,944,806,375,1995,861,1480,1933,2068,1214,791,1156,1541,1750,174,991
184,301,1721,1183,1010,403,14,1512,95,1764,1387,729,1405,1779,881,1283,299,679,1664,2065,521
185,35,1933,1796,8,1995,444,31,861,456,1541,1214,1156,1637,823,498,357,92,74,1993,1197
186,1355,1058,1010,1764,1054,1283,1512,1751,1705,582,117,1149,448,1806,1725,414,711,1118,819,1143
187,1779,456,117,8,1796,1951,1387,357,740,35,1009,31,1993,1197,74,92,1637,498,958,1541
188,727,1833,14,93,221,1396,852,749,1010,819,1764,95,948,546,128,1520,1529,1923,358,881
189,1637,35,8,456,1796,1993,92,31,357,1197,498,74,958,1541,2037,1156,1933,444,289,823
190,168,364,1355,1387,1779,117,1751,1010,582,1910,1923,1725,738,1058,43,616,1883,1461,1585,1186
191,1833,14,727,221,93,1396,852,749,1010,95,819,1355,128,1512,1749,1764,1923,948,546,1058
192,168,364,1910,1779,609,1883,117,403,1476,1865,1192,1958,448,1951,1973,1009,1751,43,613,616
193,14,727,221,1833,1396,93,749,852,1192,1873,948,1534,819,128,1010,912,95,358,65,1529
194,221,727,1833,14,1396,93,852,749,1010,95,819,1355,1923,1512,1749,1764,948,546,1721,1058
195,1779,117,8,1951,1387,740,1009,31,1993,74,35,357,456,1796,92,1637,1197,958,498,1541
196,1637,35,8,456,1796,1993,92,31,357,1197,498,74,958,1156,1541,2037,1995,1933,444,823
197,727,14,93,1833,221,1396,852,749,1873,948,1534,819,912,95,358,1010,65,1923,1529,523
198,301,1721,1183,1800,621,95,729,14,679,122,521,528,1108,2065,1833,2043,1851,1793,1255,1143
199,35,1637,8,456,74,1796,357,31,1197,1993,92,498,1541,958,1156,1933,1214,861,1995,444
200,168,738,364,1355,609,95,1910,1192,1779,483,582,1010,1883,117,403,1476,1865,1958,1725,448
201,1637,35,8,456,1796,1993,92,31,357,1197,498,74,958,1541,1156,1933,1214,861,1995,444
202,168,1355,1387,1779,738,364,609,117,1476,1751,1010,1143,95,582,1192,1923,483,448,1725,1910
203,117,1387,1951,456,1779,8,1796,357,1009,35,740,31,1993,1197,74,92,1637,498,958,1541
204,301,1721,1183,1010,1512,1764,95,1405,881,1283,1664,738,1143,727,1355,1534,403,1923,1058,1958
205,8,35,1796,31,92,1637,357,1993,1197,456,74,958,498,1541,1156,861,2037,1995,1214,1933
206,168,364,1725,711,1143,1775,117,1856,1118,1779,546,1387,1381,1672,616,1958,1883,1751,738,1664
207,301,1721,1183,727,1923,1539,1143,1749,1118,95,1775,711,14,1833,1381,221,43,93,1387,1281
208,168,1779,364,1143,738,1775,1664,1958,117,403,1387,561,1381,1751,1289,1585,1440,1355,616,1910
209,168,1387,1355,117,95,1779,852,364,1725,1010,1751,1958,1461,582,1143,1058,1009,1396,1951,403
210,1637,35,8,456,1796,1993,92,31,357,1197,498,74,958,1541,1156,1933,1214,861,1995,444
211,168,1387,738,1355,1958,1779,117,1751,1010,1143,609,1664,43,403,582,1461,1923,1009,1951,1585
212,301,1721,1183,1800,1010,621,1512,729,679,1764,122,95,521,1387,528,1108,2065,1405,1779,881
213,301,1721,1183,727,1923,1539,1143,1749,1118,95,1775,711,1010,14,1833,1381,221,1512,43,1764
214,221,727,1833,14,1396,93,852,749,1010,95,819,1355,128,1512,1749,1764,1923,948,546,1721
215,168,364,852,1725,561,1751,1958,1461,1058,6,609,403,1381,1650,1355,1010,616,1440,1499,1883
216,168,1143,1664,738,364,43,403,546,1958,1672,1725,117,1775,1873,1779,1476,1721,38,65,1010
217,168,1143,738,1910,364,546,1672,1958,1585,616,1186,1973,671,1775,1476,1873,609,1330,38,65
218,1064,1018,375,1684,1718,1156,806,1995,1933,871,944,1541,35,823,1214,31,1637,861,1133,74
219,301,1721,1183,1800,1010,403,621,95,1512,729,14,679,1764,122,521,1387,528,1108,2065,1833
220,8,35,1796,31,92,1637,357,1993,1197,456,74,498,1541,1156,861,1995,958,1214,1933,444
221,117,1387,1779,1951,456,8,1796,357,740,1009,35,31,1993,1197,74,92,1637,498,958,1541
222,14,727,221,1833,1396,93,749,852,1192,1010,128,609,1764,1923,255,95,1775,1725,483,1512
223,1995,861,1933,1541,1214,289,1637,823,444,1156,35,2037,958,456,8,31,357,74,1796,1993
224,168,1779,1664,364,1958,117,1883,609,1355,403,1751,561,1387,1725,1476,738,1865,1192,1440,1010
225,1933,1541,444,823,1156,861,1214,35,1637,1995,8,456,1796,1197,74,31,958,498,1993,357
226,168,1958,1476,1751,364,403,43,1461,448,546,1672,616,1883,117,1954,414,1289,128,1913,1330
227,1064,1018,375,1684,1718,1156,806,1995,1933,1541,35,823,1581,1214,31,1637,861,1133,74,444
228,35,1637,8,456,74,1796,357,31,1197,1993,92,498,1541,958,1156,1933,1214,861,1995,444
229,14,1833,727,221,93,1396,749,852,1873,948,1534,1010,819,912,95,358,65,128,1529,523
230,1933,1541,444,823,1156,861,1214,1995,35,1637,8,456,1796,1197,74,31,958,498,1993,357
231,168,1779,364,561,1664,1910,1958,403,1387,738,1725,1440,1499,1585,1938,616,1186,671,1640,609
232,35,456,1637,31,1796,1993,357,498,8,1197,74,1933,1156,1995,861,1214,92,823,1541,444
233,117,1387,1779,1951,740,1009,8,1796,31,92,35,1637,456,74,357,1197,498,1993,1541,1156
234,1355,1058,1010,1054,1512,1751,1764,1283,1705,582,1149,117,448,1806,414,1725,711,1118,1143,1749
235,35,1156,1637,1995,1933,8,31,1796,357,1541,498,92,456,1993,823,74,1197,1214,861,444
236,1637,35,8,456,1796,1993,92,31,357,1197,498,74,958,1541,2037,1156,1933,444,289,823
237,168,1355,1958,1387,1779,95,117,364,1751,1010,582,403,1143,43,1461,1923,1396,1512,1054,1725
238,168,1779,364,561,1664,1958,1883,609,117,403,711,1387,1476,738,1440,1499,1865,1192,1938,1010
239,168,1387,117,1779,1143,738,1009,1951,609,1585,364,1355,1751,1725,1958,740,616,1010,671,1775
240,1637,35,8,456,1796,1993,92,31,357,1197,498,74,958,1541,2037,1156,1933,444,289,823
241,1637,35,8,456,1796,1993,92,31,357,1197,498,74,958,1541,1156,1933,1214,861,1995,444
242,14,727,1833,221,1396,93,749,852,1010,1192,1873,948,1534,819,95,128,912,358,65,1355
243,35,1637,8,456,74,1796,357,31,1197,1993,92,498,1541,861,958,1156,1933,1214,1995,444
244,1637,35,8,456,1796,1993,92,31,357,1197,498,74,958,1541,1156,1933,1214,861,1995,444
245,168,738,711,609,1143,43,117,1775,364,613,1186,1118,1703,1381,1289,1664,153,1958,1461,255
246,727,1833,14,221,1396,93,852,749,1010,95,819,1355,1512,1749,1764,1923,948,546,128,1058
247,221,1833,14,727,1396,93,852,749,1010,1873,948,1534,1923,95,819,912,1649,358,1721,65
248,35,456,8,1796,1993,1637,31,357,92,498,1197,74,1933,1156,1995,861,1214,823,1541,444
249,168,364,1779,1143,561,1664,738,1958,117,403,582,1387,1725,1440,1355,1499,1938,448,1951,1009
250,1833,14,727,93,221,1396,852,749,1010,1873,948,1534,819,95,912,358,65,1355,1529,523
251,1541,1933,1637,35,823,289,861,1995,444,1156,1214,357,74,958,8,456,1993,1796,31,2037
252,1637,35,8,456,1796,1993,92,31,357,1197,498,74,958,1541,1156,1933,1214,861,1995,444
253,1779,117,1951,1387,740,1009,8,1796,31,92,35,1637,456,74,357,1197,498,1993,1541,1156
254,168,1779,1958,364,1143,738,403,1461,1664,117,711,1387,1289,153,1192,1381,609,221,1585,1010
255,1833,14,727,221,1396,93,852,749,1873,948,1534,1010,1923,95,819,912,1649,358,1721,65
256,301,1721,1183,1010,403,95,1512,14,1764,729,1833,1405,881,1283,299,1664,521,738,727,1355
257,14,727,1833,221,93,1396,749,852,1010,1192,95,128,1355,609,1512,1749,1764,1923,255,1058
258,14,727,221,1833,93,1396,749,852,1192,1873,948,1534,1923,95,819,128,1010,912,1649,358
259,35,8,31,1993,1156,456,74,357,1995,1933,92,1796,1541,1637,498,1197,823,1214,861,444
260,456,1796,357,35,8,1197,74,92,1637,1993,31,498,1009,958,117,740,1387,1779,1156,861
261,117,1387,1779,1951,456,8,1796,357,740,1009,35,31,1993,1197,74,92,1637,498,958,1541
262,1833,14,221,727,93,1396,852,749,1923,95,1649,1721,128,763,1961,1725,1010,1775,712,43
263,35,1637,8,456,74,1796,1933,357,1541,31,1197,1993,861,1995,92,444,498,1156,958,1214
264,1064,1018,375,1684,1718,1156,806,1995,1933,1541,35,823,1581,1214,31,1637,861,1133,74,444
265,168,364,738,1355,609,95,1192,483,6,582,1010,1958,1585,1476,616,1186,1725,301,1910,671
266,168,1387,117,364,1779,1143,738,1009,1951,6,609,1585,1910,1476,1958,740,616,1621,1775,852
267,1833,14,727,93,221,1396,852,749,1010,95,1355,1512,1749,1764,1923,1775,1058,1054,1539,881
268,35,1637,8,456,74,1796,357,31,1197,1993,92,498,1541,958,1156,1933,1214,861,1995,444
269,35,8,31,1993,456,1637,74,357,1796,92,498,1197,1933,1156,1995,861,1214,958,117,823
270,1637,35,1933,861,456,8,958,1995,1541,31,357,74,1796,444,1993,1156,498,1214,1197,823
271,168,1355,1387,364,1779,95,117,1751,1010,582,1775,1143,43,1923,1396,403,1512,1054,1725,1958
272,168,1387,1958,117,1779,1664,403,1461,1009,1951,1585,1910,561,609,364,1725,738,616,1186,1440
273,168,738,364,1355,609,711,1143,95,1192,483,6,1775,582,117,1010,1883,1118,403,1751,1381
274,727,1833,14,221,1396,93,852,749,1010,95,1355,1512,1749,1764,1923,128,1058,1054,1539,881
275,1637,35,8,456,1796,1993,92,31,357,1197,498,74,958,1541,1156,1933,1214,861,1995,444
276,1637,35,8,456,1796,1993,92,31,357,1197,498,74,958,1541,2037,1156,1933,444,289,823
277,117,1387,1951,1779,8,1009,740,31,1993,74,35,357,456,1796,92,1637,1197,958,498,1541
278,1355,1058,1010,1054,1512,1751,1764,1283,1705,582,117,1149,448,1806,1725,414,711,1118,1143,1749
279,301,1721,1183,727,1923,1539,1143,1749,1118,95,1775,711,1800,14,1833,1381,221,621,43,729
280,221,727,14,1833,93,1396,852,749,819,1010,128,1923,948,95,546,1721,1520,1725,1529,358
281,727,1833,14,221,1396,93,852,749,1010,95,1355,1923,1512,1749,1764,1775,1721,1058,1054,1539
282,1933,1541,871,861,944,1995,444,1156,1214,823,1064,1480,791,1018,2068,1750,991,35,375,1684
283,301,1721,1183,727,1923,1539,1143,1749,1118,95,1775,711,1800,14,1833,1381,221,621,43,729
284,1933,1541,861,1995,444,1156,1214,823,1018,375,1064,1718,806,1684,958,871,1637,944,35,1796
285,14,727,221,1833,1396,93,749,852,1192,1010,1923,95,128,1649,1721,609,763,1764,255,1775
286,35,871,944,1064,1933,456,1018,1718,1995,375,1993,444,357,31,861,1637,498,1197,1796,1541
287,727,14,221,1833,1396,93,749,852,1192,1010,128,1923,609,1764,95,255,1721,1725,483,613
288,1064,1018,375,1684,1718,806,944,1133,174,871,1796,1214,958,791,8,861,2068,1869,1993,1480
289,14,727,221,1833,1396,93,749,852,1192,1010,128,609,1764,1923,255,95,1775,483,1512,613
290,456,35,8,1796,357,31,1993,1197,74,92,1637,498,1933,1156,1995,861,1214,1009,117,958
291,117,1387,1951,1779,8,1009,740,31,1993,74,35,357,456,92,1796,1637,1197,958,498,1156
292,35,1637,8,456,74,1796,357,31,1197,1993,92,498,1541,958,1156,1933,1214,861,1995,444
293,14,1833,221,727,93,1396,852,749,819,1010,128,95,948,546,1520,1725,1529,1923,358,575
294,35,1933,456,357,861,1993,1541,1796,1156,31,1637,498,1197,1214,444,74,8,1995,958,92
295,1637,8,35,958,456,1197,1796,31,357,74,2037,498,2034,327,44,92,444,1933,799,7
296,117,1387,1779,1951,8,740,1009,31,1993,74,35,357,456,1796,92,1637,1197,958,498,1541
297,301,1721,1183,727,1923,1539,1143,1749,1118,95,1775,711,1010,14,1833,1381,221,1512,43,1764
298,117,1387,1779,1951,456,8,1796,357,740,1009,35,31,1993,1197,74,92,1637,498,958,1541
299,168,1355,1958,1387,1779,117,1751,1010,364,403,1775,582,43,1461,1923,1725,1058,1381,1585,1951
300,301,1721,1183,1010,403,1512,95,1764,1387,729,1405,1779,881,1283,299,679,1664,2065,521,738
301,301,1721,1183,727,1923,1539,1143,1749,1118,95,1775,711,14,1833,1381,221,43,1764,93,1387
302,168,364,852,1725,561,1751,1958,1461,1058,403,117,1381,1650,1355,1010,1910,1440,1499,1585,609
303,168,1355,95,364,852,1725,1010,1143,1751,1958,1461,738,582,1058,1396,6,403,1381,1650,1512
304,727,14,221,1833,1396,93,749,852,1192,128,1010,819,1923,609,948,95,255,546,1721,1520
305,301,1721,1183,1010,14,1512,95,1764,1405,881,1283,1664,738,1143,727,93,1355,1534,403,1923
306,14,1833,221,727,93,1396,852,749,819,1010,128,948,95,546,1520,1725,1529,1923,358,575
307,1064,1018,375,1684,1718,1156,806,1995,1933,871,944,1541,35,823,1214,31,1637,861,1133,74
308,35,1637,1933,31,1796,357,498,8,456,1993,861,74,1197,1995,1156,1214,444,1541,92,823
309,168,364,117,1958,1289,1910,153,616,1883,1461,1585,1192,1381,609,1186,1476,221,1703,403,1973
310,168,327,2034,171,7,799,1783,513,410,1588,1581,6,648,561,1100,1621,1206,1699,609,364
311,1355,1058,1010,1054,1512,1751,1764,1283,1705,582,1149,117,448,1806,414,1725,711,1118,1143,1749
312,168,364,561,1910,546,738,582,1672,1440,1355,1499,1585,1938,616,1186,1973,1958,1640,1476,1873
313,1637,35,8,456,1796,1993,92,31,357,1197,498,74,958,1541,2037,1156,1933,444,289,823
314,301,1721,1183,727,1923,1539,1143,1749,1118,95,1775,711,1010,403,14,1833,1381,221,1512,43
315,1541,35,1933,1156,1018,456,1995,861,1214,375,1064,1993,357,444,31,1637,498,1197,1796,1718
316,727,14,1833,221,93,1396,852,749,1873,948,1534,1010,819,912,95,358,65,128,1923,1529
317,1637,35,8,456,1796,1993,92,31,357,1197,498,74,958,1541,2037,1156,1933,444,289,823
318,168,171,327,7,513,799,2034,1783,1054,852,1396,403,221,364,1058,1512,1143,43,738,1751
319,168,1355,1779,1958,95,1010,1751,364,582,403,1143,43,1461,1664,1396,1512,1054,546,1775,1725
320,727,1833,14,221,1396,93,852,749,1010,95,1355,128,1923,1512,1749,1764,1775,1721,1058,1725
321,168,364,738,1476,609,43,1751,448,117,613,1355,1186,1703,582,711,1725,1664,1958,616,1461
322,168,1355,1387,1779,364,117,1751,1010,582,1910,1923,6,1725,1058,43,561,711,1476,1440,1951
323,301,1721,1183,1800,403,621,95,729,14,679,122,521,1387,528,1108,2065,1833,1779,2043,299
324,14,727,221,1833,1396,93,749,852,1192,1873,948,1534,1923,95,819,128,1010,912,1649,358
325,1637,35,8,456,1796,1993,92,31,357,1197,498,74,1541,958,1933,823,861,1995,444,1156
326,301,1721,1183,1800,1010,403,14,621,1512,729,679,122,95,521,1764,528,1108,2065,1405,881
327,301,1721,1183,1800,14,621,729,679,1764,122,521,1387,528,1108,2065,95,1779,2043,1851,1793
328,168,364,609,117,1355,546,1910,1751,561,1725,1672,1958,1440,1387,1010,1775,403,95,852,1873
329,301,1721,1183,1800,1010,403,14,621,95,1512,729,679,1764,122,521,528,1108,2065,1833,1405
330,221,14,727,1833,1396,93,749,852,1192,1873,948,1534,1923,95,819,128,1010,912,1649,358
331,168,1355,95,1010,1751,582,1775,1143,364,1396,609,117,1512,1054,1779,1387,1910,1725,561,1958
332,168,1355,1387,364,1779,95,117,1751,1010,582,1143,1923,1396,1512,1054,1725,1775,1058,43,128
333,1933,357,8,74,1796,1637,456,861,958,1156,35,1541,1197,2037,1993,444,1214,31,1995,823
334,35,1637,31,1796,357,456,498,8,1993,74,1197,92,861,958,1541,1933,1995,444,1156,823
335,1541,861,1933,35,1214,1156,1018,1995,1796,8,444,31,456,375,1064,1637,823,1718,498,357
336,456,8,1796,357,35,31,1993,1156,1197,74,92,1637,1995,1933,1541,498,823,1214,861,444
337,168,1355,95,364,1010,561,1751,582,1143,43,1396,403,1512,1054,546,1775,1958,1725,128,1672
338,1637,35,8,456,1796,1993,92,31,357,1197,498,74,958,1541,2037,1156,1933,444,289,823
339,871,944,1064,1933,1018,1718,1995,375,444,861,1541,1480,806,1156,791,1750,1214,823,1684,991
340,221,1833,14,727,1396,93,852,749,1010,1873,948,1534,819,95,912,358,65,1355,128,1529
341,35,1637,8,456,74,1796,357,31,1197,1993,92,498,1541,958,1156,1933,1214,861,1995,444
342,1064,1018,375,1684,1718,1156,944,806,871,1995,1933,1541,35,823,1581,1214,31,1637,861,1133
343,117,1387,1779,1951,456,1796,357,740,1009,35,8,1197,74,92,1637,1993,31,498,1541,1156
344,1637,35,8,456,1796,1993,92,31,357,1197,498,74,958,1541,2037,1156,1933,444,289,823
345,14,727,221,1833,93,1396,749,852,1192,1010,1923,95,128,1649,1721,609,763,1764,255,1775
346,301,1721,1183,1800,403,621,95,729,14,679,1764,122,521,1387,528,1108,2065,1833,1779,2043
347,221,14,727,1833,93,1396,852,749,1873,948,1534,819,912,95,358,1010,65,128,1529,523
348,1779,456,117,1796,1951,1387,357,740,35,8,1009,1197,74,92,1637,1993,31,498,1541,1156
349,117,1387,1779,1951,456,8,1796,357,740,1009,35,31,1993,1197,74,92,1637,498,958,1156
350,1637,35,8,456,1796,1993,92,31,357,1197,498,74,958,1541,2037,1156,1933,444,289,823
351,1637,35,8,456,1796,1993,92,31,357,1197,498,74,958,1541,2037,1156,1933,444,289,823
352,35,456,1993,1637,357,31,498,1197,74,1796,1933,1156,8,1995,861,1214,92,823,1541,444
353,456,1796,357,35,8,1197,74,92,1637,1993,31,498,1009,958,117,740,1387,1779,1541,1156
354,35,1637,8,456,74,1796,357,31,1197,1993,92,498,1541,1933,958,1156,823,1214,289,861
355,221,727,14,1833,93,1396,852,749,1873,948,1534,1010,819,912,95,358,65,1923,1529,523
356,727,1833,14,93,221,1396,852,749,1010,1873,948,1534,1923,95,819,912,1649,358,1721,65
357,117,1387,1779,1951,456,1796,357,740,1009,35,8,1197,74,92,1637,1993,31,498,1156,1018
358,456,8,1796,357,35,31,1993,1197,74,92,1637,498,1009,958,117,740,1387,1779,1156,861
359,168,1779,1664,364,1958,117,1355,1910,403,1751,711,1387,1725,738,609,1010,1973,671,1381,1775
360,35,8,31,1993,456,1637,74,357,1796,92,498,1197,1933,1156,1995,861,1214,117,958,823
361,1064,1018,375,1684,1718,1156,806,1995,1933,1541,35,944,871,823,861,1214,31,1637,1133,74
362,1637,35,8,456,1796,1993,92,31,357,1197,498,74,958,1541,1933,2037,1214,6,1156,1581
363,1156,1995,1933,1541,35,944,823,1214,31,1637,861,74,444,1796,456,174,8,1699,871,591
364,35,1156,456,1637,1995,1933,31,1796,1993,357,1541,498,8,1197,823,74,1214,861,444,92
365,301,1721,1183,1800,1010,403,621,95,1512,729,14,679,122,521,1764,528,1108,2065,1833,1405
366,221,727,1833,14,1396,93,852,749,1010,1873,948,1534,819,95,912,358,65,1355,128,1529
367,14,221,1833,93,727,1396,749,852,1873,948,1534,819,912,95,358,1010,65,1529,523,1721
368,456,35,8,1796,357,31,1993,1197,74,92,1637,498,1933,1156,1995,861,1214,1009,958,117
369,301,1721,1183,1010,14,1512,1764,95,1387,1405,1779,881,1283,679,1664,2065,738,727,93,1951
370,301,1721,1183,1010,403,14,95,1512,1764,729,1833,1405,881,1283,299,1664,521,738,727,93
371,1637,35,8,456,1796,1993,92,31,357,1197,498,74,958,1156,1541,2037,1995,1933,444,823
372,117,1387,1951,456,1779,8,1796,357,1009,35,740,31,1993,1197,74,92,1637,498,958,289
373,14,727,221,1833,1396,93,749,852,1192,1923,95,128,1010,1649,819,1721,609,763,948,255
374,35,8,1796,31,92,74,1637,357,1197,1993,456,498,958,1541,1156,861,2037,1995,1214,1933
375,1064,1018,375,1684,1718,1156,806,1995,1933,871,944,1541,35,823,1214,31,1637,861,1133,74
376,1637,35,8,456,1796,1993,92,31,357,1197,498,74,958,1541,1156,1933,1214,861,1995,444
377,1156,1995,1933,871,944,1541,35,823,1064,1018,1214,31,1637,861,74,444,1796,456,1718,8
378,1637,35,8,456,1796,1993,92,31,357,1197,498,74,958,1541,2037,1156,1933,444,289,823
379,301,1721,1183,1800,14,621,729,679,122,521,1387,528,1108,2065,1779,2043,1851,1793,1255,1405
380,301,1721,1183,1800,403,14,621,729,679,1764,122,521,1387,528,1108,2065,95,1779,2043,299
381,168,738,609,43,364,613,117,1186,1703,546,561,1958,711,1672,1664,1461,255,440,1289,483
382,168,738,1355,95,364,1476,711,1010,609,1143,1751,43,582,1396,448,1775,613,1512,1186,1054
383,221,727,1833,14,1396,93,852,749,1010,95,819,1355,128,1923,1512,1749,1764,948,546,1721
384,1541,1933,1637,823,861,35,1995,444,1214,1156,958,74,8,1796,357,31,2037,92,456,1197
385,168,1355,95,1010,1143,1751,738,582,1396,609,364,1512,1054,546,1775,1725,1958,128,1672,1577
386,14,727,1833,221,93,1396,852,749,1010,128,95,1764,1775,1725,1923,1512,1283,1749,881,1054
387,168,2037,591,6,1447,958,1440,861,1387,2013,44,1699,561,1581,1640,1541,117,442,1779,1621
388,35,1156,1637,1995,1933,8,31,1796,357,1541,498,92,456,1993,823,74,1197,1214,861,444
389,1541,35,1933,1018,456,1995,1796,861,8,444,31,1214,375,1064,1156,1993,357,1637,498,1197
390,1637,35,8,456,1796,1993,92,31,357,1197,498,74,958,1541,2037,1156,1933,444,289,823
391,35,1933,1995,861,1796,8,444,31,456,1541,1214,1156,1637,823,498,357,92,74,1993,1197
392,1058,1010,1355,1764,1054,1283,1512,1705,582,1751,1149,117,1806,414,448,1725,711,819,1749,1143
393,168,364,711,1143,738,43,6,1775,403,117,1118,546,1958,1381,1672,1476,1779,1010,609,1621
394,168,171,327,7,513,799,2034,1783,1054,852,738,1355,1396,403,364,221,95,609,1058,1010
395,168,1355,1387,1779,738,364,609,117,1751,1010,561,95,582,1192,43,1923,483,6,403,1725
396,35,1637,8,456,74,1796,357,31,1197,1993,92,498,1541,958,1156,1933,1214,861,1995,444
397,727,14,1833,221,93,1396,852,749,1010,128,1764,1725,1923,95,1512,1775,881,1058,1749,1355
398,456,1796,357,35,8,1197,74,92,1637,1993,31,498,1387,1009,1779,117,740,1541,1156,861
399,1833,14,221,727,1396,93,852,749,1010,1873,948,1534,1923,95,819,912,1649,358,1721,65
400,168,364,1355,1387,1779,117,711,1751,1010,1143,582,1923,6,1775,1725,1118,1910,738,1058,1381
401,168,1779,738,364,1355,609,95,1192,43,1664,483,117,582,1958,1010,403,1883,1910,1387,1289
402,727,1833,14,221,1396,93,852,749,1010,95,819,1355,1512,1749,1764,1923,948,546,128,1058
403,301,1721,1183,727,1923,1539,1143,1749,1118,95,1775,711,403,14,1833,1381,221,43,93,729
404,1637,35,8,456,1796,1993,92,31,357,1197,498,74,958,1156,1541,2037,1995,1933,444,823
405,727,14,1833,221,93,1396,749,852,1010,1192,95,128,1355,1923,609,1512,1749,1764,255,1721
406,14,727,1833,221,93,1396,749,852,1010,1192,95,128,1355,609,1512,1749,1764,1923,255,1775
407,1355,1058,1010,1054,1512,1751,1764,1283,1705,582,1149,448,1806,414,1118,1143,1749,1405,711,670
408,727,1833,14,221,1396,93,852,749,1923,95,1010,1649,1721,1764,763,128,1961,1775,712,43
409,1637,35,8,456,1796,1993,92,31,357,1197,498,74,958,1156,1541,2037,1995,1933,444,823
410,1637,35,8,456,1796,1993,92,31,357,1197,498,74,958,1541,1156,1933,1214,861,1995,444
411,1833,14,727,221,1396,93,852,749,1010,1873,948,1534,1923,95,819,912,1649,358,1721,65
412,301,1721,1183,1800,14,621,729,679,1764,122,521,1387,528,1108,2065,95,1779,2043,1851,1793
413,168,1355,1958,1387,1779,117,711,1751,1010,1143,738,403,582,1461,1923,364,1775,1725,1118,1910
414,727,1833,14,221,1396,93,852,749,1010,95,1355,1923,1512,1749,1764,1775,1721,1058,1054,1539
415,168,117,1958,1779,364,1951,403,1461,6,1883,609,1910,1009,1476,1387,1865,1192,448,740,128
416,1064,1018,375,1684,1718,806,871,944,1133,174,791,1796,1214,1480,958,691,8,991,861,2068
417,168,1387,117,1779,1476,1751,1009,448,1951,1585,1355,364,546,609,1958,1725,1672,43,616,1954
418,35,861,1933,31,1541,1995,1156,357,8,1796,444,74,823,1637,1214,958,92,498,456,1993
419,301,1721,1183,1800,403,621,729,679,1764,122,521,1387,528,1108,2065,95,1779,2043,299,1851
420,168,364,1476,561,1751,448,609,117,1355,1725,1910,43,1958,616,1440,1499,1461,1585,1938,1954
421,117,1387,1779,1951,456,1796,357,740,1009,35,8,1197,74,92,1637,1993,31,498,1541,1156
422,861,35,1214,1933,1796,8,1995,444,31,456,1541,1156,1637,823,498,357,92,74,1993,1197
423,221,727,14,1833,93,1396,852,749,1873,948,1534,819,1010,912,95,358,65,1529,523,1721
424,301,1721,1183,1800,14,621,95,729,679,1764,122,521,528,1108,2065,1833,2043,1851,1793,1255
425,221,14,727,1833,93,1396,852,749,1873,948,1534,819,912,95,358,1010,65,1529,523,1721
426,117,1387,1779,1951,456,8,1796,357,740,1009,35,31,1993,1197,74,92,1637,498,958,289
427,168,327,2034,171,7,799,1783,513,410,1588,1581,6,648,561,1100,1355,1621,1206,1699,95
428,168,738,1355,1387,1779,364,117,1751,1010,609,43,582,1923,6,403,613,1186,1725,1703,1958
429,168,364,1143,561,738,43,403,1883,609,1958,1476,1440,1499,1865,1192,1938,117,1640,1775,1779
430,14,727,221,1833,1396,93,749,852,1192,1010,1923,95,128,1649,1721,609,763,1764,255,1775
431,301,1721,1183,727,1923,1539,1143,1749,1118,95,1775,711,1800,1010,14,1833,1381,221,621,1512
432,168,738,609,43,364,403,613,1186,1703,1910,1958,561,1664,1461,255,1585,440,1289,616,483
433,456,35,8,1796,357,31,1993,1156,1197,74,92,1637,1995,1933,1541,498,823,1214,861,444
434,1833,14,221,727,1396,93,852,749,1010,95,1355,128,1512,1749,1764,1923,1058,1725,1054,1539
435,35,1933,1796,8,1995,444,31,861,456,1541,1214,1156,1637,823,498,357,92,74,1993,1197
436,221,727,1833,14,93,1396,852,749,1010,1923,1764,95,1775,1721,1512,128,1283,1749,881,1054
437,301,1721,1183,1010,403,95,1512,14,1764,1387,729,1833,1405,1779,881,1283,299,679,1664,2065
438,35,1637,8,456,74,1796,357,31,1197,1993,92,498,1541,958,1156,1933,1214,1995,861,444
439,727,1833,14,221,93,1396,852,749,1010,1923,95,1649,1721,128,1764,763,1775,1961,1725,1512
440,168,1958,364,1143,738,403,43,1461,6,1883,609,546,1672,1476,1865,1192,117,128,1621,1775
441,1637,35,8,456,1796,1993,92,31,357,1197,498,74,958,1156,1541,2037,1995,1933,444,823
442,168,364,1883,609,117,403,1958,711,43,1476,1865,1585,1192,1289,616,1186,1779,1010,1381,1913
443,1156,1995,1933,871,944,1541,35,823,1064,1018,1214,31,1637,861,74,444,1796,1779,456,1718
444,221,1833,14,727,1396,93,852,749,1010,1873,948,1534,819,95,912,358,65,1355,1529,523
445,168,1355,1387,1779,117,1751,1010,364,582,1910,43,1923,609,403,1725,546,1958,1058,1672,1883
446,1637,35,8,456,1796,1993,92,31,357,1197,498,74,958,1541,1156,1933,1214,861,1995,444
447,727,221,1833,14,1396,93,852,749,1010,1923,1764,95,1775,1721,128,1512,1283,1749,881,1054
448,168,171,327,7,513,799,2034,1783,1054,117,852,364,1396,403,221,1779,1058,1512,1951,43
449,727,14,221,1833,93,1396,749,852,1192,1923,95,1010,128,1649,819,1721,609,1764,763,948
450,1058,1010,1355,1764,1054,1283,1512,1705,582,1751,1149,117,1806,414,448,1725,711,819,1749,1143
451,727,221,1833,14,1396,93,852,749,1010,819,1923,1764,948,95,546,1775,1721,1520,1529,358
452,168,2037,591,6,1447,958,1440,861,364,2013,44,1699,561,1581,1725,1640,1541,442,1621,1476
453,1833,14,221,727,1396,93,852,749,1010,95,1355,1512,1749,1764,1923,1775,1058,1054,1539,881
454,1637,35,8,456,1796,1993,92,31,357,1197,498,74,958,1541,1156,1933,1214,861,1995,444
455,35,1637,8,456,74,1796,357,31,1197,1993,92,498,1541,958,1156,1933,1214,861,1995,444
456,301,1721,1183,1800,403,14,621,729,679,122,521,1387,95,528,1108,2065,1779,2043,299,1851
457,1637,35,8,456,1796,1993,92,31,357,1197,498,74,1541,958,1933,823,861,1995,444,1214
458,35,1637,8,456,74,1796,357,31,1197,1993,92,498,1541,958,1156,1933,1214,861,1995,444
459,1637,35,8,456,1796,1993,92,31,357,1197,498,74,958,1541,2037,1156,1933,444,289,823
460,168,1355,1387,1779,117,1751,1010,1143,1664,738,1775,582,1923,1725,1058,364,43,1958,1381,1883
461,14,727,221,1833,1396,93,749,852,1192,1010,128,819,609,1923,1764,948,255,546,95,1775
462,14,727,1833,221,1396,93,749,852,1010,1192,1873,948,1534,819,95,128,912,358,65,1355
463,117,1387,1951,1779,8,1009,740,31,1993,74,35,357,456,1796,92,1637,1197,958,498,1541
464,727,1833,14,221,1396,93,852,749,1010,95,1355,128,1512,1749,1764,1923,1775,1058,1725,1054
465,1995,861,1933,1541,456,1214,289,1637,35,823,444,1156,8,2037,1197,958,1796,1993,357,31
466,1637,35,8,456,1796,1993,92,31,357,1197,498,74,958,1541,2037,1156,1933,444,289,823
467,168,364,1476,1751,1775,448,117,1779,546,1387,1910,738,582,1672,43,1381,616,1355,1954,414
468,168,364,1779,117,6,1910,738,582,1958,1289,153,1355,1476,1192,1381,609,448,221,1585,1951
469,1064,1018,375,1684,1718,944,806,871,1581,861,1933,1156,1995,1133,1387,1541,740,444,823,1214
470,221,1833,727,14,93,1396,852,749,1010,95,819,1355,1512,1749,1764,1923,948,546,1721,1058
471,14,221,1833,93,727,1396,749,852,1873,948,1534,1010,819,912,95,358,65,1529,523,1721
472,14,1833,727,221,93,1396,749,852,1873,948,1534,1010,819,912,95,358,65,128,1529,523
473,727,1833,14,221,1396,93,852,749,1010,95,1355,128,1923,1512,1749,1764,1721,1058,1725,1054
474,1779,456,117,8,1796,1951,1387,357,740,35,1009,31,1993,1197,74,92,1637,498,958,1156
475,301,1721,1183,403,14,95,1764,1387,729,1833,1779,299,679,2065,521,1405,93,1951,881,727
476,35,1637,8,456,74,1796,357,31,1197,1993,92,498,1541,958,1156,1933,1214,861,1995,444
477,1637,35,8,456,1796,1993,92,31,357,1197,498,74,958,1541,2037,1156,1933,444,289,823
478,117,1387,1779,1951,456,8,1796,357,740,1009,35,31,1993,1197,74,92,1637,498,958,289
479,221,14,727,1833,1396,93,749,852,1192,128,1010,819,609,1923,948,255,546,95,1721,1520
480,727,14,221,1833,1396,93,852,749,1010,1923,95,1764,1775,1721,1512,128,1283,1749,881,1054
481,168,364,1779,1725,1775,1664,609,1958,117,1856,403,546,1387,561,1672,738,1381,1751,1585,1440
482,35,1637,8,456,74,1796,357,31,1197,1993,92,498,1541,958,1156,1933,1214,861,1995,444
483,727,1833,14,221,93,1396,852,749,1010,1873,948,1534,819,95,912,358,65,1355,1529,523
484,168,364,1779,561,43,1664,1958,403,738,582,1387,1910,1440,1355,1499,1461,1938,117,1640,1703
485,168,364,1476,561,1751,448,609,117,711,43,616,1440,1499,1883,1938,1954,414,1958,1779,1010
486,301,1721,1183,1010,14,95,1512,1764,1387,1833,1405,1779,881,1283,679,1664,2065,738,1143,93
487,1833,14,221,727,1396,93,749,852,1873,948,1534,1923,95,819,912,1649,358,1721,1010,65
488,1833,14,727,221,1396,93,852,749,1010,95,819,1355,128,1512,1749,1764,1923,948,546,1058
489,727,1833,14,221,1396,93,852,749,1010,95,1355,1923,1512,1749,1764,1721,128,1058,1054,1539
490,1833,14,221,727,1396,93,852,749,1010,1873,948,1534,1923,95,819,912,1649,358,1721,65
491,14,727,221,1833,1396,93,749,852,1192,128,1010,609,95,1923,255,483,1764,613,440,1512
492,1637,35,8,456,1796,1993,92,31,357,1197,498,74,958,1541,2037,1156,1933,444,289,823
493,168,117,1779,711,1143,1951,738,1958,1775,1118,403,364,546,1009,1381,1672,1387,1289,740,671
494,168,171,327,7,513,799,2034,1783,1054,852,738,1396,364,403,221,1058,1512,609,43,1751
495,1064,1018,375,1684,1718,1156,806,1995,1933,1541,35,823,1214,31,1637,861,1133,74,444,1796
496,1637,35,8,456,1796,1993,92,31,357,1197,498,74,958,1541,2037,1156,1933,444,289,823
497,456,1796,357,35,8,1197,74,92,1637,1993,31,498,1009,958,117,740,1387,1779,1541,2037
498,168,364,738,1725,609,43,117,1856,613,1186,1703,1958,1289,1664,153,1461,255,1192,1381,440
499,456,8,1796,357,35,31,1993,1156,1197,74,92,1637,1995,1933,1541,498,823,1214,861,444
500,117,1387,1779,1951,8,740,1009,31,1993,74,35,357,456,1796,92,1637,1197,958,498,1541
501,2034,327,799,7,171,1783,513,1588,410,1143,697,711,1118,1749,1281,1539,1775,1381,2068,871
502,727,1833,14,221,1396,93,852,749,1010,95,1355,128,1512,1749,1764,1923,1058,1725,1054,1539
503,14,727,221,1833,1396,93,749,852,1192,1873,948,1534,1923,95,819,128,1010,912,1649,358
504,221,14,1833,727,93,1396,852,749,1873,948,1534,819,912,95,358,1010,65,1529,523,1721
505,456,35,1796,357,8,1156,1197,74,92,1637,1993,1995,1933,31,1541,498,823,1214,861,444
506,1833,14,221,727,1396,93,852,749,1010,1873,948,1534,819,95,912,358,65,1355,1529,523
507,727,14,1833,221,1396,93,749,852,1010,1192,1873,948,1534,1923,95,819,128,912,1649,358
508,168,1779,1958,403,1461,1664,364,1883,609,1910,546,1387,1672,1476,738,1865,1585,1192,117,616
509,1833,14,727,221,1396,93,852,749,1010,95,819,1355,1512,1749,1764,1923,948,546,1775,1058
510,168,738,364,1355,609,95,43,1910,1192,483,582,1010,403,613,1186,1703,1958,1664,1461,255
511,1833,14,727,221,1396,93,852,749,1010,95,819,1355,1512,1749,1764,1923,948,546,1058,1520
512,168,364,117,1725,1779,1951,1958,1856,1883,609,403,1009,1910,1476,1387,1865,1461,1192,1289,738
513,1637,35,8,456,1796,1993,92,31,357,1197,498,74,958,1541,1156,1933,1214,861,1995,444
514,456,8,1796,357,35,31,1993,1197,74,92,1637,498,1009,117,1779,958,740,1387,1541,1156
515,1064,1018,375,1684,1718,1156,806,1995,1933,1541,35,944,823,1214,31,1637,861,1133,74,444
516,14,727,221,1833,1396,93,749,852,1192,1010,128,819,609,1764,1923,948,95,255,546,1520
517,14,727,1833,221,93,1396,749,852,1010,1192,95,128,1355,609,1512,1749,1764,1923,255,1775
518,221,14,727,1833,1396,93,749,852,1192,1010,128,819,609,1764,1923,948,255,546,95,1721
519,301,1721,1183,1800,14,621,95,729,679,122,521,1387,528,1108,2065,1833,1779,2043,1851,1793
520,1064,1018,375,1684,1718,1156,806,1995,1933,1541,35,944,823,1214,31,1637,861,1133,74,444
521,1637,35,8,456,1796,1993,92,31,357,1197,498,74,1541,958,1933,823,289,861,1995,444
522,168,364,1355,95,852,1725,1010,1751,1958,1461,582,1143,1058,1396,403,1381,1650,1512,1054,1910
523,1541,861,1933,1214,1018,1995,375,1064,1156,444,823,1718,806,1684,871,944,1194,591,958,236
524,168,738,1355,1387,1779,117,1476,1751,1010,609,1664,43,364,582,1923,448,403,613,1186,1725
525,727,1833,14,221,1396,93,852,749,1923,95,1649,819,1721,1010,763,948,546,1961,1520,1529
526,1637,35,8,456,1796,1993,92,31,357,1197,498,74,958,1541,2037,1156,1933,444,289,823
527,1833,14,727,93,221,1396,749,852,1873,948,1534,1010,1923,95,819,912,1649,358,1721,65
528,14,727,221,1833,1396,93,749,852,1192,1923,95,128,1010,1649,1721,609,763,255,1961,1725
529,301,1721,1183,1800,14,621,729,679,1764,122,521,1387,95,528,1108,2065,1779,2043,1851,1793
530,221,727,1833,14,93,1396,852,749,1873,948,1534,1923,95,819,1010,912,1649,358,1721,65
531,301,1721,1183,1800,1010,621,1512,729,679,1764,122,95,521,1387,528,1108,2065,1405,1779,881
532,168,1387,1355,1779,117,95,364,852,1725,1751,1010,561,1958,1461,582,1143,1058,1923,1009,1396
533,14,727,221,1833,1396,93,749,852,1192,1873,948,1534,819,128,1010,912,95,358,65,1529
534,1637,35,8,456,1796,1993,92,31,357,1197,498,74,958,1541,2037,1156,1933,444,289,823
535,35,1637,8,456,74,1796,357,31,1197,1993,92,498,1541,958,1156,1933,1214,861,1995,444
536,117,1387,1951,456,1779,8,1796,357,1009,35,740,31,1993,1197,74,92,1637,498,958,1541
537,117,1387,1779,1951,456,8,1796,357,740,1009,35,31,1993,1197,74,92,1637,498,958,289
538,117,1387,1951,1779,1009,740,8,1796,31,92,35,1637,456,74,357,1197,498,1993,1541,1156
539,117,1387,1951,1779,1009,740,8,1796,31,92,35,1637,456,74,357,1197,498,1993,1541,1156
540,1064,1018,375,1684,1718,1156,806,1995,1933,1541,35,944,823,1214,31,1637,861,1133,74,444
541,727,14,93,1833,221,1396,852,749,819,1923,1010,1764,95,948,546,1721,1520,1529,358,881
542,301,1721,1183,1010,403,14,95,1512,1764,1387,729,1833,1405,1779,881,1283,299,679,1664,2065
543,221,727,14,93,1833,1396,852,749,819,1010,1764,948,95,546,1721,1520,1529,358,881,575
544,861,1214,1933,1156,1995,444,823,1541,35,1796,31,1637,357,1197,8,456,498,74,1993,92
545,1355,1058,1010,1054,1512,1751,1764,1283,1705,582,117,1149,448,1806,1725,414,711,1118,1143,1749
546,727,1833,14,221,1396,93,852,749,1010,1923,95,1649,1721,1355,128,1512,1749,763,1764,1775
547,168,364,1355,1958,95,1010,1664,1751,582,403,1775,1143,1461,1396,117,1512,1054,1779,1387,738
548,1541,1933,1018,1995,861,1214,375,1064,444,1718,1156,806,823,1684,871,944,35,1194,591,1796
549,301,1721,1183,403,14,95,729,1833,299,521,1143,727,93,881,1534,1664,2065,1800,1108,440
550,168,2037,591,6,1447,958,1440,861,1387,2013,364,44,1699,561,1581,1640,1541,117,442,1779
551,168,738,364,1355,609,1476,95,1664,1751,1775,1192,483,448,582,117,1010,1779,1910,1387,43
552,1933,1541,444,823,1156,861,1214,35,1637,1995,8,456,958,1796,1197,74,31,498,92,2037
553,35,1637,8,456,74,1796,357,31,1197,1993,92,498,1541,958,1156,1933,1214,1995,861,444
554,1064,1018,375,1684,1718,1156,806,1995,1933,1541,35,944,823,1581,1214,31,1637,861,1133,74
555,35,1637,8,456,74,1796,357,31,1197,1993,92,498,1541,1933,861,958,1156,823,1214,1995
556,727,14,1833,221,93,1396,852,749,1010,1764,128,95,1923,881,1512,1775,1192,1058,1283,1749
557,1833,14,727,221,1396,93,852,749,1010,1923,95,1649,819,1721,1355,128,1512,1749,763,1764
558,1637,35,8,456,1796,1993,92,31,357,1197,498,74,1541,958,1933,823,289,861,1995,444
559,727,1833,14,93,221,1396,852,749,1010,128,1764,95,1725,1923,881,1512,1775,1192,1749,1283
560,727,221,1833,14,1396,93,852,749,1010,1764,1775,128,95,1923,1512,1283,1749,881,1054,1703
561,727,1833,14,221,1396,93,852,749,1873,948,1534,1010,1923,95,819,912,1649,358,1721,65
562,456,1796,357,35,8,1156,1197,74,92,1637,1993,1995,1933,31,1541,498,823,1214,861,444
563,1779,117,8,1951,1387,740,1009,31,1993,74,35,357,456,1796,92,1637,1197,958,498,1541
564,221,727,14,1833,93,1396,852,749,1873,948,1534,819,1010,912,95,358,65,1923,1529,523
565,456,1796,357,35,8,1156,1197,74,92,1637,1993,1995,1933,31,1541,498,823,1214,861,444
566,117,1387,1779,1951,456,8,1796,357,740,1009,35,31,1993,1197,74,92,1637,498,958,1541
567,1018,1064,1718,1684,871,944,806,375,1995,861,1480,1933,2068,1214,791,1156,1541,1750,174,991
568,35,456,1637,31,1796,1993,357,498,8,1197,74,1933,1156,1995,861,1214,92,1541,823,444
569,1018,1064,375,1684,1718,871,944,1156,806,1995,1933,1541,35,823,1480,1581,1214,2068,31,1637
570,727,1833,14,221,1396,93,852,749,1010,819,1764,95,948,546,1775,128,1520,1529,1923,358
571,301,1721,1183,1800,1010,403,621,1512,729,679,122,95,521,1764,528,1108,2065,1405,881,1283
572,168,738,1355,1958,1387,1779,364,609,117,1751,1010,95,43,403,582,1192,1461,1923,483,1883
573,14,727,1833,221,1396,93,749,852,1010,1192,1923,95,128,1649,1721,1355,609,1512,1749,763
574,301,1721,1183,1010,403,14,95,1512,1764,1387,729,1833,1405,1779,881,1283,299,679,1664,2065
575,35,1156,456,1995,1933,1993,1541,357,31,1637,498,1197,1796,823,74,8,1214,861,444,958
576,35,1156,1637,1995,1933,8,31,1796,357,1541,498,92,456,1993,823,74,1197,1214,861,444
577,456,8,1796,357,35,31,1993,1197,74,92,1637,498,1009,958,117,740,1387,1779,1541,2037
578,221,14,727,1833,1396,93,749,852,1010,1192,1873,948,1534,819,95,128,912,358,65,1355
579,35,2034,7,1637,327,799,513,1796,31,8,357,171,1783,498,456,1993,74,1197,92,1588
580,221,14,727,1833,1396,93,749,852,1192,1873,948,1534,1923,95,819,128,1010,912,1649,358
581,301,1721,1183,1800,1010,14,621,1512,729,679,1764,122,95,521,1387,528,1108,2065,1405,1779
582,168,1143,1664,738,364,609,1910,561,1725,1585,1958,616,1186,1440,1775,852,403,1883,613,1913
583,168,1958,364,403,1775,1461,117,609,1779,1387,1289,1381,153,616,1883,1192,1751,1585,1476,1355
584,168,327,2034,171,7,799,1783,513,410,1588,1581,6,648,561,1100,1621,1958,1206,1699,609
585,221,14,727,1833,1396,93,749,852,1010,1192,95,128,1355,609,1512,1749,1764,1923,255,1775
586,727,221,1833,14,93,1396,852,749,819,128,1923,948,95,546,1721,1520,1725,1529,1010,358
587,168,117,1779,364,1476,1951,561,1751,1958,448,1883,609,403,546,1009,1672,43,616,1387,1440
588,221,14,1833,727,93,1396,852,749,1010,819,128,1764,948,546,1775,1721,1520,1725,1529,1923
589,168,1355,1387,1779,117,711,1751,1010,1143,582,1923,609,1775,364,1725,1118,1058,1381,43,1958
590,727,1833,14,93,221,1396,852,749,1010,819,1764,95,948,546,1775,128,1520,1529,1923,358
591,168,1387,117,738,364,1355,609,1779,561,95,1192,1009,483,1951,582,1010,1585,546,1751,1725
592,1064,1018,375,1684,1718,806,871,944,1133,174,791,1480,691,8,991,2068,1750,1869,1796,1993
593,1156,1995,1933,871,944,1541,35,823,1064,1018,1214,31,1637,861,74,444,1796,456,174,1718
594,1637,35,8,456,1796,1993,92,31,357,1197,498,74,958,1541,2037,1156,1933,444,289,823
595,456,8,1796,357,35,31,1993,1197,74,92,1637,498,1009,958,117,740,1387,1779,1541,1156
596,1637,35,8,456,1796,1993,92,31,357,1197,498,74,958,1541,2037,1156,1933,444,289,823
597,456,35,1796,357,8,1197,74,92,1637,1993,31,498,1933,1156,1995,861,1214,1009,958,117
598,35,1637,8,456,74,1796,357,31,1197,1993,92,498,1541,958,1156,1933,1214,861,1995,444
599,727,221,1833,93,14,1396,852,749,1010,1764,95,128,1923,881,1512,1775,1283,1749,43,1355
600,221,727,14,1833,1396,93,749,852,1192,1010,128,1923,609,1764,95,255,1775,1721,483,1512
601,221,727,14,93,1833,1396,852,749,1873,948,1534,819,912,95,358,1010,65,1923,1529,523
602,35,958,1637,8,1541,1933,1156,1796,2037,456,31,74,1995,92,1214,6,357,1581,861,498
603,35,1933,357,8,1995,861,74,1796,444,31,1637,456,1541,958,1214,1156,1197,2037,1993,823
604,871,944,1995,1933,861,1541,1064,444,1214,1480,791,1156,823,1018,2068,1750,991,958,375,1684
605,168,738,609,43,364,117,613,1355,1186,1703,546,1910,1751,561,1725,1672,1664,1958,1461,255
606,1933,1995,861,1214,1541,1156,823,444,1796,958,1637,31,35,74,498,92,1064,375,456,357
607,1637,35,8,456,1796,1993,92,31,357,1197,498,74,958,1156,1541,2037,1995,1933,444,823
608,117,1387,1779,1951,740,1009,35,31,357,1156,1796,861,8,456,1993,1197,1637,1995,74,958
609,727,1833,14,221,1396,93,852,749,1010,95,1355,128,1512,1749,1764,1923,1058,1725,1054,1539
610,221,727,14,1833,93,1396,852,749,1010,1764,95,1721,128,1923,881,1512,1775,832,1283,1749
611,1637,35,8,456,1796,1993,92,31,357,1197,498,74,958,1541,1156,1933,1214,861,1995,444
612,221,14,727,1833,1396,93,749,852,1192,1873,948,1534,819,1010,128,912,95,358,65,1529
613,1833,14,727,221,1396,93,852,749,1010,1873,948,1534,819,95,912,358,65,1355,1529,523
614,727,14,221,1833,93,1396,749,852,1192,128,1010,819,1923,609,1764,948,95,255,546,1721
615,456,8,1796,357,35,31,1993,1197,74,92,1637,498,1009,117,1779,958,740,1387,1541,1951
616,1064,1018,375,1684,1718,1156,806,1995,1933,871,944,1541,35,823,1214,31,1637,861,1133,74
617,221,727,1833,14,93,1396,852,749,128,1923,95,1721,1725,1010,1775,1764,881,1749,832,43
618,301,1721,1183,14,95,1764,1387,1833,1779,679,2065,1405,1143,93,1951,881,727,1108,1009,575
619,35,1637,8,456,74,1796,357,31,1197,1993,92,498,1541,958,1156,1933,1214,861,1995,444
620,221,14,727,1833,1396,93,749,852,1192,1873,948,1534,1010,819,128,912,95,358,65,1529
621,168,364,1476,1751,1775,1779,448,117,1387,1958,43,1381,616,1883,1954,414,1289,1585,1355,1951
622,301,1721,1183,1800,621,95,729,14,679,122,521,1387,528,1108,2065,1833,1779,2043,1851,1793
623,1833,14,727,221,1396,93,852,749,1010,95,1355,128,1512,1749,1764,1923,1775,1058,1725,1054
624,168,1355,1958,95,711,1010,1143,1751,582,403,1775,1461,364,1396,117,1883,609,1512,1054,1118
625,168,364,1476,561,1751,448,1883,609,403,546,1958,1672,43,616,1440,1499,1865,1192,1938,1954
626,1156,1995,1933,1541,35,1064,823,1581,1214,31,1637,861,74,444,1796,456,1684,8,1699,375
627,168,1779,364,1664,117,6,1958,403,711,1387,1289,738,153,1585,1476,1192,1381,609,616,1186
628,168,1355,1387,1779,117,1751,1010,364,1664,582,1910,1923,1725,1058,43,711,738,1958,448,1951
629,1637,8,35,958,456,1197,1796,31,357,74,2037,498,2034,327,44,92,444,1933,799,7
630,1779,456,117,8,1796,1951,1387,357,740,35,1009,31,1993,1197,74,92,1637,498,958,1156
631,168,1387,1355,1779,117,364,1751,1010,561,582,1923,1009,1951,609,1585,1725,1910,1058,43,1958
632,168,1355,738,364,95,609,852,1725,1010,1751,1958,1461,582,1143,1192,43,1058,1396,483,117
633,221,727,1833,14,93,1396,852,749,1010,128,1764,1775,1721,1725,1923,881,1512,95,1283,1749
634,35,357,1933,289,74,1637,1796,8,456,1995,444,31,861,1541,1214,1156,498,1993,823,2037
635,168,364,852,1725,1751,1958,1461,1058,117,403,1381,1650,1883,609,1355,1010,546,1289,1672,1910
636,14,727,221,1833,93,1396,749,852,1192,1010,128,819,609,1764,1923,948,255,546,95,1775
637,221,727,1833,14,93,1396,852,749,1010,128,1764,1775,1721,1725,1923,95,1512,1283,1749,881
638,727,1833,14,93,221,1396,852,749,1010,1923,95,1649,819,1721,1355,1512,1749,1764,763,948
639,35,289,357,74,8,456,1637,2037,1993,1796,1197,31,92,498,1933,44,958,1156,444,1541
640,14,727,1833,221,1396,93,749,852,1010,1192,1873,948,1534,819,95,128,912,358,65,1355
641,727,14,221,1833,1396,93,749,852,1192,1010,128,819,1923,609,1764,95,948,255,546,1721
642,1833,14,221,727,93,1396,852,749,1010,1923,95,1649,1721,128,763,1764,1775,1961,1725,1512
643,727,14,221,1833,1396,93,749,852,1192,128,1010,1923,609,95,255,1721,1725,483,613,440
644,14,727,221,1833,1396,93,749,852,1192,1873,948,1534,819,1010,128,912,95,358,65,1529
645,1064,1018,375,1684,1718,1156,806,1995,1933,1541,35,823,1581,1214,31,1637,861,1133,74,444
646,35,1637,8,456,74,1796,357,31,1197,1993,92,498,1541,958,1156,1933,1214,861,1995,444
647,168,364,711,1143,738,609,1775,1118,546,1910,1381,1672,1958,852,403,1873,1883,1281,613,1211
648,1064,1018,375,1684,1718,1156,806,1995,1933,871,944,1541,35,823,1214,31,1637,861,1133,74
649,35,1637,8,456,74,1796,357,31,1197,1993,871,944,92,498,1933,1541,958,1156,861,1995
650,301,1721,1183,1800,1010,14,621,1512,729,679,122,95,521,1764,528,1108,2065,1405,881,1283
651,289,2037,35,958,1637,1933,44,8,31,1156,357,444,1796,92,1541,456,861,6,74,823
652,117,1387,1951,456,1779,1796,357,1009,35,740,8,1197,74,92,1637,1993,31,498,1541,1156
653,93,1833,14,221,727,1396,852,749,1010,819,1764,948,95,546,1775,1520,1529,358,881,1512
654,168,1775,609,117,364,1883,1779,1910,403,546,1387,1672,1476,1381,1865,1192,1958,1751,1585,1355
655,168,2037,591,6,1447,958,1440,861,117,2013,1355,44,1699,561,1958,1581,1640,1541,442,95
656,861,1933,1541,1995,1156,1214,35,444,823,31,1796,1637,456,357,1993,8,1197,498,92,74
657,1064,1018,375,1684,1718,1156,806,1995,1933,8,1796,31,1541,35,92,1637,823,456,861,74
658,168,364,1664,1910,1779,609,117,1958,1725,738,1289,448,1951,1009,671,1751,403,1883,613,1192
659,168,327,2034,171,7,799,1783,513,410,1588,1581,6,1387,648,561,1100,1621,117,1206,1699
660,168,364,738,1725,1143,609,43,1856,613,1186,1703,1958,1664,1461,255,440,1289,483,852,128
661,168,738,852,1725,609,1751,1958,1461,43,1775,1058,403,117,1381,1650,613,1186,1355,1779,1910
662,456,35,1796,357,8,1197,74,92,1637,1993,31,498,1933,1156,1995,861,1214,1009,958,117
663,1833,14,727,221,1396,93,852,749,1010,1923,95,1649,1721,1355,128,1512,1749,763,1764,1058
664,1156,1995,1933,871,944,1541,35,823,1064,1018,1214,31,1637,861,74,444,1796,456,174,1718
665,168,364,738,1355,609,711,1143,95,43,1192,483,1775,582,1010,613,1186,1118,1703,1381,1664
666,14,727,221,1833,1396,93,749,852,1192,1873,948,1534,1010,819,128,912,95,358,65,1529
667,117,1387,1779,1951,456,1796,357,740,1009,35,8,1197,74,92,1637,1993,31,498,1156,861
668,168,117,1355,95,1779,364,1010,1951,1751,582,1958,1143,1396,1512,1054,1910,403,546,1775,1009
669,14,727,1833,221,1396,93,749,852,1010,1192,1873,948,1534,1923,95,819,128,912,1649,358
670,727,14,93,1833,221,1396,749,852,1873,948,1534,1010,819,912,95,358,65,1923,1529,523
671,221,14,727,1833,1396,93,749,852,1192,1873,948,1534,1010,819,128,912,95,358,65,1529
672,301,1721,1183,1800,1010,14,621,1512,729,679,122,95,521,1764,1387,528,1108,2065,1405,1779
673,1637,35,8,456,1796,1993,92,31,357,1197,498,74,958,1541,2037,1156,1933,444,289,823
674,1933,1541,861,1995,444,1156,1214,823,35,1637,31,1796,357,498,8,456,1993,74,1197,958
675,1637,35,8,456,1796,1993,92,31,357,1197,498,74,958,1541,2037,1156,1933,444,289,823
676,221,14,727,1833,93,1396,749,852,1192,1873,948,1534,819,128,1010,912,95,358,65,1529
677,1833,14,727,221,93,1396,852,749,1873,948,1534,1923,95,819,912,1649,358,1721,1010,65
678,168,364,1664,1779,43,117,403,1355,1751,1958,1725,738,609,1387,448,1951,1009,1010,1775,95
679,117,1387,1951,456,1779,8,1796,357,1009,35,740,31,1993,1197,74,92,1637,498,958,1541
680,1969,561,7,1322,171,1621,513,794,193,1440,195,1384,1699,1783,327,6,262,1588,799,2034
681,1637,35,8,456,1796,1993,92,31,357,1197,498,74,958,1541,2037,1156,1933,444,289,823
682,1995,861,1933,1541,1214,823,444,1156,958,35,357,31,1796,456,1993,1197,8,1637,74,92
683,1637,8,35,958,456,1197,1796,31,357,74,2037,498,2034,327,44,92,444,1933,7,289
684,456,1796,357,35,8,1156,1197,74,92,1637,1993,1995,1933,31,1541,498,823,1214,861,444
685,168,171,327,7,513,799,2034,1783,1054,852,1355,1396,403,738,364,221,95,609,1058,1010
686,35,1637,8,1933,456,74,1541,1796,357,444,823,31,1156,861,1197,1993,1214,92,498,1995
687,1779,456,117,1796,1951,1387,357,740,35,8,1009,1197,74,92,1637,1993,31,498,1541,1156
688,35,1637,31,1796,357,498,8,456,1993,74,1197,1995,1541,92,1156,1933,861,1214,444,823
689,456,8,1796,357,35,31,1993,1197,74,92,1637,498,1387,1009,117,1779,958,740,1156,861
690,221,727,14,1833,93,1396,852,749,819,1010,1923,95,948,546,1721,1520,1529,358,575,731
691,727,1833,14,93,221,1396,852,749,1010,95,1355,1923,1512,1749,1764,1775,1721,1058,1054,1539
692,221,727,1833,14,1396,93,852,749,1010,95,1355,1512,1749,1764,1923,1721,128,1058,1054,1539
693,14,727,221,1833,93,1396,749,852,1192,1010,128,609,1764,1923,255,95,1725,483,881,613
694,117,1387,1951,1779,8,1009,740,31,1993,74,35,357,456,1796,92,1637,1197,958,498,1541
695,14,727,1833,221,93,1396,749,852,1010,1192,95,128,819,1355,609,1512,1749,1764,1923,948
696,1833,14,727,221,1396,93,852,749,1873,948,1534,1010,1923,95,819,912,1649,358,1721,65
697,168,364,1779,117,6,609,1910,1289,153,1476,1192,1381,1958,448,221,1585,1951,1009,1751,1621
698,35,456,1993,1637,357,31,498,1197,1796,74,1933,1156,8,1995,861,1214,92,823,1541,444
699,168,711,1143,364,738,1910,1775,1118,1381,1958,1585,1289,616,1186,1779,671,1281,403,609,1211
700,117,1387,1951,456,1779,8,1796,357,1009,35,740,31,1993,1197,74,92,1637,498,958,1541
701,1995,1541,35,861,1933,1018,1214,456,823,444,1156,375,1064,1993,958,357,31,1637,498,1197
702,221,727,14,1833,93,1396,852,749,1873,948,1534,819,1010,912,95,358,65,1529,523,1721
703,301,1721,1183,1800,14,621,95,729,679,122,521,528,1108,2065,1833,2043,1851,1793,1255,1143
704,221,727,1833,14,1396,93,852,749,1010,1923,95,1649,1721,1355,1512,1749,1764,763,1775,128
705,168,1387,364,738,117,1779,1476,609,43,1751,1775,1910,1009,448,1951,1585,613,1186,1703,582
706,35,1933,1796,8,1995,444,31,861,456,1541,1214,1156,1637,823,498,357,92,74,1993,1197
707,14,727,1833,221,93,1396,749,852,1010,1192,95,128,1355,609,1512,1749,1764,1923,255,1058
708,35,456,1993,357,31,861,1637,498,1197,1796,74,1933,1156,8,1995,1541,1214,92,823,444
709,117,1387,1779,1951,8,740,1009,31,1993,74,35,357,456,92,1796,1637,1197,958,498,289
710,456,35,8,1796,357,31,1993,1197,74,92,1637,498,1933,1156,1995,861,1214,1009,958,117
711,168,117,1779,711,1951,364,1143,1958,1910,609,1775,1118,403,1009,1381,1387,1289,740,852,1621
712,301,1721,1183,1010,14,1512,95,1764,1387,1405,1779,881,1283,679,1664,2065,738,727,93,1951
713,1156,1995,1933,1541,35,823,1214,31,1637,861,74,444,1796,456,8,1699,591,958,357,1993
714,727,1833,14,221,93,1396,749,852,1873,948,1534,1010,1923,95,819,912,1649,358,1721,65
715,35,1637,8,456,74,1796,357,31,1197,1993,92,498,1541,958,1156,1933,1214,861,1995,444
716,301,1721,1183,1010,403,14,95,1512,1764,729,1833,1405,881,1283,299,1664,521,738,727,93
717,1933,1541,861,1995,444,1156,1214,1637,823,35,958,74,456,8,1796,357,31,2037,1197,92
718,1541,1933,1018,1995,861,1214,375,1064,444,1718,1156,806,823,1684,871,944,1194,591,236,942
719,14,727,1833,221,1396,93,852,749,1873,948,1534,1010,819,912,95,358,65,1529,523,1721
720,168,364,561,43,403,546,1958,1672,1440,1499,1938,671,117,1640,1910,1873,1779,738,1476,1721
721,8,35,31,1993,1637,74,357,456,1796,92,498,1197,958,117,1156,861,2037,1951,740,1995
722,221,727,1833,93,14,1396,852,749,1010,1764,95,1721,881,1512,128,1923,1775,1192,832,1283
723,1058,1010,1355,1764,1054,1283,1705,1512,582,1751,1149,1806,414,448,819,1405,670,1143,43,1396
724,301,1721,1183,1800,403,14,621,729,679,122,521,1387,95,528,1108,2065,1779,2043,299,1851
725,727,1833,14,221,1396,93,852,749,1010,1923,95,1649,1721,1355,128,1512,1749,763,1764,1058
726,8,31,1993,456,289,35,74,357,1637,2037,92,1197,1796,498,958,117,44,1156,861,1951
727,168,1779,1476,1664,1751,448,364,1958,1883,609,403,546,561,1387,1672,43,738,1725,616,1865
728,301,1721,1183,1800,1010,621,95,1512,729,14,679,122,521,1764,528,1108,2065,1833,1405,881
729,117,1387,1779,1951,456,1796,357,740,1009,35,8,1197,74,92,1637,1993,31,498,1541,1156
730,1637,8,35,958,456,1197,1796,31,357,74,2037,498,2034,327,44,92,444,1933,799,7
731,301,1721,1183,1800,1010,403,14,621,95,1512,729,679,122,521,1764,528,1108,2065,1833,1405
732,35,456,1993,357,31,1637,498,1197,1796,74,1933,1156,8,1995,861,1214,92,1541,823,444
733,35,1933,1796,8,1995,444,31,861,456,1541,1214,1156,1637,823,498,357,92,74,1993,1197
734,221,727,1833,14,93,1396,852,749,1010,819,1764,95,948,546,1775,1721,128,1520,1529,1923
735,221,14,727,1833,1396,93,749,852,1192,1010,128,609,1764,95,1923,255,1775,1721,483,1512
736,1355,1058,1010,1512,1054,1751,1764,1283,1705,582,1149,117,1806,414,448,1725,711,1118,1143,1749
737,35,1637,8,456,74,1796,357,31,1197,1993,92,498,1541,958,1156,1933,1214,289,861,1995
738,168,117,738,1779,852,1476,1725,1951,609,364,1751,1958,1461,43,1910,1058,448,403,1381,1650
739,168,117,1355,738,364,95,1779,609,1010,1951,1751,582,1958,1143,1192,1396,483,1883,1512,1054
740,727,14,221,1833,93,1396,852,749,1010,128,1764,1775,1725,1923,881,1512,95,1283,1749,1054
741,14,727,1833,221,1396,93,749,852,1010,1192,95,128,819,1355,609,1512,1749,1764,1923,948
742,14,1833,727,221,93,1396,749,852,1873,948,1534,819,912,95,358,1010,65,128,1529,523
743,861,35,1933,1995,1156,1541,357,823,444,31,1796,456,1993,1197,8,1637,1214,74,92,498
744,301,1721,1183,727,1923,1539,1143,1749,1118,95,1775,711,1800,1010,14,1833,1381,221,621,1512
745,168,364,852,1725,711,1143,561,1751,1958,1461,738,1058,1775,403,1381,1650,1355,1118,1010,616
746,35,1637,8,456,74,1796,357,31,1197,1993,92,498,1541,958,1156,1933,1214,861,1995,444
747,301,1721,1183,727,1923,1539,1143,1749,1118,95,1775,711,403,14,1833,1381,221,43,93,729
748,221,727,1833,14,93,1396,852,749,1923,95,1649,1721,128,763,1010,1764,1961,1725,1775,881
749,221,14,727,1833,1396,93,749,852,1192,1010,128,819,609,95,1923,1764,948,255,546,1775
750,221,727,1833,14,93,1396,852,749,1010,1923,95,1649,1721,1355,1512,1749,1764,763,128,1058
751,1933,1541,444,823,1156,861,1214,1995,35,1637,8,456,1796,1197,74,31,958,498,92,2037
752,727,1833,14,221,93,1396,852,749,1010,95,1355,1512,1749,1764,1923,1775,128,1058,1054,1539
753,14,727,221,1833,1396,93,749,852,1192,1010,128,819,609,1764,95,1923,948,255,546,1775
754,221,1833,14,727,1396,93,852,749,1010,1873,948,1534,819,95,912,358,65,1355,1529,523
755,168,117,1779,364,1951,1958,6,403,546,1910,1009,711,1289,1672,153,1387,1476,1192,1381,609
756,301,1721,1183,727,1923,1539,1143,1749,1118,95,1775,711,14,1833,1381,221,43,1764,93,1387
757,221,727,1833,14,93,1396,852,749,1010,128,1764,95,1721,1725,1923,1775,881,1749,832,43
758,1833,14,727,221,1396,93,852,749,1010,95,1355,128,1512,1749,1764,1923,1058,1725,1054,1539
759,727,14,1833,221,93,1396,749,852,1873,948,1534,819,912,95,358,1010,65,128,1923,1529
760,168,117,1355,1387,1779,1751,1010,1951,1958,582,1923,609,364,1725,1910,403,1009,1058,43,1883
761,168,364,1883,609,403,43,1910,1476,1958,1865,1461,1192,671,1913,1703,616,1973,738,440,1289
762,168,171,327,7,513,799,2034,1783,1054,364,852,1958,1396,1725,403,221,1058,1512,43,1664
763,168,364,1476,1143,738,1751,1775,1779,448,117,1387,582,43,1381,616,1355,1883,1954,414,1585
764,1355,1058,1010,1764,1054,1283,1512,1751,1705,582,1149,448,1806,414,1118,819,1143,1749,711,670
765,8,35,31,1993,1156,1637,74,357,456,1995,1933,1796,92,1541,498,823,1197,1214,861,444
766,221,14,727,1833,1396,93,749,852,1192,128,1010,819,609,1923,948,255,546,95,1721,1520
767,1833,14,727,221,1396,93,852,749,1010,1923,95,1649,819,1721,1355,1512,1749,763,1764,948
768,221,1833,14,727,93,1396,852,749,1923,95,1649,1721,1010,128,763,1764,1961,1725,1775,881
769,1541,1156,1933,1995,444,823,1214,861,958,1637,35,1796,2037,31,8,498,357,1197,456,1993
770,1156,1995,1933,1541,35,823,1214,31,1637,861,74,444,1796,1779,456,8,1699,357,591,958
771,221,14,727,1833,93,1396,749,852,1192,128,1010,609,1764,1923,255,95,1721,1725,483,881
772,35,1637,8,456,74,1796,357,31,1197,1993,92,498,1541,958,1156,1933,1214,861,1995,444
773,727,221,1833,93,14,1396,852,749,1010,128,1764,1775,1725,1923,881,1512,95,1283,1749,1054
774,14,727,221,1833,1396,93,749,852,1192,1923,95,128,1010,1649,1721,609,763,255,1961,1725
775,301,1721,1183,403,14,95,1387,729,1833,1779,299,679,2065,521,1405,1143,727,93,1951,881
776,727,1833,14,221,1396,93,852,749,1010,1923,95,1649,1721,1355,1512,1749,1764,763,1775,128
777,1779,456,117,8,1796,1951,1387,357,740,35,1009,31,1993,1197,74,92,1637,498,958,289
778,168,1355,1387,1779,95,117,1751,1010,582,1143,1923,1396,1512,1054,1725,364,1775,1058,43,128
779,14,727,1833,221,93,1396,749,852,1010,1192,95,128,819,1355,609,1512,1749,1764,1923,948
780,35,1637,8,31,1796,357,498,92,456,1993,74,1197,958,1541,1156,861,2037,1995,1214,1933
781,168,364,117,1958,1725,1779,1951,561,403,1461,1856,1009,1387,1440,1499,1938,738,1664,128,740
782,301,1721,1183,1010,95,1512,14,1764,1833,1405,881,1283,1664,738,1143,727,1355,403,1923,1058
783,168,738,364,609,561,43,1910,1779,613,117,1186,1703,1664,1461,1440,1499,255,1938,440,483
784,301,1721,1183,1800,14,621,95,729,679,122,521,1387,528,1108,2065,1833,1779,2043,1851,1793
785,35,456,1637,31,1796,1993,357,498,8,1197,74,1933,1156,1995,861,1214,92,1541,823,444
786,1637,35,8,456,1796,1993,92,31,357,1197,498,74,958,1156,1541,2037,1995,1933,444,823
787,168,364,1664,1775,1779,6,117,1387,1725,1381,738,1476,1958,1751,1585,448,1355,1951,609,1009
788,168,738,1355,1387,1779,364,95,609,117,1751,1010,43,582,1910,1143,1192,1923,1396,483,613
789,221,1833,14,727,1396,93,852,749,1010,95,819,1355,1512,1749,1764,1923,948,546,1721,1058
790,221,727,14,1833,93,1396,852,749,1873,948,1534,819,1010,912,95,358,65,1529,523,1721
791,168,1355,1779,95,364,1010,1751,582,1910,1143,43,1664,1396,117,1958,403,1512,1054,1775,1725
792,944,871,791,991,8,1796,1480,31,1750,92,35,1637,2068,456,74,357,1197,958,498,1993
793,168,364,852,1725,561,1751,1958,1461,1775,43,1058,609,403,117,1381,1650,1355,1779,1010,1387
794,14,727,1833,221,93,1396,749,852,1010,1192,1873,948,1534,819,95,128,912,358,65,1355
795,168,364,1355,1958,1725,95,711,1010,1143,1751,582,403,1461,1396,1775,1856,1512,1054,1118,1381
796,221,14,727,1833,93,1396,749,852,1192,128,1010,609,1764,1923,95,255,1721,483,881,613
797,35,1637,8,456,74,1796,357,31,1197,1993,92,498,1541,958,1156,1933,1214,861,1995,444
798,301,1721,1183,727,1923,1539,1143,1749,1118,95,1775,711,1800,403,14,1833,1381,221,621,43
799,301,1721,1183,1800,621,95,729,14,679,122,521,1387,528,1108,2065,1833,1779,2043,1851,1793
800,1933,1541,861,1995,444,1156,1214,35,823,1637,1796,8,31,456,498,357,958,74,92,1993
801,301,1721,1183,1010,403,14,1512,95,1764,729,1405,881,1283,299,1664,521,738,727,93,1355
802,168,364,1725,738,1355,609,95,1192,483,582,1010,1856,546,1672,616,1958,1883,1664,1476,301
803,221,1833,14,727,1396,93,852,749,1010,95,1355,128,1512,1749,1764,1923,1775,1721,1058,1725
804,301,1721,1183,1010,14,95,1512,1764,1387,1833,1405,1779,881,1283,679,1664,2065,738,1143,93
805,301,1721,1183,1010,403,95,1512,14,1764,729,1833,1405,881,1283,299,1664,521,738,1143,727
806,221,1833,14,727,93,1396,852,749,1010,1923,95,1649,1721,128,763,1764,1775,1961,1725,1512
807,1637,35,8,456,1796,1993,92,31,357,1197,498,74,958,1156,1541,2037,1995,1933,444,823
808,301,1721,1183,1800,1010,621,1512,729,679,1764,122,95,521,528,1108,2065,1405,881,1283,2043
809,35,1637,8,456,74,1796,357,31,1197,1993,92,498,1541,1933,958,1156,823,1214,861,1995
810,1637,35,8,456,1796,1993,92,31,357,1197,498,74,958,1541,2037,1156,1933,444,289,823
811,301,1721,1183,95,14,1764,1387,1833,1779,679,2065,1405,1143,727,1951,1534,1664,1108,1009,575
812,168,364,1833,1779,93,727,896,1381,221,327,1883,799,1664,117,1958,403,7,712,1387,1289
813,168,1779,364,1910,1664,609,1958,117,403,546,1387,1672,738,448,1951,1973,1009,1751,1476,1873
814,1637,35,8,456,1796,1993,92,31,357,1197,498,74,958,289,1156,1541,2037,1995,1933,444
815,727,1833,14,221,93,1396,852,749,1923,95,1010,1649,1721,128,1764,763,1961,1725,1775,712
816,871,944,1064,1156,1933,1018,1718,1995,375,444,1541,35,861,823,1480,806,791,1750,1214,31
817,1995,861,871,1933,944,1064,1541,1214,1018,823,1718,444,1156,375,958,1480,806,791,1750,35
818,221,14,727,1833,1396,93,749,852,1192,128,1010,609,95,1923,255,1721,483,1764,613,440
819,1637,35,861,456,8,958,1933,1995,1541,31,357,74,1796,444,1993,1156,498,1214,1197,823
820,14,727,221,1833,1396,93,749,852,1192,1873,948,1534,1923,95,819,128,1010,912,1649,358
821,168,738,364,609,1664,43,1779,117,613,1186,1703,1289,1725,153,616,1461,255,1883,1958,1192
822,727,14,221,1833,1396,93,749,852,1192,1010,128,1923,609,1764,95,255,1775,1721,1725,483
823,1018,1064,375,1684,1718,871,944,806,1995,861,1480,1933,2068,1214,791,1133,1156,1541,1750,991
824,35,1637,8,456,74,1796,357,31,1197,1993,92,498,1541,958,1156,1933,1214,861,1995,444
825,1355,1058,1010,1054,1512,1751,1764,1283,1705,582,1149,448,1806,414,1118,1143,1749,1405,711,670
826,1995,861,1933,1541,1214,1637,823,444,1156,35,958,456,8,31,357,74,1796,1993,498,1197
827,35,1637,8,456,74,1796,357,31,1197,1993,92,498,1541,958,1156,1933,1214,861,1995,444
828,456,1796,357,35,8,1156,1197,74,92,1637,1993,1995,1933,31,1541,498,823,1214,861,444
829,168,738,609,1664,43,1779,117,613,1355,1186,1703,1751,364,1725,1958,1461,255,1585,440,616
830,1637,35,8,456,1796,1993,92,31,357,1197,498,74,958,1156,1541,2037,1995,1933,444,823
831,301,1721,1183,14,95,1764,1387,1833,1779,679,2065,1405,727,93,1951,881,1534,1664,1108,1009
832,301,1721,1183,1010,14,1512,1764,95,1387,1405,1779,881,1283,679,1664,2065,738,1143,93,1951
833,35,1637,8,456,74,1796,357,31,1197,1993,92,498,1541,958,1156,1933,1214,861,1995,444
834,35,1637,8,456,74,1796,357,31,1197,1993,92,498,1541,871,958,1156,1933,944,1064,1214
835,1637,35,8,456,1796,1993,92,31,357,1197,498,74,958,1541,1156,1933,1214,861,1995,444
836,1833,14,727,93,221,1396,749,852,1873,948,1534,1923,95,819,912,1649,358,1721,1010,65
837,1637,35,8,456,1796,1993,92,31,357,1197,498,74,958,1541,2037,1156,1933,444,289,823
838,1995,861,1933,1541,1214,823,444,1156,958,35,1637,1796,8,31,289,456,1197,498,1581,357
839,168,364,1833,93,727,896,561,1381,221,327,1883,799,1910,7,738,582,712,1958,711,1440
840,727,1833,14,221,93,1396,852,749,1923,95,1649,819,1721,1010,763,1764,948,546,1961,1520
841,1933,1541,861,1995,444,1156,35,1214,823,1018,456,375,1064,1993,357,31,1637,498,1197,1796
842,301,1721,1183,1800,403,14,621,729,679,1764,122,521,528,1108,2065,95,2043,299,1851,1793
843,35,1637,8,456,74,1796,357,31,1197,1993,92,498,1541,958,1156,1933,1214,861,1995,444
844,727,14,1833,221,93,1396,749,852,1010,1192,95,128,1355,1923,609,1512,1749,1764,255,1721
845,861,35,958,1214,1933,1541,1156,8,1637,1995,31,357,1796,92,2037,456,74,823,498,444
846,1156,1064,1995,1933,1541,35,944,871,823,861,1018,1581,375,1214,31,1637,1718,74,444,1796
847,168,364,852,1725,1751,1958,1461,1910,1058,403,1381,1650,1355,1010,1396,1539,1705,95,1779,609
848,301,1721,1183,1800,403,14,621,729,679,1764,122,521,1387,528,1108,2065,95,1779,2043,299
849,35,1637,8,1933,456,74,1541,1796,357,444,823,31,1156,861,1197,1993,1214,92,498,1995
850,1637,35,8,456,1796,1993,92,31,357,1197,498,74,958,1541,2037,1156,1933,444,289,823
851,221,1833,14,727,93,1396,852,749,1010,1923,95,1649,819,1721,1355,1512,1749,763,1764,948
852,221,14,1833,727,93,1396,852,749,1873,948,1534,819,912,95,358,1010,65,128,1529,523
853,1637,35,8,456,1796,1993,92,31,357,1197,498,74,958,1541,2037,1156,1933,444,289,823
854,301,1721,1183,1800,1010,403,14,621,1512,729,679,1764,122,95,521,1387,528,1108,2065,1405
855,168,738,364,1143,609,561,43,1883,613,1186,403,1703,1958,1476,1664,1461,1440,1499,1865,255
856,35,357,1933,289,74,1637,1796,8,456,1995,444,31,861,1541,1214,1156,498,1993,823,2037
857,35,1637,31,1796,357,498,8,456,1993,74,1197,92,1156,861,1214,958,1995,1541,1933,117
858,301,1721,1183,1010,14,1512,95,1764,1387,1405,1779,881,1283,679,1664,2065,738,1143,727,93
859,1541,1933,1637,35,823,861,1995,444,1214,1156,357,289,74,958,8,456,2037,1993,1796,31
860,221,727,14,93,1833,1396,852,749,128,1923,1010,1764,95,1721,1725,881,1512,1775,1749,832
861,117,1387,1779,1951,8,740,1009,31,1993,74,35,357,456,1796,92,1637,1197,958,498,1541
862,35,1933,1637,357,31,861,1796,1541,498,1156,8,456,1214,444,1993,74,1995,1197,958,92
863,168,364,1833,738,1725,93,727,896,711,1143,609,1381,43,221,327,1883,799,1775,1856,613
864,1064,375,1018,1684,944,806,871,1995,1718,861,1933,1214,1156,1796,456,1541,8,31,35,791
865,456,35,8,1796,357,31,1993,1197,74,92,1637,498,1933,1156,1995,861,1214,1009,117,958
866,14,727,221,1833,93,1396,749,852,1192,1873,948,1534,819,128,1010,912,95,358,65,1529
867,168,364,1833,1779,93,738,727,1355,609,896,1381,95,221,327,1883,1192,799,1664,483,582
868,117,1387,1779,1951,456,1796,357,740,1009,35,8,1197,74,92,1637,1993,31,498,1156,861
869,1637,35,8,456,1796,1993,92,31,357,1197,498,74,958,1541,2037,1156,1933,444,289,823
870,727,1833,14,221,1396,93,852,749,1010,1923,95,1649,819,1721,1764,763,948,546,1775,128
871,14,727,1833,221,1396,93,749,852,1010,1192,1873,948,1534,1923,95,819,128,912,1649,358
872,301,1721,1183,1010,14,1512,95,1764,1387,1405,1779,881,1283,679,1664,2065,738,1143,93,1951
873,727,14,221,1833,93,1396,852,749,1010,819,1764,948,546,128,1520,1529,95,1923,358,881
874,727,1833,14,221,93,1396,852,749,1010,1873,948,1534,819,95,912,358,65,1355,128,1529
875,727,221,1833,93,14,1396,852,749,819,1923,1010,1764,95,948,546,1721,1520,1529,358,881
876,1637,35,8,456,1796,1993,92,31,357,1197,498,74,958,1541,2037,1156,1933,444,289,823
877,221,1833,727,14,93,1396,852,749,1010,95,819,1355,1512,1749,1764,1923,948,546,1721,1058
878,301,1721,1183,1010,95,1512,14,1764,1387,1833,1405,1779,881,1283,679,1664,2065,738,1143,727
879,727,1833,14,221,1396,93,852,749,1873,948,1534,1923,95,819,912,1649,358,1721,1010,65
880,727,14,221,1833,1396,93,749,852,1192,1010,1923,95,128,1649,1721,609,763,1764,255,1775
881,456,35,8,1796,357,31,1993,1197,74,92,1637,498,1933,1156,1995,861,1214,1009,117,958
882,221,727,14,1833,93,1396,852,749,1873,948,1534,819,1010,912,95,358,65,1923,1529,523
883,1833,14,221,727,1396,93,852,749,1010,95,1355,128,1512,1749,1764,1923,1775,1058,1725,1054
884,871,944,1933,861,35,1995,1064,444,1541,1480,791,1156,1018,1796,2068,8,31,1214,456,1750
885,35,456,8,1796,1993,31,357,92,1637,498,1197,74,1933,1156,1995,861,1214,958,823,1541
886,1833,14,727,221,1396,93,852,749,1010,95,1355,1512,1749,1764,1923,1775,1058,1054,1539,881
887,301,1721,1183,1800,1010,621,95,1512,729,14,679,1764,122,521,528,1108,2065,1833,1405,881
888,1637,35,8,456,1796,1993,92,31,357,1197,498,74,958,1156,1541,2037,1995,1933,444,823
889,301,1721,1183,1800,1010,621,1512,729,679,1764,122,95,521,1387,528,1108,2065,1405,1779,881
890,8,31,1993,74,35,357,456,1796,92,1637,1197,1387,117,1779,958,498,740,1541,1156,861
891,221,1833,14,727,93,1396,852,749,1923,95,1649,819,1721,763,948,546,1961,1520,1529,1010
892,168,364,1725,738,1355,609,95,1192,43,483,582,1010,403,1856,1910,1958,1664,301,128,1461
893,35,1637,8,456,74,1796,357,31,1197,1993,92,498,1541,958,1156,1933,1214,861,1995,444
894,1064,1018,375,1684,1718,806,944,1581,1133,174,871,1796,1214,958,791,531,861,2068,1869,1480
895,727,221,1833,14,93,1396,852,749,1010,819,128,1764,948,546,1520,1725,1529,1923,358,881
896,168,738,364,609,561,43,1779,613,117,1186,1703,1664,616,1461,1440,1958,1499,255,1883,1938
897,301,1721,1183,403,14,95,1764,729,1833,299,521,1143,727,93,881,1534,1664,2065,1800,1108
898,958,1581,1869,174,74,1637,6,561,35,31,456,289,8,1796,1440,357,1640,2054,498,1350
899,727,221,1833,14,93,1396,852,749,1010,128,1764,95,1725,1923,1775,881,1192,1749,43,1355
900,221,1833,14,727,1396,93,852,749,1010,95,819,1355,1512,1749,1764,1923,948,546,1721,1058
901,727,1833,14,221,1396,93,852,749,1923,95,1010,1649,819,1721,1764,763,948,546,128,1961
902,35,1637,8,456,74,1796,357,31,1197,1993,92,498,1541,958,1156,1933,1214,861,1995,444
903,35,1637,8,456,74,1796,357,31,1197,1993,92,498,1541,958,1156,1933,1214,1995,861,444
904,727,14,1833,221,93,1396,749,852,1010,1192,95,128,1355,1923,609,1512,1749,1764,255,1721
905,456,8,1796,357,35,31,1993,1197,74,92,1637,498,1009,117,958,740,1387,1779,1156,861
906,168,1387,1779,117,364,1664,1009,1951,6,1958,1585,403,1910,609,738,1725,1476,1289,740,616
907,1637,35,8,456,1796,1993,92,31,357,1197,498,74,958,1156,1541,2037,1995,1933,444,823
908,35,1156,456,1064,1995,1933,1993,1541,357,944,31,1637,498,1197,1796,871,823,74,861,1018
909,168,1958,738,364,1355,609,1476,95,1751,403,1192,1461,483,448,582,117,1010,1910,711,1725
910,14,727,221,1833,1396,93,749,852,1192,128,1010,819,609,95,1923,948,255,546,1520,1725
911,1779,456,117,8,1796,1951,1387,357,740,35,1009,31,1993,1197,74,92,1637,498,958,1541
912,221,14,1833,727,93,1396,852,749,1010,95,1764,1775,1721,1512,1923,128,1283,1749,881,1054
913,1933,1541,444,823,1156,861,871,944,1214,1995,35,1637,8,1064,1480,791,456,1796,1018,1197
914,95,1520,14,403,727,301,1740,65,1873,200,1405,93,1725,1833,523,376,1577,274,948,1534
915,1933,1541,861,1995,444,1156,1214,823,35,958,1637,31,1796,2037,591,8,456,357,1993,1197
916,35,8,31,1993,1156,456,74,357,1995,1933,92,1796,1541,1637,498,1197,823,1214,861,444
917,168,1387,1355,1779,117,1751,1010,582,1923,1009,1951,609,1585,364,1725,1910,1058,43,1958,740
918,168,2037,591,6,1447,958,1440,861,117,2013,738,44,1699,561,1779,1581,1640,1541,442,364
919,301,1721,1183,1800,1010,403,621,95,1512,729,14,679,122,521,1764,528,1108,2065,1833,1405
920,168,1779,364,852,1725,1143,1751,1958,1461,738,1058,1664,403,1381,1650,1355,1010,546,1910,1387
921,168,364,738,1725,711,609,1143,43,6,1775,1856,613,1186,1118,1703,1381,1664,1461,255,1585
922,727,1833,14,221,1396,93,852,749,1010,1923,95,1649,1721,1355,1512,1749,763,1764,1775,1058
923,168,1958,738,364,1355,609,95,403,1192,1461,483,582,1010,1883,546,1672,1476,1865,1585,117
924,221,727,1833,14,1396,93,852,749,1010,1923,95,1649,1721,1355,1512,1749,763,1764,1775,1058
925,35,1933,1796,8,1995,444,31,861,456,1541,1214,1156,1637,823,498,357,92,74,1993,1197
926,168,364,117,1355,1910,546,1751,1725,1672,1958,1585,609,616,1186,1387,1973,1010,1775,403,95
927,871,944,1933,861,35,1995,1064,444,1156,1541,1480,791,1018,1718,1796,2068,8,31,1214,456
928,35,1156,1637,1995,1933,31,1796,357,1541,498,861,8,456,1993,823,74,1197,1214,444,92
929,221,727,14,1833,93,1396,852,749,1010,819,1923,95,1764,948,546,1775,1721,1520,1529,358
930,168,1779,1664,364,1958,403,1910,1387,738,1725,1289,852,1856,1913,440,1585,609,117,740,38
931,301,1721,1183,1800,14,621,729,679,122,521,95,528,1108,2065,2043,1851,1793,1255,1143,93
932,168,1355,1958,738,364,95,609,1010,1751,582,403,1143,1192,1461,1396,483,117,1512,1054,1775
933,168,1958,364,711,1143,403,1461,1775,1883,609,1118,546,1381,1672,1476,616,1865,1585,1192,117
934,168,117,738,1779,364,1476,1951,609,43,1751,1958,448,613,1186,403,1703,1009,1910,1664,616
935,727,14,1833,221,93,1396,749,852,1010,1192,95,128,1355,1923,609,1512,1749,1764,255,1721
936,301,1721,1183,1010,403,95,1512,14,1764,1387,729,1833,1405,1779,881,1283,299,679,1664,2065
937,168,1387,117,1779,1664,364,1009,1951,1883,1585,609,1355,403,1910,1751,1958,1725,1476,738,1865
938,727,14,1833,221,93,1396,852,749,1010,819,128,1764,948,546,1520,1725,1529,1923,358,881
939,168,364,1958,403,1779,1461,1883,609,117,738,582,561,1476,1355,1865,1192,1440,448,1951,1009
940,168,364,1910,1958,43,1883,1289,1779,1973,671,1913,1476,403,1330,253,1192,616,1954,440,95
941,1541,35,1933,1637,823,861,1995,444,1214,1018,1156,456,958,375,1064,74,1993,357,8,31
942,35,1156,357,289,74,1637,8,456,1995,1933,2037,1541,1993,1796,823,1197,31,1214,92,958
943,1541,1933,1637,823,861,35,1995,444,1214,1156,958,74,8,1796,357,31,2037,92,456,1197
944,727,1833,14,221,93,1396,749,852,1873,948,1534,1923,95,819,912,1649,358,1721,1010,65
945,14,727,1833,221,1396,93,749,852,1010,1192,1923,95,128,1649,1721,1355,609,1512,1749,1764
946,1541,1933,1637,823,861,35,1995,444,1156,1214,958,74,8,1796,357,31,2037,92,456,1197
947,301,1721,1183,403,95,14,1387,729,1833,1779,299,679,2065,521,1405,1143,727,1951,1534,1664
948,727,1833,14,221,93,1396,852,749,1010,819,128,1764,95,948,546,1775,1520,1725,1529,1923
949,301,1721,1183,727,1923,1539,1143,1749,1118,95,1775,711,14,1833,1381,221,43,1764,93,1281
950,727,1833,14,221,1396,93,852,749,1873,948,1534,1923,95,819,1010,912,1649,358,1721,65
951,14,727,221,1833,93,1396,749,852,1192,1923,95,128,1010,1649,1721,609,763,1764,255,1961
952,456,8,1796,357,35,31,1993,1197,74,92,1637,498,1009,958,117,740,1387,1779,1156,861
953,1969,561,7,1322,171,1621,513,794,193,1440,195,1384,1699,1783,327,6,2034,262,1588,799
954,301,1721,1183,727,1923,1539,1143,1749,1118,95,1775,711,1010,14,1833,1381,221,1512,43,1764
955,301,1721,1183,1010,14,1512,95,1764,1405,881,1283,1664,738,727,93,1355,1534,403,1923,1058
956,168,364,738,609,43,1910,613,1186,1703,582,1664,1461,1355,255,1585,440,616,483,1779,852
957,14,1833,221,93,727,1396,852,749,1010,819,1764,948,546,1775,1520,1529,95,358,881,1512
958,1637,35,8,456,1796,1993,92,31,357,1197,498,74,958,1156,1541,2037,1995,1933,444,823
959,1637,35,8,456,1796,1993,92,31,357,1197,498,74,958,1156,1541,2037,1995,1933,444,823
960,301,1721,1183,14,95,1764,1387,1833,1779,679,2065,1405,727,93,1951,881,1534,1664,1108,1009
961,1541,1933,1637,823,861,35,1995,444,1214,1156,958,74,8,1796,357,31,2037,92,456,1197
962,168,1387,1779,117,738,364,1355,609,711,1143,95,1192,1009,1664,483,1951,1775,582,1958,1010
963,1355,1058,1010,1054,1512,1751,1764,1283,1705,582,117,1149,448,1806,1725,414,711,1118,1143,1749
964,35,8,31,1993,456,1637,74,357,1796,92,498,1197,1933,1156,1995,861,1214,958,117,823
965,1833,14,221,727,93,1396,852,749,1010,1923,95,1649,819,1721,1355,1512,1749,763,1764,948
966,168,364,1725,1476,1751,1779,448,1856,117,546,1958,1672,43,616,1954,414,1289,738,1664,128
967,727,1833,14,93,221,1396,749,852,1873,948,1534,1923,95,819,1010,912,1649,358,1721,65
968,35,871,944,1064,1156,1933,456,1018,1718,1995,375,1993,444,1541,357,31,861,1637,498,1197
969,14,221,1833,93,727,1396,852,749,1873,948,1534,819,912,95,358,1010,65,1529,523,1721
970,301,1721,1183,403,14,95,1764,729,1833,299,521,1143,93,881,727,2065,1800,1108,440,609
971,727,1833,14,221,93,1396,852,749,1010,1873,948,1534,819,95,912,358,65,1355,1529,523
972,14,727,221,1833,1396,93,749,852,1192,1010,1923,95,128,1649,1721,609,763,1764,255,1775
973,14,1833,221,727,93,1396,852,749,1873,948,1534,819,912,95,358,1010,65,128,1529,523
974,35,31,357,1156,1796,861,8,456,1993,1197,591,1637,1995,74,958,92,1447,498,1214,1933
975,168,738,1355,1387,1779,117,1751,1010,609,43,582,1923,364,1883,613,1186,1725,403,1703,1058
976,301,1721,1183,403,14,95,729,299,521,1143,93,881,727,2065,1800,1108,609,1592,122,440
977,1833,14,221,727,93,1396,852,749,1010,95,1355,128,1512,1749,1764,1923,1775,1058,1725,1054
978,221,14,727,1833,1396,93,749,852,1192,1010,128,609,1764,95,1923,255,1721,483,613,440
979,35,456,1018,1993,357,31,1637,498,1197,1796,74,944,1064,1933,1156,8,871,1995,861,1214
980,1637,8,35,958,456,1197,1796,31,357,74,2037,498,44,92,327,444,1933,799,289,7
981,117,1387,1951,456,1779,8,1796,357,1009,35,740,31,1993,1197,74,92,1637,498,958,1541
982,1933,1541,861,1995,444,1156,1214,823,958,1637,35,1796,2037,591,31,8,1869,174,456,1993
983,289,1637,35,2037,1995,958,1933,1796,456,8,1541,861,31,1156,357,444,74,1993,44,498
984,456,35,1796,357,8,1197,74,92,1637,1993,31,498,1933,1156,1995,861,1214,1009,117,740
985,1637,35,456,8,958,1933,1541,31,357,74,1796,1993,1156,1995,498,861,1214,1197,444,823
986,1064,1018,375,1684,1718,806,871,944,1133,174,791,1796,1214,1480,958,691,8,991,861,2068
987,35,357,1933,289,74,1637,1796,8,456,1995,444,31,861,1541,1214,1156,498,1993,823,2037
988,168,1387,117,1958,1779,364,711,1951,1143,403,1775,1461,1009,1585,1118,1381,609,1910,1751,740
989,168,1355,95,1010,364,1751,582,1910,1143,1396,1512,1054,1775,1725,561,1958,128,1577,1585,711
990,861,1933,1995,1541,444,1156,1214,823,35,498,1796,1637,1197,456,31,357,1993,92,8,74
991,221,727,14,1833,93,1396,852,749,1873,948,1534,819,912,95,358,1010,65,1923,1529,523
992,301,1721,1183,403,95,14,729,1833,299,521,1143,727,1534,1664,2065,1800,1108,440,1592,122
993,168,117,364,1779,711,1951,1143,1958,1775,1883,609,1118,403,1387,1009,1381,1476,1865,1192,1751
994,168,1958,1143,738,403,1779,1461,117,364,546,1672,448,1951,1009,671,128,1751,1775,1910,1873
995,168,364,1664,609,117,1355,1910,1751,1725,1958,738,1387,1010,1775,403,95,852,1883,613,1512
996,727,1833,14,221,93,1396,852,749,1923,95,1010,1649,1721,128,1764,763,1961,1725,1775,712
997,14,1833,221,93,727,1396,852,749,1010,1764,95,1775,881,1512,1923,128,1283,1749,1054,1703
998,1833,14,221,727,93,1396,852,749,1010,1923,95,1649,1721,1355,1512,1749,763,1764,1058,1961
999,1058,1010,1355,1764,1054,1283,1512,1751,1705,582,117,1149,448,1806,1725,414,711,819,1749,1143
