0,168,128,711,1856,1721,852,1749,1281,474,1961,1143,1775,727,763,221,1727,95,903,1557,1381
1,301,1183,1721,168,109,1108,621,1844,1289,1851,1592,759,763,671,93,1275,122,1355,1255,1793
2,727,1833,221,14,93,1396,749,852,1721,1355,881,1512,1705,1703,582,1751,1255,1183,1764,43
3,498,74,35,357,456,31,1637,92,8,444,1993,861,1796,1197,1214,1156,1995,1541,958,1933
4,498,74,1637,31,1993,35,1197,8,92,1796,357,456,958,861,444,2037,2059,823,1581,44
5,498,74,1993,35,1637,31,1197,92,8,1796,456,357,958,1387,1581,1009,1951,861,117,2037
6,498,74,92,1637,31,1993,35,1197,8,357,456,1796,958,1581,1779,2037,44,2059,740,1447
7,498,74,35,31,1156,1637,444,357,1993,823,456,1197,1214,92,8,861,1541,1995,1796,958
8,301,1721,1183,109,1557,1672,168,474,727,1108,621,1844,546,1851,1592,759,65,299,93,1275
9,1064,1684,806,35,74,1718,31,498,92,1197,1637,1993,357,456,8,375,1018,1156,861,1796
10,168,1961,1749,1281,153,852,95,128,881,1775,1721,763,1381,1143,1098,1539,1649,1856,247,440
11,727,1833,221,14,93,1396,749,852,1721,1355,1512,1705,1703,881,582,1183,1764,1856,1143,1751
12,498,74,1637,31,1993,35,1197,8,1796,92,357,456,958,740,1581,1750,117,2068,1951,1779
13,168,1721,1961,1405,1557,1856,523,474,274,1672,763,819,546,153,230,852,1873,358,749,1649
14,498,74,35,357,456,1637,1993,92,8,1796,1197,958,31,2037,861,44,444,823,289,1581
15,498,74,35,31,1637,1581,591,1993,456,1197,92,1447,8,357,1796,740,958,1387,117,861
16,806,1718,1064,1684,375,1018,35,74,1197,1637,1993,92,861,357,31,1796,1581,8,498,456
17,168,852,1539,474,95,1186,819,1775,788,523,912,1557,1281,274,153,1143,1856,1042,1961,337
18,1512,1355,1058,1705,1054,1764,582,1751,1283,1010,1118,1775,1381,1539,1281,1143,711,1749,1149,128
19,498,35,31,1637,1951,74,740,1993,1779,1387,117,456,1197,1009,1796,8,357,92,958,2059
20,498,74,1637,31,1993,35,1197,8,92,1796,456,357,958,2059,1581,591,861,1447,1214,1933
21,1512,1355,1058,1054,1705,1751,1764,582,1283,1010,128,448,414,43,1149,727,819,1534,1806,1775
22,727,221,1833,14,93,1396,749,852,1721,881,712,1703,109,43,168,1183,403,1923,236,990
23,727,221,1833,14,93,1396,749,852,1721,1703,881,168,1923,128,1649,712,1183,1740,43,738
24,1512,1058,1054,1751,1764,1705,582,1355,1283,1010,1149,448,414,128,43,1534,819,1775,1806,1740
25,727,221,1833,14,93,1396,749,852,1721,1355,881,1512,1705,1703,582,1255,1183,1764,1775,1856
26,168,93,364,881,327,1405,1557,7,763,523,474,1721,1783,403,1961,274,513,1672,819,1856
27,727,221,1833,14,1396,93,749,852,1721,1703,1355,881,168,1923,128,1649,712,1183,1512,1775
28,74,498,35,1197,1993,8,92,1796,456,357,1637,31,958,2037,2059,44,289,861,591,1447
29,498,74,35,31,1637,1581,591,1993,456,1197,92,1447,8,357,1796,958,861,2059,174,1214
30,1512,1054,1751,1764,1058,582,1705,1355,1283,1010,128,448,414,43,1149,1775,819,1534,1806,1281
31,1512,1355,1058,1705,1054,1764,582,1751,1283,1010,1149,448,414,128,727,1775,43,1833,1806,221
32,727,1833,221,14,93,1396,749,852,1721,1703,1923,881,168,1751,582,1255,1512,128,1649,43
33,74,498,35,1197,1993,8,92,1796,456,357,1637,31,958,2059,861,591,444,1447,1156,1214
34,444,861,1156,498,823,1214,74,1541,92,1995,8,1933,958,357,2037,35,31,1637,1993,1197
35,74,498,1993,35,92,31,1637,1197,8,357,456,1796,958,1387,2037,1009,44,1951,1581,289
36,74,498,92,35,1637,1197,8,357,1993,456,1796,31,958,2037,44,1581,289,444,861,591
37,74,498,35,1197,1993,8,92,1796,456,357,1637,31,861,444,958,1156,823,1995,1214,1541
38,74,1637,92,1993,35,1197,1796,31,8,357,498,456,958,823,1156,861,1214,591,444,1541
39,1512,1058,1054,1751,1764,1705,582,1355,1283,1010,1149,128,448,414,43,1775,1534,819,1281,1381
40,74,498,92,35,1637,8,357,1197,1993,456,958,1796,31,289,861,444,2037,44,823,1156
41,498,74,1637,31,1993,35,1197,8,92,1796,456,357,958,2059,1581,861,591,1447,1214,1933
42,1512,1058,1054,1751,1764,1705,582,1355,1283,1010,1149,448,414,128,43,1534,819,1775,1588,1806
43,168,128,852,1721,474,1143,711,1775,1749,727,1832,1281,221,1727,1042,95,1381,1557,1539,1833
44,1512,1355,1058,1705,1054,1764,582,1751,1283,1010,1149,128,448,414,1775,727,43,1833,1281,1381
45,74,498,1993,35,92,31,1637,1197,8,357,456,1796,958,1387,2037,1009,44,1951,1581,289
46,168,1649,852,1721,1961,128,1856,1725,763,788,1281,903,153,749,364,727,711,1832,1064,1018
47,1750,991,2068,944,871,1581,791,1480,1684,1718,806,1064,227,237,1018,1194,375,677,1438,205
48,168,1961,763,727,1856,1832,1649,364,128,301,95,1721,1042,1143,437,337,1727,749,1779,1749
49,1512,1355,1058,1054,1705,1751,1764,582,1283,1010,128,414,43,1149,448,1775,727,819,1534,1806
50,168,711,1721,1749,1281,1961,1143,852,763,881,1775,95,1061,1381,1856,1539,274,1118,301,474
51,1512,1058,1054,1751,1764,1705,582,1355,1283,1010,128,448,414,43,1149,1775,819,1534,1806,1281
52,301,1721,1183,1355,1283,582,1512,1764,1058,109,1054,1010,168,727,1108,621,1844,1851,1592,759
53,301,1721,1183,1355,168,1512,727,1108,621,1844,1289,1851,1592,759,109,671,93,582,1275,122
54,301,1721,1183,1355,1283,582,1512,1764,1058,109,1054,1010,168,1108,621,1844,1851,1592,759,1705
55,168,1961,1749,852,95,274,128,1281,1775,523,474,1721,403,1649,1143,763,749,1856,1098,727
56,1512,1355,1058,1705,1054,1764,582,1751,1283,1010,1149,448,414,128,727,819,1806,1775,43,1833
57,498,35,31,1637,1951,74,1993,740,1387,1779,456,1197,1009,117,1796,8,357,92,958,2059
58,168,440,613,1192,1961,1186,1539,852,95,474,819,1775,1721,255,609,523,1061,483,403,1557
59,727,221,1833,14,93,1396,749,852,1355,1721,1703,1512,1775,881,168,1183,582,712,1118,1764
60,1993,35,498,31,1197,1951,92,74,1637,740,1387,8,1779,1796,1009,456,117,357,958,1064
61,74,498,35,1197,1993,8,92,1796,456,357,1637,31,958,861,2037,444,44,289,1156,823
62,168,1961,1749,852,1649,95,301,128,523,1381,1539,1856,1281,1721,881,1118,788,1975,1143,364
63,1512,1355,1058,1054,1705,1751,1764,582,1283,1010,128,448,43,414,1149,1775,727,1534,819,1833
64,498,35,1637,1796,31,74,1993,357,1197,92,8,1156,456,958,444,823,1214,861,1541,1995
65,1058,1054,1705,1512,1764,582,1751,1355,1283,1010,1149,128,448,414,1775,43,1806,1281,1381,1143
66,498,806,1718,1064,74,35,1684,456,92,375,1018,357,1993,31,1197,1637,958,8,1796,861
67,498,35,31,1637,1951,74,1993,740,1387,1779,456,1197,1009,117,1796,8,357,92,2059,1447
68,498,74,35,357,456,1156,1637,92,444,8,823,1796,1993,1214,1197,861,1541,1995,31,958
69,301,1183,1721,1355,1512,168,109,727,1108,621,1844,1851,1592,759,763,93,582,1275,122,221
70,498,35,31,1637,74,1993,456,1197,357,1796,8,92,958,1779,444,1156,2059,740,1447,591
71,727,221,1833,14,93,1396,749,852,1721,1703,1923,881,168,1751,582,1512,128,1255,1649,43
72,498,74,1993,35,1637,31,1197,92,8,1796,357,456,958,1387,2059,1581,861,1009,591,1447
73,35,1951,498,740,1779,1387,74,117,1637,1993,1009,1197,456,31,8,357,1796,92,958,1064
74,1951,740,1779,1387,117,1009,498,1637,74,35,1993,31,92,8,357,1796,1197,1064,806,456
75,301,1721,1183,109,1764,1355,582,168,727,1108,621,1844,299,1851,1592,759,763,93,1275,122
76,168,903,1856,1961,1749,95,852,1727,1061,763,1725,749,711,727,1649,1281,839,788,274,1873
77,727,221,1833,14,93,1396,749,852,1721,1355,1703,1512,1705,881,582,168,1923,128,1183,1649
78,168,1721,852,1961,1749,1856,1832,128,1042,1281,1775,95,903,1143,1649,763,1727,364,613,437
79,1058,1705,1512,1764,1054,1751,1355,582,1283,1010,128,448,414,1149,1775,1588,43,1806,1281,1381
80,498,74,35,1197,1993,8,92,1796,357,456,1637,31,861,958,444,2037,823,44,1156,1214
81,727,221,1833,14,93,1396,749,852,1721,1703,881,168,1923,128,1649,712,1183,109,1740,43
82,846,2012,236,1488,1276,990,1770,888,1652,1522,942,378,74,806,35,375,1684,1064,2068,944
83,727,221,1833,14,93,1396,749,852,1923,1721,1751,582,1512,1255,43,1725,1703,1355,1740,128
84,861,8,498,35,74,1637,357,92,1156,1995,958,1796,31,444,823,2037,1993,1214,456,1197
85,498,35,31,1637,74,1993,456,1197,1796,8,357,92,740,1387,117,2059,1779,1951,861,591
86,727,1833,221,14,93,1396,749,852,1721,1355,1923,1512,1705,1703,881,582,1183,1764,1856,712
87,1156,444,806,861,823,1684,1541,375,1064,1718,1581,944,1214,1995,1018,1933,871,991,1750,1637
88,168,1721,523,474,274,1961,1672,912,1557,763,1856,546,230,358,1520,1183,1042,224,852,95
89,301,1721,1183,1355,1283,582,109,1512,1764,1058,1054,1010,168,727,299,1705,763,364,221,1751
90,498,74,1637,31,1993,35,1197,8,1796,92,806,357,1718,1064,1684,456,375,1018,958,1581
91,1512,1355,1058,1054,1705,1751,1764,582,1283,1010,1149,448,414,128,43,727,819,1534,1806,1775
92,1993,35,498,31,1197,92,74,1637,8,1796,456,357,740,1387,2059,117,861,1009,591,1951
93,498,74,92,1637,31,1993,35,8,357,1197,456,1796,958,1581,2037,44,289,861,444,823
94,74,498,1993,92,456,8,1637,35,357,1796,1197,958,861,31,2037,444,44,289,1156,823
95,727,1833,221,14,93,1396,749,852,881,1703,1255,1721,1775,1183,712,43,1355,1035,1649,594
96,168,1961,1405,1557,523,474,274,1856,1672,819,1749,1649,1873,364,749,546,65,912,358,881
97,301,1183,1721,109,1764,1355,168,582,299,763,1283,1260,749,1954,43,1058,1923,1961,364,1275
98,727,221,1833,14,93,1396,749,852,1721,1703,881,168,1923,128,1649,712,1183,43,738,403
99,727,221,1833,14,93,1396,749,852,1721,1355,1512,1705,1703,881,582,1751,1183,1255,1764,43
100,944,1750,871,991,2068,1480,1447,591,791,227,1559,698,1932,35,74,444,2059,531,465,804
101,74,35,498,1637,357,456,92,1993,8,1197,861,1156,1796,958,444,823,289,31,2037,1214
102,498,74,35,456,92,357,1993,740,31,1197,1637,958,8,1387,117,1796,1779,1951,1447,1581
103,1156,444,357,823,1214,8,35,861,1637,92,1541,1995,74,498,1933,1993,31,1796,1197,456
104,498,74,92,1637,31,1993,35,1197,8,357,456,1796,958,1581,1779,2037,44,2059,740,1447
105,74,498,92,35,1637,1197,8,357,1993,456,1796,31,958,861,2037,44,1156,444,1581,289
106,168,1721,852,1961,1856,1832,95,474,1061,912,274,1727,437,247,1281,749,1927,93,1650,1749
107,498,74,1637,31,1993,35,1197,8,1796,92,357,456,958,2059,1581,1779,861,591,1447,1214
108,498,74,1637,31,1993,35,1197,8,1796,92,357,456,958,740,1156,1581,117,444,1951,1779
109,727,221,1833,14,93,1396,749,852,1721,1703,1923,881,168,128,1649,1183,109,738,43,1844
110,168,1721,1961,1749,1281,128,95,301,523,881,763,903,1381,1098,1539,364,247,337,1649,1856
111,498,74,92,1637,31,1993,35,1197,8,357,456,1796,958,1581,2037,44,289,861,1447,591
112,168,711,852,1721,763,1749,1961,1281,1143,1856,1649,128,301,881,1775,95,153,1118,1539,1832
113,727,1833,221,14,93,1396,749,852,1923,881,1721,1703,1255,1775,1183,712,43,168,1355,1035
114,74,498,35,1197,1993,8,92,1796,456,357,1637,31,958,2037,2059,44,289,861,591,1447
115,35,1951,498,740,1387,74,1637,1779,1993,1009,1197,456,117,31,8,357,1796,92,958,1064
116,35,74,944,991,1197,1637,1750,1993,2068,92,357,31,1624,791,871,1480,1796,8,719,498
117,74,498,92,35,1637,8,357,1197,1993,456,31,1796,958,2059,2037,861,591,44,1447,1581
118,727,221,1833,14,93,1396,749,852,1721,1703,881,168,1923,128,1649,1183,109,738,43,236
119,944,1750,991,871,2068,1480,1447,591,1581,791,227,1718,806,1559,698,1932,35,237,74,2059
120,498,35,31,1637,74,1993,357,456,1197,92,8,1796,861,958,444,2037,2059,823,44,1156
121,727,221,1833,14,93,1396,749,852,1721,1703,1355,881,168,1923,128,1649,1183,1512,1775,738
122,74,498,35,1197,1993,8,92,1796,456,357,1637,31,958,289,823,861,1214,444,1156,1541
123,498,35,1637,1796,31,74,1993,357,1197,92,8,456,958,289,2037,44,1779,2059,740,1447
124,498,74,35,1197,1993,8,92,1796,357,456,1637,31,958,861,444,2037,823,44,1156,1214
125,168,1721,128,903,1856,523,474,852,1961,1557,1143,763,711,1775,727,546,230,1281,358,221
126,727,221,1833,14,1396,93,749,852,1721,1923,1355,712,1512,1703,1775,881,43,1183,582,1844
127,727,221,1833,14,1396,93,749,852,1721,1923,881,1703,109,712,43,1183,1844,77,1355,168
128,498,74,1637,31,1993,35,1197,8,92,1796,456,357,958,1581,1779,591,2059,740,1447,861
129,168,1961,1749,1721,523,95,1649,128,1061,1381,1856,1539,1672,819,474,1281,1650,1557,274,881
130,806,1718,1064,1684,375,1018,31,74,1197,35,357,1637,677,1993,8,498,1133,1581,944,456
131,35,498,74,1637,1993,1197,456,31,92,8,357,1796,958,1156,861,1581,591,1684,444,1718
132,1512,1355,1058,1705,1054,1764,582,1751,1283,1010,128,448,414,1149,1775,727,819,1806,43,1833
133,1721,301,1183,221,1557,1355,1283,582,65,224,109,474,727,14,93,358,1833,1512,1764,168
134,498,74,1637,31,1993,35,1197,8,1796,92,357,456,958,2059,1581,1779,861,591,1447,1214
135,498,74,92,1637,31,1993,35,8,357,1197,456,1796,958,1581,861,2037,44,1156,444,289
136,301,1721,1183,1355,1283,582,109,1512,1764,1058,1054,1010,168,727,299,1705,763,364,221,1751
137,301,1183,1721,1355,1512,168,109,727,763,582,221,1283,1396,1764,1111,1923,1793,759,376,1260
138,498,74,1637,31,1993,35,1197,8,1796,92,357,456,958,1581,861,444,2037,823,44,1156
139,1721,301,1183,221,1557,1355,1283,582,65,224,109,474,727,14,93,358,1833,1512,1764,168
140,727,1833,221,14,93,1396,749,852,1923,1721,1751,582,1512,1255,43,1725,1355,1703,128,881
141,727,221,1833,14,93,1396,749,852,1721,1703,881,1183,168,1118,1844,1923,1577,903,1740,1255
142,168,171,7,513,1783,1581,2034,327,852,799,410,255,727,613,1749,1721,609,523,1186,1588
143,1512,1058,1054,1751,1764,1705,582,1355,1283,1010,1149,128,448,414,43,1775,1534,819,1806,1281
144,498,74,1637,31,1993,35,1197,8,1796,92,357,456,958,740,1581,117,1750,1951,1779,944
145,168,1856,1961,727,1649,1721,852,364,523,1749,1727,95,1042,1672,819,474,1832,711,1650,1281
146,301,1721,1183,1355,1283,582,1512,1764,1058,109,1054,1010,168,1108,621,1844,1289,1851,1592,759
147,498,1993,35,31,1637,1197,1951,92,74,740,1779,1387,8,117,1796,456,1009,357,2059,1447
148,168,1721,128,1961,852,274,1672,474,912,1143,711,1775,727,523,1832,1281,221,1649,1727,1749
149,498,74,1637,31,1993,35,1197,8,357,456,1796,92,958,861,1541,444,1581,2037,823,44
150,301,1721,1183,1355,1283,582,109,1512,1764,1058,1054,1010,168,727,299,1705,763,364,221,1751
151,95,582,1751,1512,1705,1283,1764,1010,763,1054,1649,1355,1923,1058,403,1961,93,109,1856,881
152,168,1961,1721,727,1856,1649,128,364,301,1281,1061,95,903,1042,763,1832,274,474,1927,1779
153,1512,1054,1058,1751,1764,1705,582,1355,1283,1010,1149,128,448,414,43,1775,819,1534,1806,1281
154,301,1721,1183,1355,1283,582,109,1512,1764,1058,1054,1010,168,299,1705,364,1751,128,440,1793
155,74,498,35,1197,1993,8,92,1796,456,357,1637,31,958,861,2037,444,44,289,1156,823
156,727,221,1833,14,93,1396,749,852,1721,1751,582,1512,1255,881,43,1725,1703,1355,109,128
157,1512,1355,1058,1054,1705,1751,1764,582,1283,1010,1149,128,448,414,43,1775,727,1534,819,1833
158,498,35,31,1637,74,740,1993,1779,117,456,1197,1387,1009,1796,8,357,1951,92,2059,1447
159,498,1993,35,31,1637,1197,92,74,740,1779,8,117,1796,456,1387,1009,357,1951,2059,1447
160,806,1718,1064,1684,375,1018,35,74,1197,1637,1993,92,357,31,1796,8,498,456,677,1133
161,727,221,1833,14,93,1396,749,852,1721,1703,881,168,1923,128,1649,1183,1740,712,738,43
162,498,74,35,31,1637,1993,1197,861,1156,456,92,444,8,1796,823,357,1214,1933,1995,1541
163,861,498,35,92,74,1214,357,1637,444,1156,8,823,958,456,1993,1197,2037,1541,44,31
164,727,221,1833,14,93,1396,749,852,1721,881,1703,109,1740,712,43,1183,77,1118,1923,1355
165,301,1721,1183,1355,1283,582,1512,1764,1058,109,1054,1010,168,1108,621,1844,1289,1851,1592,759
166,806,1718,1064,1684,375,1018,31,35,357,74,1637,677,1993,8,498,1133,1581,944,456,92
167,168,1721,1749,128,301,1961,852,523,1281,903,1381,763,1539,749,1856,364,95,727,788,1118
168,1512,1355,1058,1054,1705,1751,1764,582,1283,1010,128,448,414,43,1149,1775,727,819,1534,1806
169,1512,1058,1054,1751,1764,1705,582,1355,1283,1010,1149,128,448,414,43,1775,819,1534,1806,1281
170,74,498,35,1197,1993,8,92,1796,456,357,1637,31,958,2059,861,591,1447,1214,1933,444
171,498,74,92,35,1637,31,1197,8,357,1993,456,1796,861,958,444,2037,823,44,1156,1214
172,444,861,1750,2068,1214,1995,1156,944,991,1541,1581,498,1684,823,1993,74,357,1637,1933,35
173,498,74,1637,31,1993,35,1197,8,1796,92,357,456,958,740,1581,117,1750,1951,1779,944
174,727,221,1833,14,1396,93,749,852,1721,1703,881,168,1923,128,1649,1183,712,738,43,1856
175,1512,1355,1058,1054,1705,1751,1764,582,1283,1010,1149,128,448,414,43,1775,727,1534,819,1833
176,168,1405,1557,763,523,474,1961,727,274,1672,819,1281,1856,1832,1649,1873,128,749,301,546
177,861,8,35,74,1637,357,1156,1995,1796,31,92,444,958,823,1993,1214,498,456,1541,1933
178,168,1721,523,474,1961,1557,763,1856,546,230,852,95,358,1520,1183,274,912,224,301,711
179,799,327,513,2034,1783,7,171,1588,1143,410,1118,1539,1775,1749,1281,1381,711,697,1058,174
180,727,221,1833,14,1396,93,749,852,1923,1355,1721,881,1512,1703,109,1775,43,1183,582,712
181,727,221,1833,14,93,1396,749,852,1721,1355,1512,1705,1703,881,582,1183,1764,1856,1143,1751
182,498,74,1637,31,1993,35,1197,8,357,456,1796,92,958,861,444,2037,823,1581,44,1156
183,1993,35,498,31,1197,1951,92,74,1637,740,1387,8,1779,1796,1009,117,456,357,2059,861
184,727,1833,221,14,93,1396,749,852,1721,1703,881,168,1923,1255,128,1649,1775,1183,109,712
185,498,35,31,1637,1951,74,740,1993,1779,1387,117,456,1197,1009,1796,8,357,92,2059,861
186,727,1833,221,14,93,1396,749,852,881,1721,1703,1751,582,1255,1512,43,1775,1725,1355,128
187,727,221,1833,14,93,1396,749,1721,852,1703,1923,881,168,1751,582,1512,128,1255,1649,43
188,301,1721,1183,1355,1283,582,1512,1764,1058,109,1054,1010,168,727,1289,1705,1108,671,364,221
189,498,74,92,35,1637,31,1197,8,357,1993,456,1796,958,1779,2037,44,1581,591,2059,740
190,498,74,35,31,1197,1637,1993,8,92,1796,357,456,958,861,444,2037,823,44,1156,1214
191,727,221,1833,14,93,1396,749,852,1721,1703,881,168,1923,128,1649,712,1183,1740,43,738
192,74,498,1993,35,92,31,1637,1197,8,357,456,1796,958,1387,2037,1009,44,1951,1581,289
193,498,35,31,1637,74,1993,456,1197,1796,8,357,92,740,1387,117,2059,1779,1951,861,591
194,1993,35,498,31,1197,1951,92,740,74,1637,1779,1387,8,117,1796,1009,456,357,2059,861
195,727,221,1833,14,93,1396,749,852,1721,1355,1703,1512,1775,1740,712,582,881,43,1118,1764
196,498,74,1637,31,1993,35,1197,8,92,1796,456,357,958,1581,861,1156,444,823,2037,1541
197,1512,1355,1058,1705,1054,1764,582,1751,1283,1010,1118,1775,1381,1539,1281,1143,711,1749,128,448
198,727,221,1833,14,93,1396,749,852,1721,1703,1923,881,168,1255,128,1649,1775,712,1183,1740
199,727,1833,221,14,93,1396,749,852,1721,1355,1703,1512,1705,881,582,168,1923,128,1183,1649
200,95,763,1649,1923,403,1010,1961,93,1856,881,1283,582,1054,168,1740,1721,1111,671,1664,1705
201,74,498,1993,35,92,31,1637,1197,8,357,456,1796,861,958,444,2037,1387,2059,823,44
202,168,171,7,513,1783,1961,1581,1721,2034,327,852,799,410,255,1749,613,1856,523,609,1867
203,168,1721,1961,301,763,274,1672,912,523,95,474,128,1042,1111,1557,840,788,1975,727,403
204,168,327,513,7,171,799,2034,1783,1721,410,1856,1588,852,790,1921,1961,1143,153,918,1749
205,498,1993,35,31,1637,1197,92,74,8,1796,456,357,958,1387,1779,1009,1951,1581,591,2059
206,498,74,1637,31,1993,35,1197,8,1796,92,357,456,958,1581,861,1156,444,823,2037,1541
207,727,221,1833,14,93,1396,749,852,1721,1703,881,168,1751,1923,582,1512,128,1255,1649,43
208,74,498,35,1197,1993,8,92,1796,456,357,1637,31,958,1581,591,1447,174,289,1869,861
209,1993,35,498,31,1197,1951,92,740,74,1637,1779,1387,8,117,1796,1009,456,357,2059,861
210,168,711,1961,1856,1749,301,763,1281,1143,1832,1721,523,128,1775,1111,840,95,1975,1727,727
211,2037,44,958,74,92,8,35,1637,498,456,357,1581,1197,799,289,327,513,861,2034,1993
212,35,498,740,1779,74,117,1637,31,1993,1387,1197,1009,456,1951,8,357,92,1796,2059,861
213,168,1961,301,763,1749,1832,852,128,1111,840,1975,1775,95,1721,727,1143,1649,749,1856,437
214,1512,1355,1058,1705,1054,1764,582,1751,1283,1010,1118,1775,1381,1539,1281,1143,711,1749,1149,128
215,944,871,991,1750,1480,2068,1800,1844,172,791,1447,1108,591,1793,528,1592,1219,759,2043,227
216,861,498,35,92,74,1214,357,1637,444,1156,8,823,958,456,1993,1197,2037,1541,31,44
217,1993,35,74,498,31,1197,92,8,1637,1796,456,357,958,1387,2059,861,1009,591,1447,1951
218,727,1833,221,14,93,1396,749,852,1721,1355,1923,1512,1705,1703,881,582,1183,1764,1856,1143
219,74,498,1993,35,92,31,1637,1197,8,357,456,1796,958,861,2037,1581,1387,289,44,1009
220,498,1993,35,31,1637,1197,92,74,740,1779,8,117,1796,456,1387,1009,357,1951,2059,861
221,498,1993,35,31,1637,1197,92,74,740,1779,8,117,1796,456,1387,1009,357,1951,2059,861
222,498,35,31,1637,74,1993,357,456,1197,92,8,1796,958,861,444,2037,2059,823,44,1156
223,498,74,35,31,1197,1637,1993,8,92,1796,456,357,958,2059,1779,861,591,1447,1581,1214
224,727,221,1833,14,93,1396,749,852,1721,1703,881,168,1923,1255,128,1649,1775,1183,1740,712
225,498,35,357,74,8,1637,456,1993,92,31,1796,1197,1156,958,444,861,823,1541,1214,1933
226,727,221,1833,14,93,1396,749,852,1721,1703,881,168,1923,128,1649,1183,109,712,738,43
227,168,128,1961,763,852,1721,474,1749,1143,711,1775,1281,727,1856,1649,221,1727,301,95,881
228,727,1833,221,14,93,1396,749,852,1721,1703,1923,881,1355,168,1255,128,1649,1775,1183,1512
229,301,1721,1183,1355,1283,582,1512,1764,1058,109,1054,1010,168,1705,763,364,1751,128,299,440
230,498,74,1637,31,1993,35,1197,8,1796,92,357,456,958,1581,861,2037,823,44,1156,591
231,168,128,852,1961,1721,474,1143,711,1775,1749,1281,727,95,221,1727,881,763,1381,403,1649
232,498,74,35,1197,1993,8,92,1796,357,456,1637,31,861,958,444,2037,2059,823,44,1156
233,727,221,1833,14,93,1396,749,852,1721,881,712,1703,109,43,168,1183,403,1118,1923,236
234,498,35,31,1637,74,1993,357,456,1197,92,8,1796,861,958,444,2037,2059,823,44,1156
235,561,1621,1322,1640,1440,1699,6,2034,2059,1567,513,2012,171,465,799,113,1350,1652,1588,327
236,498,35,357,74,8,1637,456,1993,92,31,1796,1197,958,1541,1156,861,444,823,1995,1933
237,1058,1054,1705,1512,1764,582,1355,1751,1283,1010,1118,1775,1381,1539,1281,1143,711,1749,1149,128
238,1721,301,1183,221,1557,65,224,474,727,14,93,358,1833,168,523,912,575,546,1672,670
239,1156,444,357,823,861,1214,8,35,1637,92,1541,1995,74,498,1933,1993,31,1796,1197,456
240,944,1750,871,991,2068,1480,1447,591,791,227,1559,698,1932,35,74,2059,531,465,804,1581
241,498,74,1637,31,1993,35,1197,8,357,456,1796,92,958,861,444,2037,823,1581,44,1156
242,498,74,35,31,1637,1993,456,861,1197,92,1541,8,357,1796,444,958,1214,1995,823,1156
243,498,74,1637,31,1993,35,1197,8,92,1796,456,357,958,1581,861,444,2037,823,289,44
244,301,1183,1721,109,1355,1764,1512,582,168,1108,621,1844,1289,299,1851,1592,759,671,93,1275
245,727,221,1833,14,93,1396,749,852,1721,1751,582,1512,1255,43,1725,712,1703,1355,128,881
246,944,991,1750,2068,871,791,1480,1447,591,1581,227,1718,806,1559,698,1932,35,237,74,2059
247,168,1856,1961,727,1649,364,95,903,1749,474,1727,912,274,1042,1832,788,711,1281,1725,1873
248,168,171,7,513,1783,1581,1721,2034,327,852,1961,799,410,255,1856,613,1649,364,609,1186
249,168,1961,1749,1539,474,1649,1186,819,1775,274,852,128,523,1281,1381,1557,1143,763,749,1856
250,74,35,1637,498,357,456,92,1993,8,1197,1796,958,861,289,2037,31,44,823,1581,1156
251,498,74,35,1197,1993,8,92,1796,357,456,1637,31,958,861,444,2037,823,44,1156,1214
252,168,1721,523,474,727,1961,1557,763,1856,546,230,128,358,95,1520,1183,274,912,224,711
253,1512,1355,1058,1054,1705,1751,1764,582,1283,1010,448,128,414,43,1149,727,819,1534,1806,1588
254,727,221,1833,14,93,1396,749,852,1721,1355,1703,1512,1705,881,582,168,1923,128,1183,1649
255,498,74,92,1637,31,1993,35,8,357,1197,456,1796,958,1581,2037,44,289,861,444,823
256,498,35,74,1637,92,1197,357,1993,31,8,1156,861,1796,444,456,1933,1214,1541,823,1995
257,727,221,1833,14,1396,93,749,852,1721,1703,1355,881,168,1923,128,1649,1183,1512,1775,712
258,727,1833,221,14,93,1396,749,852,1721,1355,1703,1512,1705,881,582,168,1923,128,1183,1649
259,498,74,35,31,1197,1637,1993,8,92,1796,456,357,958,1779,1581,591,2059,740,1447,1387
260,1512,1355,1058,1054,1705,1751,1764,582,1283,1010,128,448,43,1149,1775,414,727,1534,819,1833
261,444,861,1156,823,1214,1541,1995,1933,74,357,1637,498,35,92,8,1684,944,456,1993,1750
262,168,440,763,613,1192,1186,1961,1856,1649,1539,128,474,819,1775,301,1721,255,852,609,523
263,168,128,1961,852,301,763,1721,474,1143,711,1775,727,1281,221,95,1727,1749,1111,840,1975
264,301,1721,1183,1355,1283,582,1512,1764,1058,109,1054,1010,168,1108,621,1844,1851,1592,759,1705
265,727,221,1833,14,93,1396,749,852,1721,881,712,1703,109,43,1183,403,1118,1923,168,1844
266,1058,1054,1705,1512,1764,582,1751,1355,1283,1010,1149,128,448,414,1775,819,1806,43,1281,1381
267,35,1951,498,740,1779,1387,74,117,1637,31,1993,1009,1197,456,8,357,92,1796,2059,861
268,498,806,1718,1064,74,35,1684,456,92,375,1018,357,1993,31,1197,1637,958,8,1796,1581
269,727,221,1833,14,93,1396,749,852,1721,712,1703,1740,43,1183,403,168,1923,1844,1111,1577
270,301,1721,1183,109,1764,1355,168,582,1108,621,1844,299,1851,1592,759,93,1275,122,1255,1283
271,498,74,35,357,456,1637,1993,92,8,1796,1197,31,958,861,2037,444,44,823,289,1156
272,74,498,35,1197,1993,8,92,1796,456,357,1637,31,958,1581,591,1447,174,289,1869,861
273,1512,1058,1054,1751,1764,1705,582,1355,1283,1010,1149,448,414,128,43,819,1534,1806,1775,1740
274,498,35,31,1637,1951,74,1993,740,1387,1779,456,1197,1009,117,1796,8,357,92,2059,861
275,1721,301,1183,221,1557,65,224,474,727,109,14,93,358,1833,168,523,912,1355,1764,575
276,168,1721,1856,852,274,1672,912,1961,523,1832,474,1749,1557,1727,1281,95,1143,358,1539,1873
277,35,74,1197,1637,861,1156,1993,1541,444,92,357,1995,31,823,1214,1933,1796,8,498,456
278,301,1721,1183,1355,1283,582,109,1512,1764,1058,1054,1010,168,1108,621,1844,299,1851,1592,759
279,301,1721,1183,1355,1283,582,109,1512,1764,1058,1054,1010,168,727,299,1705,763,364,221,1751
280,1512,1355,1058,1054,1705,1751,1764,582,1283,1010,1149,448,414,128,43,727,1534,819,1775,1833
281,727,1833,221,14,93,1396,749,852,1721,1355,1703,1512,1705,881,582,168,1923,128,1183,1649
282,498,35,1637,1796,31,74,1993,357,1197,92,8,456,861,1156,444,823,1214,1933,1995,1541
283,498,561,74,35,31,1637,1993,456,1447,1197,92,1322,591,1440,8,357,1621,1796,958,1640
284,561,498,74,35,456,1447,92,1322,591,1440,357,1993,1621,31,1197,1637,958,1640,8,1699
285,498,1993,35,31,1637,1197,92,74,8,1796,456,357,740,1387,117,1779,1009,1951,958,2059
286,168,1856,1961,727,1281,1749,128,95,852,881,1727,1061,763,1098,749,1832,711,247,1649,788
287,727,221,1833,14,93,1396,749,852,1721,1703,881,712,168,43,1118,236,1183,990,1281,1923
288,498,74,1637,31,1993,35,1197,8,92,1796,456,357,958,2059,1581,1779,861,591,1447,1214
289,168,128,1961,1721,852,301,763,474,1749,1143,711,1775,727,1281,221,1727,881,1111,840,788
290,498,806,1718,1064,74,35,1684,456,92,375,1018,357,1993,31,1197,1637,958,8,1796,1581
291,327,513,171,1783,7,799,1588,2034,444,1156,1581,410,958,861,823,1869,1933,174,1214,1541
292,1512,1355,1058,1054,1705,1751,1764,582,1283,1010,448,128,43,1149,414,727,1534,819,1588,1833
293,498,74,35,456,92,357,8,1637,1993,31,1197,958,1796,1156,444,1541,861,1581,591,823
294,1684,1718,1064,991,1581,861,1750,237,806,2068,1018,375,2059,944,1995,1156,444,677,1438,871
295,958,1581,1869,498,174,1197,74,1993,357,2037,44,92,456,31,35,8,1637,1796,289,444
296,498,74,1993,35,1637,31,1197,92,8,1796,456,357,958,1387,1581,1009,1951,861,117,2037
297,301,1721,1183,109,1355,1764,168,1512,582,727,299,763,221,1283,1396,1111,1923,1793,759,376
298,301,1721,1183,1355,1283,582,109,1512,1764,1557,1058,1672,1054,1010,168,474,727,546,65,1705
299,498,74,1637,31,1993,35,1197,8,92,1796,456,357,958,1581,861,2037,823,289,44,1156
300,35,74,861,92,1541,31,1637,444,357,1993,1197,1684,944,1156,1750,823,1064,1796,498,1995
301,1750,944,991,871,2068,1480,1447,591,1581,791,1684,444,1718,861,227,806,1995,1156,1559,1541
302,1512,1054,1058,1751,1764,1705,582,1355,1283,1010,1149,128,448,414,43,1775,1534,819,1806,1281
303,727,1833,221,14,93,1396,749,852,881,1703,1255,1721,1775,1183,712,43,1355,1035,1649,594
304,727,1833,221,14,93,1396,749,852,1721,881,1703,1255,1775,712,109,1183,43,1355,1035,1649
305,168,1721,523,852,1867,1727,95,301,1873,93,1557,1672,819,727,474,1856,1650,117,274,788
306,168,1721,1961,523,474,301,763,1557,1832,1856,546,230,95,358,128,1520,1183,274,1042,912
307,498,1993,35,31,1637,1197,1951,92,74,740,1779,1387,8,117,1796,456,1009,357,2059,861
308,727,221,1833,14,1396,93,749,852,1721,1923,1703,881,712,168,1183,1844,43,236,594,1035
309,444,861,1156,498,823,1214,74,1541,92,1995,8,1933,958,357,2037,35,31,1637,1993,1197
310,74,35,498,1637,357,1993,92,456,8,1197,1796,958,861,289,2037,31,44,823,1581,1156
311,498,1993,35,31,1637,1197,92,74,8,1796,456,357,1387,2059,1779,861,1009,591,1447,1951
312,498,74,35,31,1637,1993,1197,456,92,8,1796,357,2059,1156,823,861,1541,591,444,1447
313,498,74,1637,31,1993,35,1197,8,357,456,1796,92,958,861,444,2037,2059,823,1581,44
314,74,498,92,35,1637,8,357,1197,1993,456,1796,31,861,958,444,2037,823,44,1156,1214
315,727,221,1833,14,93,1396,749,852,1721,1751,582,1512,1255,43,1725,1355,1703,1740,128,881
316,498,35,1637,1796,31,74,1993,357,1197,92,8,456,861,1156,444,823,1214,1933,1995,1541
317,727,221,1833,14,93,1396,749,852,1923,1355,1721,1512,1703,1775,881,1183,582,712,1844,1764
318,301,1721,1183,168,109,1108,621,1844,1851,1592,759,763,93,1275,122,1355,1255,1793,852,749
319,498,35,31,1637,1951,74,740,1993,1779,1387,117,456,1197,1009,1796,8,357,92,958,2059
320,301,1721,1183,109,1764,1355,168,582,727,1289,299,1108,671,221,1851,1396,759,1283,1111,1923
321,498,1993,35,31,1637,1197,1951,92,74,740,1387,8,1779,1796,456,1009,117,357,958,2059
322,727,1833,221,14,93,1396,749,852,1721,881,1355,1703,1255,1775,712,1512,109,1183,43,582
323,498,74,1637,31,1993,35,1197,8,357,456,1796,92,958,861,444,2037,2059,823,1581,44
324,168,852,1961,301,523,1061,763,1856,153,749,95,727,788,337,274,1721,1727,474,1927,1832
325,727,221,1833,14,93,1396,749,852,1355,1721,1512,1703,1775,881,1183,582,712,168,1764,1751
326,498,74,1637,31,1993,35,1197,8,357,456,1796,92,958,861,444,2037,823,1581,44,1156
327,168,1721,852,1961,1749,1856,95,903,128,1775,1143,1649,1727,788,440,247,337,711,1405,93
328,35,74,944,991,1197,1637,1750,1993,2068,92,357,31,1624,791,871,1480,1796,8,719,1684
329,498,74,1637,31,1993,35,1197,8,1796,92,357,456,958,1581,1750,2068,944,991,861,2037
330,498,74,1637,31,1993,35,1197,8,92,1796,456,357,958,1581,1779,2059,740,1447,591,861
331,498,35,31,1637,74,1993,456,1197,1796,8,357,92,958,1779,1581,591,2059,740,1447,1387
332,727,221,1833,14,93,1396,749,852,881,1721,1703,1255,1775,1740,1183,712,43,1355,1035,1649
333,301,1721,1183,109,1764,1355,168,582,1108,621,1844,1289,299,1851,1592,759,671,93,1275,122
334,1721,301,1183,221,1557,65,224,474,727,14,93,358,1833,168,523,912,1355,575,546,1512
335,168,1721,1405,1557,1856,852,523,474,274,1961,1672,819,1873,749,301,1749,546,65,912,358
336,727,221,1833,14,93,1396,749,852,1721,1751,582,1512,1255,881,43,1725,1355,1703,109,128
337,498,74,35,861,456,92,8,357,1993,1637,1156,31,1197,1995,958,1796,444,823,1214,1933
338,727,221,1833,14,93,1396,749,852,1721,1703,1355,881,168,1923,128,1649,712,1183,1512,109
339,498,74,1993,35,1637,31,1197,92,8,1796,357,456,958,1387,1581,1779,1009,1951,2059,740
340,168,327,513,7,171,799,2034,1783,1721,410,1588,523,474,763,790,1961,1921,1143,1557,1856
341,861,498,1156,444,1637,1993,823,357,74,8,92,456,35,1214,31,1933,1197,1796,1995,1541
342,727,221,1833,14,93,1396,749,852,1721,1923,1751,582,1512,1255,43,1725,712,1355,1740,128
343,301,1721,1183,1355,1283,582,1512,1764,1058,109,1054,1010,168,727,1289,1705,763,1108,671,364
344,727,221,1833,14,93,1396,749,852,1721,1751,582,1512,1255,881,43,1725,1355,1703,109,1740
345,498,35,31,1637,74,1993,456,1197,1796,8,357,92,2059,806,1779,375,1684,861,591,1447
346,727,1833,221,14,93,1396,749,852,1721,1355,1923,881,1512,1705,1703,582,1255,1183,1764,1775
347,74,498,1993,35,92,31,1637,1197,8,357,456,1796,958,1387,2037,1009,44,1951,1581,591
348,301,1721,1183,1355,1283,582,109,1512,1764,1058,1054,1010,168,1108,621,1844,299,1851,1592,759
349,301,1721,1183,109,1355,1764,168,1512,582,299,763,1283,1793,759,1010,749,1954,1058,43,1054
350,1512,1058,1054,1751,1764,1705,582,1355,1283,1010,128,448,43,414,1149,1775,1534,819,1806,1281
351,74,498,35,1637,31,1156,357,958,444,456,1993,92,823,8,1197,1214,1796,861,1541,1995
352,168,440,1649,1856,852,1961,613,1192,1186,1725,1721,1749,274,255,763,609,788,1727,1281,483
353,727,1833,221,14,93,1396,749,852,1721,1355,1703,1512,1705,881,582,168,1923,128,1183,1649
354,301,1721,1183,109,1355,1764,168,1512,582,727,299,221,1283,1396,1111,1923,1793,759,376,93
355,498,74,1637,31,1993,35,1197,8,92,1796,456,357,958,1581,861,444,2037,823,289,44
356,727,1833,221,14,93,1396,749,852,1721,1703,881,168,1751,1923,582,1255,1512,128,1649,43
357,301,1721,1183,109,1355,1764,1512,582,168,1108,621,1844,299,1851,1592,759,93,1275,122,1283
358,1512,1058,1054,1751,1764,1705,582,1355,1283,1010,1149,448,414,128,43,819,1534,1806,1775,1740
359,727,221,1833,14,93,1396,749,852,1923,1721,1751,582,1512,1255,881,43,1725,1355,1703,109
360,727,221,1833,14,93,1396,749,852,1721,1703,881,712,168,43,1118,236,1844,1183,990,903
361,727,221,1833,14,93,1396,749,852,1721,881,1355,1703,1255,1775,1512,1740,1183,712,43,582
362,301,1721,1183,109,1557,1355,1764,1672,1512,474,582,168,1108,621,1844,299,546,1851,1592,759
363,168,93,364,881,327,1961,852,7,301,763,1721,1783,403,513,2034,799,1512,171,1516,1833
364,498,35,357,74,8,1637,456,1993,92,1796,1197,31,1156,958,444,1541,861,823,1214,1995
365,74,498,1993,35,92,31,1637,1197,8,357,456,1796,958,1387,806,2037,375,1684,1009,44
366,498,74,35,456,92,357,1993,31,1197,1637,958,8,1796,1156,861,1541,444,1214,1581,591
367,301,1721,1183,168,109,727,1289,763,1108,671,221,1355,1851,1396,759,1111,1923,376,1260,122
368,168,1721,1961,128,95,903,301,1281,1061,1856,763,364,788,274,474,1927,1064,1650,1018,1405
369,35,1637,1796,74,357,498,1197,92,8,456,1993,958,31,289,2037,44,2059,1541,1156,861
370,1512,1054,1751,1764,1058,582,1705,1355,1283,1010,128,448,414,43,1149,1775,819,1534,1806,1588
371,168,440,613,1192,1186,1721,852,523,255,788,609,483,1961,1672,819,474,1042,1650,1557,1649
372,498,806,1718,1064,74,35,1684,456,92,375,1018,357,1993,31,1197,1637,958,8,1796,1581
373,168,903,711,1749,1281,1143,153,852,763,1961,1775,95,1856,1725,788,839,1186,337,301,1727
374,74,498,1993,35,92,31,1637,1197,8,357,456,1796,1581,591,1447,958,861,1387,2037,1009
375,168,1721,852,274,1672,912,1856,523,474,1867,1727,1961,1557,1873,763,93,153,727,95,358
376,498,1993,35,31,1637,1197,1951,92,74,740,1387,8,1779,1796,456,1009,117,357,2059,1447
377,498,74,35,456,861,92,1156,444,357,1993,823,31,1197,1637,958,1214,8,1933,1995,1541
378,1750,944,1447,591,991,871,2068,1480,1581,791,1684,1718,236,227,846,1350,2012,806,1559,1064
379,1512,1355,1058,1054,1705,1751,1764,582,1283,1010,128,448,43,414,1149,727,1534,819,1775,1833
380,301,1183,1721,109,1764,1355,168,582,727,299,221,1396,1283,1111,1923,376,1260,93,1740,1954
381,806,1718,1064,1684,375,1018,31,74,1197,35,357,1637,677,1993,8,498,1133,456,92,2059
382,498,35,31,1637,74,1993,456,1197,1796,8,357,92,2059,1779,861,591,1447,958,1214,740
383,1541,1684,444,944,861,1750,1156,1064,1214,1995,823,591,1447,2068,1933,991,871,1194,806,1018
384,1993,35,74,498,31,1197,92,8,1637,1796,456,357,958,1387,1009,1951,117,1447,591,289
385,727,221,1833,14,93,1396,749,852,1721,1703,881,168,1923,1255,128,1649,1775,712,1183,1740
386,168,327,513,7,171,799,2034,1783,1405,1557,410,1588,523,474,1961,790,274,1921,1143,1672
387,168,128,1856,1721,852,474,1961,1143,711,1775,727,1539,1281,221,1727,1186,819,1749,523,903
388,727,1833,221,14,93,1396,749,852,1721,1355,1512,1705,1703,881,582,1183,1764,1856,1143,1751
389,74,498,1993,92,456,8,1637,35,357,1796,1197,958,861,31,2037,444,44,289,1156,823
390,74,498,35,1197,1993,8,92,1796,456,357,1637,31,958,2037,2059,44,289,861,591,1447
391,727,221,1833,14,93,1396,749,852,1721,881,1355,1703,1255,1775,712,1512,1740,1183,43,582
392,95,1923,1283,1054,1751,1010,1512,93,582,881,1058,1705,1355,1111,1856,1775,403,1740,1649,168
393,799,327,513,2034,7,1783,171,1588,1143,410,1118,1539,1775,1749,1281,1381,711,697,1058,174
394,498,806,1718,1064,74,35,1684,456,92,375,1018,357,1993,31,1197,1637,958,8,1796,1581
395,498,74,92,1637,31,1993,35,1197,8,357,456,1796,958,1581,2037,44,289,861,444,823
396,168,1649,1856,1961,95,364,1042,1725,1749,763,1721,788,1727,403,613,166,711,1281,1873,483
397,498,74,35,357,456,1637,92,8,444,861,1796,1993,1156,1197,1214,823,31,1995,1541,958
398,727,1833,221,14,93,1396,749,852,1721,1703,881,168,1923,1255,128,1649,1775,1183,712,43
399,498,806,1718,1064,74,35,1684,456,92,375,1018,357,1993,31,1197,1637,958,8,1796,1581
400,168,1721,1961,852,523,474,1557,763,1856,546,230,128,358,1649,1520,1183,274,912,224,95
401,727,221,1833,14,93,1396,749,852,1721,1751,582,1512,1255,43,1725,712,1703,1355,1740,128
402,727,1833,221,14,93,1396,749,852,1721,1355,1703,1923,1512,1705,881,582,168,128,1183,1649
403,727,1833,221,14,93,1396,749,852,1721,881,1703,1255,1775,1183,712,43,1355,1035,1649,594
404,498,74,35,31,1637,1993,1197,456,92,444,8,1156,823,1796,861,357,958,1214,1995,1541
405,740,498,1779,74,35,117,31,1637,1387,1009,1993,1951,1197,456,92,8,1796,357,2059,861
406,1512,1355,1058,1705,1054,1764,582,1751,1283,1010,1149,128,448,414,1775,727,819,1806,1833,1281
407,168,1856,763,1961,1649,95,128,301,1749,274,788,852,1727,1281,523,474,403,1143,1721,1042
408,727,1833,221,14,93,1396,749,852,881,1721,1355,1703,1751,582,1255,1512,43,1775,1725,128
409,498,35,31,1637,74,1993,456,1197,92,8,1796,357,958,2037,44,289,1779,1541,1581,591
410,727,1833,221,14,93,1396,749,852,1721,1355,1512,1705,1703,881,582,1183,1764,1856,1143,1751
411,74,498,35,1197,1993,8,92,1796,456,357,1637,31,958,1581,591,174,289,1447,1869,861
412,498,74,35,357,456,1637,92,8,1796,1993,1197,31,861,958,444,2037,1156,823,44,1214
413,727,1833,221,14,93,1396,749,852,1721,1355,1512,1705,1703,881,582,1183,1764,1856,712,1143
414,727,221,1833,14,93,1396,749,852,1721,1355,1512,1705,1703,881,582,1751,1183,1255,1764,43
415,498,74,35,357,456,1637,92,8,1796,1993,1197,31,861,958,444,2037,823,44,1156,1214
416,727,221,1833,14,93,1396,749,852,1721,1703,881,168,1923,128,1649,712,1183,1740,43,738
417,498,806,1718,1064,74,35,1684,456,92,375,1018,357,1993,31,1197,1637,958,8,944,991
418,168,1721,523,474,274,727,1961,1672,912,1557,763,1856,546,230,1539,358,1520,1183,1186,819
419,498,74,1637,31,1993,35,1197,8,1796,92,357,456,958,2059,1581,1779,861,591,1447,1214
420,168,1856,1721,727,1961,1749,852,301,128,1727,1775,1143,1649,1832,711,440,1281,1725,1405,1873
421,498,74,35,31,1156,1637,444,357,1993,823,861,1197,1214,456,8,92,1541,1995,1796,958
422,727,1833,221,14,93,1396,749,852,1721,1355,1703,1923,1512,1705,881,582,168,128,1183,1649
423,498,74,1993,35,1637,31,1197,92,8,1796,357,456,958,1387,1581,1009,1951,861,117,2037
424,498,74,35,357,456,1637,92,8,1796,1993,1197,31,861,958,444,2037,823,44,1156,1214
425,74,1637,92,1993,35,1197,1796,31,8,357,498,456,958,1869,174,1581,591,1447,289,861
426,168,711,1961,763,1749,301,1281,1143,1856,1649,128,95,1775,1111,840,788,1975,727,1721,1042
427,74,498,92,35,1637,8,357,1197,1993,456,1796,31,958,2037,861,44,444,823,289,1581
428,991,2068,1750,944,1581,871,1480,791,1718,806,227,237,444,1064,1214,1541,1018,1156,1684,1438
429,498,35,31,1637,74,740,1993,1779,117,456,1197,1387,1009,1796,8,357,1951,92,2059,861
430,498,74,1637,31,1993,35,1197,8,1796,92,357,456,958,2059,1581,861,591,1447,1214,1933
431,1721,301,1183,221,1557,65,224,474,727,14,93,358,1833,168,523,912,575,546,1672,670
432,168,1721,1405,1557,523,474,1961,274,1672,763,819,1281,1856,546,230,1873,358,749,1520,1183
433,727,221,1833,14,93,1396,749,852,1721,1355,1923,1512,1705,1703,881,582,1183,1764,1856,1143
434,944,1750,991,871,2068,1480,1447,591,1581,791,227,1718,806,1559,698,1932,35,237,74,444
435,498,74,35,456,92,357,1993,31,1197,1637,958,8,1796,1156,1541,861,1581,591,444,823
436,168,128,1961,1856,852,301,763,1721,474,1143,711,1775,727,1281,221,95,1727,1749,1111,840
437,498,35,31,1637,74,1993,456,1197,1796,8,357,92,958,1779,2059,740,1447,591,1387,823
438,74,498,92,35,1637,1197,8,357,1993,456,1796,31,958,2037,44,1581,289,444,591,861
439,1512,1355,1058,1705,1054,1764,582,1751,1283,1010,1149,128,448,414,1775,727,43,1833,1806,1281
440,861,1156,498,35,444,357,92,823,74,1214,1637,8,958,456,1541,1995,1993,1197,2037,44
441,727,1833,221,14,93,1396,749,852,1721,1355,881,1512,1705,1703,582,1255,1183,1764,1775,1856
442,498,74,35,31,1197,1637,1993,8,92,1796,357,456,958,861,444,2037,823,44,1156,1214
443,727,221,1833,14,93,1396,749,852,1721,1355,1751,582,1512,1255,43,1725,1775,128,1703,712
444,74,498,35,1197,1993,8,92,1796,456,357,1637,31,958,2059,861,591,1447,1214,1933,444
445,498,1993,35,31,1637,1197,92,74,8,1796,456,357,740,1387,117,1779,1951,1009,958,2059
446,168,128,852,763,1721,1961,474,1143,711,1775,727,1856,1649,1281,523,221,1727,301,1749,1557
447,806,1718,1064,1684,375,1018,35,74,1197,1637,1993,991,1581,92,357,31,1750,237,1796,2068
448,727,221,1833,14,93,1396,749,852,1721,1703,1923,881,168,128,1649,1183,738,1844,594,1856
449,498,74,35,31,1637,1993,1197,456,92,861,8,1796,357,958,2037,823,2059,44,1156,444
450,301,1721,1183,1355,168,1512,727,109,582,221,1283,1396,1764,1111,1923,1793,759,376,93,1010
451,727,221,1833,14,93,1396,749,852,1721,1703,1740,881,1183,1118,1923,1844,1111,1577,1749,1355
452,1993,35,498,31,1197,92,74,1637,8,1796,456,357,958,1387,2059,861,1009,591,1447,1951
453,1581,498,1869,561,74,35,31,1637,1993,456,1447,1197,174,92,1322,591,1440,8,357,1621
454,168,1961,903,852,301,763,128,1649,1111,840,1975,1061,1856,727,153,1725,839,274,95,881
455,727,1833,221,14,93,1396,749,852,1721,1923,881,1703,1255,1775,712,1183,43,1355,1035,1844
456,168,1721,440,852,613,1192,1186,1961,1749,1856,255,788,128,609,483,1775,1381,1143,1539,1649
457,498,74,92,1637,31,1993,35,1197,8,357,456,1796,958,1581,2037,44,289,861,444,823
458,74,35,498,1637,357,1993,92,456,8,1197,861,1156,1796,444,958,823,289,31,1214,2037
459,301,1721,1183,109,1764,1355,168,582,727,1108,621,1844,1289,299,1851,1592,759,671,93,1275
460,861,498,35,92,74,1214,357,1637,444,1156,8,823,958,456,1993,1197,1995,2037,1541,44
461,168,1721,523,474,763,1961,1557,1749,1856,1832,546,1649,230,95,358,128,1520,1183,274,301
462,727,221,1833,14,93,1396,749,852,1721,1923,1751,582,1512,1255,881,43,1725,712,1355,1703
463,74,498,35,1197,1993,8,92,1796,456,357,1637,31,958,861,1156,289,1995,444,823,2037
464,498,35,31,1637,74,1993,357,456,1197,92,8,1796,861,958,444,2037,823,44,1156,1214
465,301,1721,1183,1355,1283,582,1512,1764,1058,109,1054,1010,168,1108,621,1844,1289,1851,1592,759
466,498,806,1718,1064,74,35,1684,456,92,375,1018,357,1993,31,1197,1637,958,8,1796,1581
467,498,861,35,357,74,8,1637,1541,456,444,1214,1993,92,1995,823,1156,1796,1197,31,1933
468,498,35,31,1637,74,1993,456,1197,1796,8,357,92,958,2059,1779,861,591,1447,1581,1214
469,1512,1355,1058,1705,1054,1764,582,1751,1283,1010,1118,1775,1381,1539,1281,1143,711,1749,1149,128
470,498,74,35,456,92,357,1993,31,1197,1637,958,8,1684,1796,1718,1064,991,1581,861,1750
471,168,903,1721,523,1749,852,1867,1727,1856,1961,1381,1873,1539,93,1557,727,1725,788,1281,839
472,168,1961,1721,727,1856,1749,1649,364,523,881,274,852,1281,474,95,1143,1042,1672,819,1832
473,727,221,1833,14,93,1396,749,852,1721,1355,1512,1705,1703,881,582,1751,1183,1255,1764,43
474,74,498,35,1197,1993,8,92,1796,456,357,1637,31,958,2059,861,591,1447,1214,1933,444
475,301,1721,1183,1355,1283,582,1512,1764,1058,109,1054,1010,168,1108,621,1844,1851,1592,759,1705
476,2037,44,958,74,92,8,35,1637,498,456,357,1581,1197,799,289,327,513,861,2034,1993
477,1512,1355,1058,1054,1705,1751,1764,582,1283,1010,1149,448,414,128,43,727,1534,819,1775,1833
478,301,1721,1183,109,1355,1764,1512,582,1289,299,1108,671,1851,1283,759,1793,1260,122,1200,1010
479,168,903,727,852,1042,788,1856,1961,1725,613,1832,166,839,95,1779,483,1749,364,1763,358
480,498,74,1993,35,92,1637,31,1197,8,357,456,1796,958,1387,1581,2037,1009,44,1951,289
481,740,1779,117,1387,1009,1951,498,1637,74,35,1993,31,92,8,357,1796,1197,1064,806,456
482,727,221,1833,14,1396,93,749,852,1923,1355,1721,881,1512,1703,109,1775,712,43,1183,582
483,727,1833,221,14,93,1396,749,852,1721,1355,1512,1705,1703,881,582,1751,1183,1255,1764,43
484,727,221,1833,14,93,1396,749,852,1721,881,1703,1255,1775,712,1740,1183,43,168,1355,1035
485,498,1993,35,31,1637,1197,92,74,8,1796,456,357,958,1387,1779,1009,1951,1581,591,2059
486,1993,35,498,31,1197,74,92,1637,357,456,8,1796,861,958,444,2037,1387,2059,823,44
487,498,35,31,1637,74,1993,357,456,1197,92,8,1796,861,958,444,2037,2059,823,44,1156
488,799,327,513,2034,7,1783,171,1588,1143,410,1118,1539,1775,1749,1281,1381,711,1058,174,1869
489,301,1721,1183,1355,1283,582,1512,1764,1058,109,1054,1010,168,1705,763,364,1751,128,299,440
490,168,1721,1961,1856,523,474,301,763,727,1557,1749,546,230,358,128,1520,1183,274,881,912
491,1993,35,498,31,1197,92,740,74,1637,1779,8,117,1796,1387,1009,456,1951,357,958,1064
492,1993,35,498,31,1197,92,74,1637,8,1796,456,740,357,1387,117,1779,1951,1009,1064,806
493,727,221,1833,14,93,1396,749,852,1721,1923,881,1703,109,712,43,168,1183,1844,236,594
494,727,1833,221,14,93,1396,749,852,1721,1355,1512,1705,1703,881,582,1183,1764,1856,1143,1751
495,498,806,1718,1064,74,35,1684,456,92,375,1018,357,1993,444,861,31,1197,1637,958,8
496,444,861,1214,498,1156,1995,1541,1637,74,35,1933,1993,823,31,92,944,8,357,1750,1796
497,301,1721,1183,1355,1283,582,109,1512,1764,1058,1054,1010,168,727,1108,621,1844,299,1851,1592
498,498,74,35,31,1637,1993,1197,456,92,8,1796,357,2059,861,1156,1541,823,1214,444,591
499,301,1721,1183,1355,1283,582,109,1512,1764,1557,1058,1672,1054,1010,168,474,546,65,1705,763
500,444,861,8,35,74,1214,1637,357,1156,1995,1541,1796,31,92,958,823,1993,498,456,1933
501,727,221,1833,14,93,1396,749,852,1721,881,712,1703,109,1740,43,1183,403,77,1118,1923
502,727,221,1833,14,93,1396,749,852,1923,881,1721,1703,1255,1775,1740,1183,712,43,1355,1035
503,168,903,440,1721,613,1192,1186,1749,301,881,255,609,483,1856,1961,1381,1539,1725,711,1281
504,498,806,1718,1064,74,35,1684,456,92,375,1018,357,1993,31,1197,1637,958,8,944,991
505,727,221,1833,14,1396,93,749,852,1721,1703,1923,881,168,128,1649,1183,109,738,43,1844
506,727,221,1833,14,93,1396,749,852,1721,1923,881,1703,1255,1775,712,1740,1183,43,1355,1035
507,301,1183,1721,109,1764,1355,168,582,727,1108,621,1844,299,1851,1592,759,93,1275,122,221
508,498,1993,35,31,1637,1197,74,92,357,456,8,1796,861,958,444,2037,1387,823,44,1156
509,168,1961,301,763,727,95,128,1111,840,474,1975,912,274,1649,1856,1832,337,1281,852,1727
510,498,806,1718,1064,74,35,1684,456,92,375,1018,357,1993,31,1197,1637,958,8,1796,991
511,498,35,31,1637,74,1993,456,1197,1796,8,357,92,958,2059,1779,861,591,1447,1581,1214
512,498,74,35,31,1637,1993,456,1197,92,8,357,1796,958,2059,1447,861,591,1581,1214,1933
513,168,1856,1961,1281,95,1749,128,474,881,1727,763,403,912,1649,1098,274,711,247,337,1725
514,168,1961,153,852,95,903,474,788,1061,912,1856,274,1042,1186,1281,1927,301,247,1650,437
515,301,1721,1183,1355,1283,582,109,1512,1764,1058,1054,1010,299,1705,763,364,1751,128,440,1793
516,727,1833,221,14,93,1396,749,852,1721,1355,1703,1512,1705,881,582,168,1751,1923,128,1183
517,727,221,1833,14,93,1396,749,852,1721,881,1703,109,712,43,168,1183,1118,1923,236,990
518,861,1541,444,35,1214,74,1750,1995,823,2068,1156,1197,944,1637,1933,991,1993,1581,92,357
519,301,1721,1183,1355,1283,582,109,1512,1764,1058,1054,1010,168,727,299,1705,364,221,1751,1396
520,74,498,35,1197,1993,8,92,1796,456,357,1637,31,958,2059,861,591,1447,1214,1933,444
521,301,1721,1183,168,1108,621,1844,1289,1851,1592,759,109,671,93,1275,122,1255,1793,1200,852
522,727,221,1833,14,93,1396,749,852,1721,1703,1923,881,168,1751,582,1512,128,1255,1649,43
523,168,1721,1961,523,474,1557,763,1856,546,153,230,852,358,1649,1520,1183,274,912,224,95
524,301,1721,1183,1355,168,1512,1289,1108,671,582,1851,1283,759,1764,109,1793,1260,122,1200,1010
525,168,1721,711,1961,852,523,474,1749,1856,1281,1557,763,1143,1649,546,230,358,364,95,1520
526,727,221,1833,14,1396,93,749,852,1721,1355,881,712,1512,1703,109,1775,43,1183,582,403
527,498,74,1637,31,1993,35,1197,8,1796,92,357,456,958,1581,444,1541,1156,1995,861,591
528,498,806,1718,1064,74,35,1684,456,92,375,1018,357,1993,31,1197,1637,958,8,1796,1581
529,498,74,1637,31,1993,35,1197,8,1796,92,357,456,958,740,1581,117,1951,1779,1009,861
530,1512,1355,1058,1705,1054,1764,582,1751,1283,1010,1149,128,448,414,1775,727,819,1806,43,1833
531,727,221,1833,14,93,1396,749,852,881,1721,1355,1703,1255,1775,1512,1740,1183,712,43,582
532,498,74,35,31,1637,444,861,1993,1197,1156,456,357,92,8,823,1796,1214,1541,1995,958
533,168,1721,1405,1557,1961,523,301,474,763,274,1672,819,1873,1867,1727,749,128,546,1111,840
534,301,1721,1183,1355,1283,582,1512,1764,1058,109,1054,1010,168,727,1108,621,1844,1851,1592,759
535,727,221,1833,14,1396,93,749,852,1721,1703,1355,881,168,1923,128,1649,1183,1512,109,1775
536,727,221,1833,14,93,1396,749,852,1721,1355,1703,1512,1775,1740,881,712,582,43,1764,1751
537,301,1721,1183,1355,168,1512,1108,621,1844,1851,1592,759,109,93,582,1275,122,1283,1764,1255
538,727,1833,221,14,93,1396,749,852,1923,881,1721,1355,1703,1751,582,1255,1512,43,1775,1725
539,727,1833,221,14,93,1396,749,852,1721,1355,1703,1512,1705,881,582,168,1751,1923,128,1183
540,498,74,1637,31,1993,35,1197,8,92,1796,456,357,958,1581,861,2037,1447,591,823,289
541,74,498,35,1197,1993,8,92,1796,456,357,1637,31,958,1581,591,174,289,1447,1869,861
542,301,1721,1183,1355,1283,582,109,1512,1764,1058,1054,1010,168,727,299,1705,364,221,1751,1396
543,35,1951,498,740,1779,1387,74,117,1637,1993,1009,1197,456,31,8,357,1796,92,958,1447
544,74,498,35,1197,1993,8,92,1796,456,357,1637,31,958,861,444,2059,1156,823,591,1995
545,74,498,35,1197,1993,8,92,1796,456,357,1637,31,958,2037,2059,44,289,861,591,1447
546,498,1993,35,31,1637,1197,92,74,8,1796,456,357,1387,958,1779,1009,1951,2059,740,1447
547,861,498,35,92,74,1214,357,1637,444,1156,8,823,958,456,1993,1197,2037,1541,44,31
548,1721,301,1183,221,1557,65,224,474,727,14,93,358,1833,168,523,912,575,546,1672,670
549,498,74,35,31,1197,1637,1993,8,92,1796,456,357,958,2059,1779,861,591,1447,1214,740
550,727,221,1833,14,93,1396,749,852,1721,1355,881,712,1703,1512,109,1775,43,168,1183,582
551,74,498,35,1197,1993,8,92,1796,456,357,1637,31,958,861,1156,444,823,1541,289,1214
552,727,221,1833,14,93,1396,749,852,1721,1355,1512,1705,1703,881,582,1751,1183,1255,1764,43
553,1993,35,498,31,1197,92,74,1637,8,1796,456,357,740,1387,117,2059,1779,1951,861,1009
554,727,1833,221,14,93,1396,749,852,1721,1355,1703,881,1512,1705,582,168,1923,1255,128,1183
555,74,498,35,1197,1993,8,92,1796,456,357,1637,31,958,1581,591,174,289,1447,1869,861
556,727,221,1833,14,1396,93,749,852,1721,712,1703,881,43,168,1183,403,236,990,1923,1577
557,1512,1058,1054,1751,1764,1705,582,1355,1283,1010,128,414,43,1149,448,1775,819,1534,1806,1281
558,2037,44,958,74,92,8,35,1637,498,456,357,1581,1197,799,289,327,513,861,2034,1993
559,2037,44,958,74,92,8,35,1637,498,456,357,1581,1197,799,289,327,513,861,2034,1993
560,498,35,357,74,8,1637,456,1993,92,1796,1197,31,958,1156,1541,861,444,1214,1933,823
561,444,861,1156,823,498,1214,1541,1995,1933,74,357,1637,92,31,35,1993,8,456,1796,1197
562,727,221,1833,14,93,1396,749,852,1721,1703,1740,712,1183,881,43,1118,168,1923,1844,1111
563,727,1833,221,14,93,1396,749,852,1721,881,1703,1255,1775,1183,712,43,1355,1035,1649,594
564,1581,1588,958,697,410,74,498,357,1637,8,31,456,1969,156,1993,1350,1144,2037,2054,35
565,727,1833,221,14,93,1396,749,852,1721,1703,881,1355,168,1923,1255,128,1649,1775,712,1183
566,301,1721,1183,1355,1283,582,109,1512,1764,1557,1058,1672,1054,1010,474,1289,546,65,1705,763
567,35,498,74,1637,1993,1197,456,31,8,357,1796,92,1750,958,2068,944,991,1447,591,871
568,168,1721,1961,1832,95,128,301,788,523,1281,903,403,1649,763,364,1042,437,1856,749,1921
569,498,74,35,357,456,1637,92,8,1796,1993,1197,31,861,958,444,2037,1156,823,44,1214
570,727,1833,221,14,93,1396,749,852,1721,1703,881,712,168,1183,43,236,1844,990,1923,1577
571,498,35,357,74,8,1637,444,456,1156,823,861,958,1993,92,1214,1796,1995,1541,1197,31
572,1993,35,498,31,1197,92,74,1637,8,1796,456,740,357,1387,117,2059,1779,1951,861,1009
573,727,1833,221,14,93,1396,749,852,1721,1923,881,1703,1255,1775,1183,712,43,1355,1035,1844
574,1993,35,74,498,31,1197,92,8,1637,1796,456,357,958,1387,1009,1951,117,1447,591,289
575,444,861,1156,498,1214,823,74,92,1995,8,1541,958,357,1637,1750,2037,2068,35,1933,944
576,498,35,31,1637,74,1993,456,1197,1796,8,357,92,958,1779,2059,740,1447,591,1387,823
577,727,221,1833,14,93,1396,749,852,1721,1355,881,1512,1705,1703,582,1255,1183,1764,1775,1856
578,2037,44,958,74,92,8,35,1637,498,456,357,1581,1197,799,289,327,513,861,2034,1993
579,727,221,1833,14,93,1396,749,852,1923,1721,1751,582,1512,1255,881,43,1725,1703,1355,109
580,1581,591,498,1447,35,74,740,958,92,357,8,1387,1993,456,117,861,1637,1197,1779,1951
581,727,221,1833,14,93,1396,749,852,1721,712,1740,1703,43,1183,403,168,1923,1844,1111,1577
582,991,2068,1750,944,1581,871,1480,791,1718,806,227,237,1064,1018,1684,1438,205,1973,1439,1511
583,168,1961,1721,763,1856,1749,1649,364,128,301,881,95,1381,1539,1042,1143,711,1281,1118,788
584,301,1721,1183,1355,1283,582,1512,1764,1058,109,1054,1010,168,1108,621,1844,1851,1592,759,1705
585,727,1833,221,14,93,1396,749,852,1721,1355,1512,1705,1703,881,582,1183,1764,1856,1143,1751
586,168,1721,274,1672,912,1749,523,1539,474,903,1186,819,1775,1557,788,1381,1281,1143,358,1042
587,168,711,1405,1557,523,1749,474,274,1281,1672,819,1143,1721,1873,763,749,95,903,1961,1775
588,1512,1355,1058,1054,1705,1751,1764,582,1283,1010,1149,128,448,414,43,1775,727,819,1534,1806
589,727,221,1833,14,93,1396,749,852,1721,1751,582,1512,1255,43,1725,1355,128,1856,1705,881
590,498,74,35,456,92,357,1993,31,1197,1637,958,8,1796,1156,444,1541,1581,591,1214,861
591,727,221,1833,14,93,1396,749,852,1721,712,1703,1740,881,43,403,1118,168,1923,1844,1111
592,74,498,35,1197,1993,8,92,1796,456,357,1637,31,958,861,1156,444,823,1541,289,1214
593,35,498,74,1637,1993,1197,456,31,92,8,357,1796,958,1581,591,1447,174,289,1869,861
594,74,498,35,1197,1993,8,92,1796,456,357,1637,31,958,1447,591,289,1581,861,1156,444
595,498,74,92,1637,31,1993,35,8,357,1197,456,1796,958,1581,861,2037,44,1156,444,289
596,74,498,1993,35,92,31,1637,1197,8,357,456,1796,958,1387,2037,1009,44,1951,1581,591
597,727,1833,221,14,93,1396,749,852,881,1703,1255,1721,1775,1183,712,43,168,1355,1035,1649
598,1156,444,357,861,823,1214,8,35,1637,92,1541,1995,74,498,1933,1993,31,1796,1197,456
599,74,498,35,1197,1993,8,92,1796,456,357,1637,31,958,861,1156,444,823,1541,289,1214
600,168,1856,1721,1961,1749,852,95,128,1727,1281,903,1381,403,1649,1539,763,364,711,1725,1873
601,727,1833,221,14,93,1396,749,852,1721,1703,881,168,1923,1255,128,1649,1775,1183,712,43
602,727,221,1833,14,93,1396,749,852,1721,1355,1512,1775,1740,1703,1183,582,712,1764,1751,1923
603,74,498,35,1197,1993,8,92,1796,456,357,1637,31,958,2037,2059,44,289,861,591,1447
604,1750,944,871,991,2068,1480,1447,591,791,1800,1844,172,1684,1108,1793,528,1718,1592,227,1219
605,301,1721,1183,109,1557,1764,1672,1355,168,474,582,727,299,546,65,221,1283,1396,1649,759
606,168,1961,301,763,727,1539,474,128,1186,819,1775,1042,95,1111,840,1975,523,1557,1281,1649
607,498,74,1637,31,1993,35,1197,8,1796,92,357,456,958,2059,1581,861,591,1447,1214,1933
608,498,35,31,1637,74,1993,456,1197,1796,8,357,92,958,1779,1581,591,2059,740,1447,1387
609,95,763,1649,1283,1054,1923,1010,1512,1751,1961,93,582,1058,1705,881,1856,403,1740,168,1721
610,498,74,92,1637,31,1993,35,8,357,1197,456,1796,958,1581,861,2037,44,1156,444,289
611,168,128,711,1721,852,1749,1961,1281,474,1143,1775,727,763,221,1727,95,881,903,1557,1098
612,727,1833,221,14,93,1396,749,852,1721,1355,1923,1512,1705,1703,881,582,1183,1764,1856,1143
613,727,221,1833,14,93,1396,749,852,1721,1355,1751,582,1512,1255,43,1725,1775,128,1703,1183
614,498,1993,35,31,1637,1197,92,74,8,1796,456,357,740,1387,117,1779,1951,1009,2059,1447
615,498,861,1156,35,357,444,74,8,1637,456,823,1993,92,1214,1933,1796,1197,1995,1541,31
616,168,440,1961,301,613,763,1192,1186,1749,1281,128,1721,255,1111,840,95,852,609,881,1975
617,498,1993,35,31,1637,1197,92,74,8,1796,456,357,740,1387,117,2059,1779,1951,861,1009
618,168,903,711,1749,1281,1961,1143,763,1775,95,852,128,1856,1721,1381,1539,1649,1725,788,440
619,727,1833,221,14,93,1396,749,852,1721,1923,881,1355,1703,1255,1775,1512,1183,712,43,582
620,168,1721,711,1961,523,474,1749,301,763,1281,1557,1143,1856,546,230,1539,358,1867,1727,128
621,498,74,35,31,1637,1993,1197,456,92,444,8,1156,823,1796,861,357,958,1750,2068,1214
622,498,74,1993,35,92,31,1637,1197,8,357,456,1796,958,1387,1779,2037,1009,44,1951,1581
623,727,221,1833,14,93,1396,749,852,1721,1355,1512,1705,1703,881,582,1183,1764,1856,1143,1751
624,861,1156,444,498,823,1214,74,357,1637,1750,2068,1933,35,1995,944,1541,92,991,1993,8
625,727,221,1833,14,93,1396,749,852,1721,1355,1512,1705,1703,881,582,1751,1183,1255,1764,43
626,498,74,1993,35,92,1637,31,1197,8,357,456,1796,958,1387,2059,1581,2037,861,1009,591
627,498,74,35,357,456,1637,92,958,8,1796,1993,861,1156,1197,444,823,31,2037,289,1214
628,498,74,35,456,92,357,1993,31,1197,1637,958,8,1796,1581,591,806,1684,375,1064,1718
629,498,74,92,1637,31,1993,35,8,357,1197,456,1796,958,2059,1581,2037,861,591,44,1447
630,727,221,1833,14,93,1396,749,1721,852,1703,1355,881,168,1751,1923,582,1512,128,1255,1649
631,727,221,1833,14,93,1396,749,852,1721,1703,1923,881,168,128,1649,1183,738,1844,1118,236
632,498,806,1718,1064,74,35,1684,456,92,375,1018,357,1993,31,1197,1637,958,8,1796,1156
633,95,582,1751,1512,1923,1705,1283,1764,1010,1054,1355,1058,109,881,749,1111,1775,168,711,1856
634,168,711,1649,1961,1749,1281,1143,153,1539,852,763,474,1856,1186,819,1775,1725,274,95,1721
635,168,903,1721,1749,523,95,881,474,1856,1961,912,274,1672,819,1725,711,1650,839,1557,337
636,727,221,1833,14,93,1396,749,852,1721,1703,881,168,1923,128,1649,1183,1740,738,1118,236
637,727,221,1833,14,93,1396,749,852,881,1721,1703,1255,1775,1740,1183,712,43,1355,1035,1649
638,35,498,74,1637,1993,1197,456,31,8,357,1796,92,740,1750,117,2068,1951,1779,944,958
639,301,1721,1183,109,1355,1764,168,1512,582,299,1283,1793,759,1260,1010,763,1058,1054,1954,1923
640,727,221,1833,14,93,1396,749,1721,852,1703,1355,881,168,1923,128,1649,1183,1512,1775,712
641,498,1993,35,31,1637,1197,92,74,8,1796,456,357,740,1387,117,2059,1779,1951,861,1009
642,301,1721,1183,1355,1283,582,1512,1764,1058,109,1054,1010,168,727,1705,763,364,221,1751,1396
643,498,74,35,456,92,357,1993,31,1197,1637,958,8,1684,1796,1718,1064,991,1581,861,1750
644,806,1718,1064,1684,375,1018,35,74,944,991,1197,1637,1750,1993,2068,92,357,31,1624,791
645,498,1993,35,31,1637,1197,92,74,8,1796,456,357,740,1387,2059,117,1779,861,1009,591
646,168,711,1721,1749,1961,1281,1143,1832,852,128,763,1775,95,881,903,1098,364,437,247,301
647,35,498,74,1637,31,1993,1197,456,8,357,92,1796,2059,958,861,591,1447,1214,1933,444
648,301,1721,1183,1355,1283,582,1512,1764,1058,109,1054,1010,168,1108,621,1844,1851,1592,759,1705
649,498,1993,35,31,1637,1197,92,74,8,1796,456,357,740,1387,2059,117,1779,861,1009,591
650,95,582,1751,1512,1705,1283,1764,1010,1054,1355,1923,1058,93,109,749,1111,1856,881,1775,403
651,561,1447,1322,591,1440,1621,1640,1699,6,31,35,357,74,1637,1350,1993,8,498,456,92
652,498,861,74,92,444,8,958,357,1750,2037,2068,35,1637,1214,1995,1156,944,823,991,1197
653,727,221,1833,14,93,1396,749,852,1721,1751,582,1512,1255,881,43,1725,1703,1355,109,128
654,168,1721,711,1856,852,763,1749,1961,1281,1143,1649,128,903,301,1775,95,1727,788,247,1725
655,1512,1355,1058,1705,1054,1764,582,1751,1283,1010,1149,128,448,414,1775,727,1833,1806,1281,1381
656,498,74,1637,31,1993,35,1197,8,1796,92,357,456,958,2059,1581,861,591,1447,1214,1933
657,727,221,1833,14,93,1396,749,852,1721,881,1703,1255,1775,712,1740,1183,43,168,1355,1035
658,498,74,1993,35,1637,31,1197,92,8,357,456,1796,958,861,444,2037,1387,823,1581,44
659,727,1833,221,14,93,1396,749,1721,852,1355,1703,881,1512,1705,582,168,1923,1255,128,1183
660,498,74,92,35,1637,31,8,357,1993,1197,456,1796,861,958,444,2037,823,44,1156,1214
661,498,74,92,35,1637,31,8,357,1993,1197,456,1796,958,2059,1779,2037,861,591,44,1447
662,944,991,1750,2068,1624,791,871,31,1480,35,357,719,1684,1581,74,1637,1718,806,375,1993
663,74,498,92,35,1637,8,357,1197,1993,456,1796,31,861,1156,958,444,823,289,2037,1214
664,168,1649,1961,153,852,1856,1042,1725,763,301,1721,523,788,1061,613,95,166,1186,274,711
665,727,1833,221,14,93,1396,749,852,1923,881,1355,1721,1703,1255,1775,1512,1183,712,43,168
666,498,74,1637,31,1993,35,1197,8,1796,92,357,456,958,1156,1581,861,1541,444,1214,591
667,498,74,35,357,456,1637,92,8,1796,1993,1197,31,861,958,444,2037,1156,823,44,1541
668,498,74,92,35,1637,31,8,357,1993,1197,456,1796,861,958,444,2037,823,44,1156,1214
669,498,74,1993,35,92,1637,31,1197,8,357,456,1796,958,1387,2059,1581,2037,861,1009,591
670,727,1833,221,14,93,1396,749,852,1721,1355,1923,1512,1705,1703,881,582,1183,1764,1856,1143
671,727,221,1833,14,93,1396,749,852,1721,1703,881,168,1923,128,1649,1183,109,738,43,1118
672,727,221,1833,14,93,1396,749,852,1721,1355,1512,1705,1703,881,582,1183,1764,1856,1143,1751
673,498,1993,35,31,1637,1197,92,74,740,1779,8,117,1796,456,1387,1009,357,1951,2059,1447
674,168,1721,523,1749,852,128,1867,1727,301,1281,903,1381,1873,1539,93,1557,763,727,364,1961
675,861,8,35,74,1637,357,1156,1995,1796,31,92,444,958,823,1993,1214,498,456,1933,1541
676,168,1721,903,440,1856,523,474,613,1192,1961,1186,1557,763,546,153,230,852,358,1520,1183
677,727,221,1833,14,93,1396,749,1721,852,1703,881,168,1923,1255,128,1649,1775,1183,1740,712
678,168,1961,1721,852,1856,523,128,1867,1727,1649,1281,903,1873,93,1557,1672,819,763,727,95
679,168,1405,1557,523,474,727,274,1961,1749,1672,819,1873,749,95,546,65,852,912,128,358
680,727,1833,221,14,93,1396,749,852,1721,1355,1512,1705,1703,881,582,1751,1183,1255,1764,43
681,498,806,1718,1064,74,35,1684,456,92,375,1018,357,1993,31,1197,1637,958,8,1796,1581
682,498,74,35,31,1197,1637,1993,8,92,1796,456,357,958,2059,1779,861,591,1447,1214,740
683,498,74,92,35,1637,31,8,357,1993,1197,456,1796,958,1779,2037,44,1581,2059,740,1447
684,727,221,1833,14,93,1396,749,852,1721,1703,881,168,1923,1255,128,1649,1775,1183,1740,712
685,1512,1355,1058,1705,1054,1764,582,1751,1283,1010,1149,448,414,128,727,1775,1588,43,1833,1806
686,727,1833,221,14,93,1396,749,852,881,1355,1703,1255,1721,1775,1512,1183,712,43,582,1035
687,727,1833,221,14,93,1396,749,852,881,1721,1703,1751,582,1255,1512,43,1775,1725,1355,128
688,727,221,1833,14,93,1396,749,852,881,1721,1703,1255,1775,1740,1183,712,43,1355,1035,1649
689,498,35,31,1637,74,1993,1156,456,1197,444,357,823,1796,8,1214,92,861,1541,1995,958
690,861,1541,444,1214,1995,823,74,1156,92,35,1933,357,498,8,31,1197,1993,1637,456,1796
691,727,221,1833,14,1396,93,749,852,1721,1703,1923,881,168,128,1649,712,1183,109,43,738
692,498,35,357,74,8,1637,456,444,861,1993,92,1750,2068,1796,1197,1214,1995,1156,944,31
693,727,1833,221,14,93,1396,749,852,881,1721,1703,1751,582,1255,1512,43,1775,1725,1355,128
694,727,1833,221,14,93,1396,749,852,881,1721,1703,1751,582,1255,1512,43,1775,1725,1355,128
695,727,221,1833,14,93,1396,749,852,1721,712,1740,43,1703,403,77,168,1355,1923,881,1844
696,806,1718,1064,1684,375,1018,944,991,1750,2068,1624,791,871,31,1480,35,357,719,74,1637
697,727,1833,221,14,93,1396,749,852,1721,881,1703,1255,1775,109,1183,712,43,168,1355,1035
698,168,1721,1961,1749,1832,95,301,881,474,1061,912,1856,274,437,711,1118,1539,1281,749,1927
699,727,221,1833,14,93,1396,749,852,1721,881,712,1703,109,1740,43,1183,403,1923,168,1844
700,498,806,1718,1064,74,35,1684,456,92,375,1018,357,1993,31,1197,1637,958,8,1796,1581
701,35,498,74,1637,1993,1197,456,31,8,357,1796,92,958,1447,591,823,861,1214,444,1156
702,168,903,1721,128,95,474,301,523,1281,1856,1961,912,274,763,1725,364,839,1064,247,358
703,498,74,35,456,92,357,1993,31,1197,1637,958,8,944,991,1796,1750,2068,1624,791,871
704,168,1961,763,1721,1856,1749,1649,364,128,523,301,95,1381,1539,1042,1672,819,474,1143,1281
705,727,1833,221,14,93,1396,852,749,1703,881,168,1721,236,1844,1183,990,903,1281,1255,1035
706,498,35,31,1637,1951,74,1993,740,1387,1779,456,1197,1009,117,1796,8,357,92,2059,861
707,498,74,35,1197,1993,8,92,1796,357,456,1637,31,861,958,444,2037,823,44,1156,1214
708,498,74,1637,31,1993,35,1197,8,1796,92,357,456,958,2059,1581,861,591,1447,1214,1933
709,168,1961,1649,1721,95,128,1856,1725,474,763,788,1281,903,403,912,274,364,711,881,1921
710,168,711,1856,1721,1749,727,1281,1961,1143,128,763,1775,95,1727,903,364,1832,1649,1725,301
711,498,74,35,456,861,92,1156,444,357,1993,823,31,1197,1637,958,1214,1869,8,174,1933
712,498,1993,35,31,1637,1197,1951,92,74,740,1387,8,1779,1796,456,1009,117,357,2059,861
713,727,221,1833,14,93,1396,749,852,1923,1721,881,1703,109,1740,712,43,1183,1844,77,1355
714,727,221,1833,14,93,1396,749,852,1923,1721,1703,1740,881,1844,1118,594,1035,1255,1775,1111
715,168,903,727,1961,1749,1721,523,1061,1856,1381,1539,1672,819,1725,474,1832,1281,1650,839,1557
716,498,806,1718,1064,74,35,1684,456,92,375,1018,357,1993,31,1197,1637,958,8,944,991
717,727,221,1833,14,93,1396,749,852,1721,1355,1512,1705,1703,881,582,1183,1764,1856,712,1143
718,498,35,31,1637,74,740,1993,1779,117,456,1197,1387,1009,1796,8,357,1951,92,958,2059
719,498,74,1637,92,35,357,1993,1156,31,444,8,1197,861,1796,456,1541,823,1214,1933,1995
720,35,1637,1796,74,357,498,1197,92,8,456,1993,31,861,1156,444,958,823,289,1214,2037
721,727,221,1833,14,1396,93,749,852,1721,881,1703,109,712,43,1183,168,1923,1577,1844,1740
722,301,1721,1183,1355,168,1512,109,727,1108,621,1844,1851,1592,759,763,93,582,1275,122,221
723,727,221,1833,14,93,1396,749,852,1721,881,712,1703,109,43,1183,403,168,1923,1844,903
724,727,1833,221,14,93,1396,749,852,881,1721,1703,1751,582,1255,1512,43,1775,1725,1355,128
725,168,711,1856,1749,1281,1961,1143,763,95,1775,474,788,1727,912,274,1042,1649,337,1725,301
726,168,903,1721,763,1961,523,1856,1832,1649,128,1867,1727,1042,301,95,1873,93,1557,727,1725
727,498,806,1718,1064,74,35,1684,456,92,375,1018,357,1993,31,1197,1637,958,8,1796,1581
728,1993,35,498,31,1197,92,740,74,1637,1779,8,117,1796,1387,1009,1951,456,357,1064,806
729,1993,35,498,31,1197,92,74,1637,8,1796,456,357,1387,2059,861,1009,591,1447,1951,958
730,498,74,1637,31,1993,35,1197,8,1796,92,357,456,958,1581,1779,591,2059,740,1447,861
731,74,498,35,1197,1993,8,92,1796,456,357,1637,31,861,444,958,1156,823,1995,1214,1541
732,498,74,1637,31,1993,35,1197,8,1796,92,357,456,958,1581,861,2037,1447,591,823,44
733,498,806,1718,1064,74,35,1684,456,92,375,1018,357,1993,31,1197,1637,958,8,944,991
734,727,221,1833,14,93,1396,749,852,1721,881,1703,1751,582,1255,1512,43,1775,1725,712,1355
735,498,74,1637,31,1993,35,1197,8,1796,92,357,456,958,1581,861,2037,823,44,1156,591
736,301,1183,1721,109,1764,1355,168,582,1108,621,1844,299,1851,1592,759,93,1275,122,1255,1283
737,944,1750,991,871,2068,1480,1447,591,1581,791,227,1718,806,1559,698,1932,35,237,74,444
738,498,1993,35,31,1637,1197,92,74,8,1796,456,357,1387,2059,806,1779,375,1684,861,1009
739,168,1721,128,852,274,1672,474,912,1961,1749,1143,711,1775,523,727,1281,1867,221,1727,903
740,168,1721,903,852,523,474,1961,1557,1856,763,1281,546,230,358,1520,1183,274,912,224,128
741,498,1637,74,35,1993,31,444,92,1156,8,861,357,1796,1197,1995,823,1541,1214,1933,456
742,301,1721,1183,1355,1283,582,109,1512,1764,1058,1054,1010,168,1108,621,1844,299,1851,1592,759
743,498,1993,35,31,1637,1197,74,92,357,456,8,1796,861,958,444,2037,1387,2059,823,44
744,1993,35,498,31,1197,92,74,1637,8,1796,456,357,1387,958,806,375,1684,1009,1951,1064
745,2037,44,958,74,92,8,35,1637,498,456,357,1581,1197,799,289,327,513,861,2034,1993
746,498,74,92,35,1637,31,8,357,1993,1197,456,1796,958,2059,1779,2037,861,591,44,1447
747,727,1833,221,14,93,1396,749,852,881,1703,1255,1775,1183,712,43,1355,1721,1035,1649,594
748,727,1833,221,14,93,1396,749,852,1721,1355,881,1512,1705,1703,582,1255,1183,1764,1775,1856
749,168,1721,852,763,1961,1856,523,1649,95,128,1867,1727,301,403,1873,93,1557,727,1143,247
750,168,903,1721,1832,128,95,474,788,1281,1856,1961,912,274,763,1725,364,1042,437,839,749
751,168,327,513,7,171,799,2034,1783,1961,903,410,1588,763,790,1921,1143,1856,1649,128,918
752,168,1721,903,440,613,1192,274,1672,1186,912,523,474,128,1042,255,1557,609,1281,483,1856
753,727,1833,221,14,93,1396,749,852,1721,1355,881,1512,1705,1703,582,1751,1255,1183,1764,43
754,301,1721,1183,109,1355,1764,1512,582,1289,299,763,1108,671,1851,1283,759,1793,122,1200,1010
755,498,1993,35,31,1637,1197,1951,92,74,740,1387,8,1779,1796,456,1009,117,357,2059,861
756,727,221,1833,14,93,1396,749,852,1721,1355,881,712,1703,1512,109,1775,43,1183,582,403
757,2037,44,958,74,92,8,35,1637,498,456,357,1581,1197,799,289,327,513,861,2034,1993
758,498,74,1637,31,1993,35,1197,8,1796,92,357,456,958,1581,861,2037,1447,591,823,44
759,168,1721,711,1961,523,474,1749,301,763,1281,1557,1143,1856,546,230,358,95,128,1520,1183
760,74,861,92,31,1637,444,357,1993,1156,35,498,823,1796,1995,1197,8,1214,1541,1933,456
761,168,128,1856,852,1961,1721,474,1143,711,1775,1281,727,221,1727,1749,95,881,1061,763,1557
762,498,74,1637,31,1993,35,1197,8,92,1796,456,357,958,1581,861,1156,444,823,2037,1541
763,1993,35,498,31,1197,92,74,1637,8,1796,456,357,958,1387,1009,1951,1581,591,117,174
764,727,221,1833,14,93,1396,749,852,1721,712,1703,1740,881,43,1183,403,1923,1844,1111,1577
765,727,221,1833,14,93,1396,749,1721,852,1703,1923,881,168,128,1649,1183,1740,738,1844,236
766,727,1833,221,14,93,1396,749,852,1721,1355,881,1512,1705,1703,582,1255,1183,1764,1775,1856
767,498,74,1637,31,1993,35,1197,8,357,456,1796,92,958,861,444,2037,2059,823,1581,44
768,727,1833,221,14,93,1396,749,852,1721,1355,1923,881,1512,1705,1703,582,1255,1183,1764,1775
769,727,221,1833,14,93,1396,749,852,1923,1721,1355,1751,582,1512,1255,43,1725,1775,128,1856
770,727,221,1833,14,93,1396,749,852,1721,1703,881,168,1751,1923,582,1512,128,1255,1649,43
771,168,1721,711,852,523,474,1749,1961,1281,1557,1856,763,1143,546,230,358,1520,1183,274,1775
772,498,74,1993,35,1637,31,1197,92,8,1796,357,456,958,1387,2059,1581,861,1009,591,1447
773,301,1721,1183,109,1764,1355,582,168,727,1108,621,1844,299,1851,1592,759,93,1275,122,221
774,727,221,1833,14,93,1396,749,852,1721,1703,881,168,1923,128,1649,1183,712,738,43,236
775,727,221,1833,14,93,1396,749,852,1721,1355,1751,582,1512,1255,43,1725,1703,1775,128,712
776,727,221,1833,14,93,1396,749,852,1721,1751,582,1512,1255,43,1725,1703,1355,128,881,168
777,74,498,1993,35,92,31,1637,1197,8,357,456,1796,958,1387,2037,1009,44,1951,1581,289
778,168,1721,852,523,474,1961,1557,763,1749,1856,546,230,358,95,1520,1183,274,912,224,711
779,168,1961,1856,1721,301,763,128,1749,95,1111,840,1975,1727,1281,727,903,1649,364,711,337
780,1951,740,1387,1779,1009,117,498,1637,74,35,1993,31,92,8,357,1796,1197,1064,806,456
781,168,2034,7,591,1783,1588,327,1447,171,513,410,1621,1699,799,1332,1581,1883,1322,1440,99
782,727,221,1833,14,93,1396,749,852,1721,1703,881,168,1923,128,1649,712,1183,43,738,403
783,727,221,1833,14,93,1396,749,852,1721,1703,1355,881,168,1923,128,1649,1183,1512,1775,1740
784,168,128,903,852,1721,474,1143,711,1775,1749,727,1281,523,221,1727,95,1856,1961,1381,1557
785,1512,1355,1058,1054,1705,1751,1764,582,1283,1010,128,43,414,1149,448,1775,727,1534,819,1833
786,727,221,1833,14,93,1396,749,852,1721,712,1740,43,1703,403,881,168,1118,1923,1844,1111
787,498,74,1637,31,1993,35,1197,8,1796,92,357,456,861,1541,958,444,1214,1995,823,1156
788,861,498,35,92,74,1214,357,1637,444,1156,8,823,958,456,1993,1197,2037,1541,44,31
789,727,1833,221,14,93,1396,749,852,1721,1355,1703,1923,1512,1705,881,582,168,128,1183,1649
790,168,1405,1557,1961,523,301,474,763,274,1672,819,1539,852,1873,749,128,1186,1775,546,1111
791,35,1951,498,740,1387,74,1637,1779,31,1993,1009,1197,456,117,8,357,92,1796,2059,861
792,1993,35,74,498,31,1197,92,8,1637,1796,456,357,958,1387,2059,861,1009,591,1447,1951
793,35,498,74,1637,1993,1197,456,31,8,357,1796,92,1541,1684,444,944,1750,1156,1064,861
794,727,221,1833,14,93,1396,749,852,1721,1355,1703,1512,1705,881,582,168,1923,128,1183,1649
795,727,221,1833,14,93,1396,749,852,1721,1923,1355,1703,1512,1775,712,582,1844,43,1764,1751
796,74,498,35,1197,1993,8,92,1796,456,357,1637,31,958,2059,861,591,1447,1214,1933,444
797,168,1649,1961,1721,1856,128,364,1725,763,788,1281,1061,95,903,1042,274,711,474,1927,1064
798,727,221,1833,14,93,1396,749,852,881,1721,1703,1255,1775,109,1740,1183,712,43,1355,1035
799,498,35,357,944,74,8,1637,456,871,1993,92,1750,1796,1197,991,740,31,958,117,2068
800,444,861,1214,1156,1995,1541,1750,2068,1933,944,991,823,1581,1684,871,1064,806,1438,1718,237
801,498,806,1718,1064,74,35,1684,456,92,375,1018,357,1993,31,1197,1637,958,8,1796,1581
802,498,35,31,1637,1951,74,740,1993,1779,1387,117,456,1197,1009,1796,8,357,92,2059,861
803,727,1833,221,14,93,1396,749,852,881,1703,1255,1721,1775,109,1183,712,43,168,1355,1035
804,498,35,31,1637,74,1993,1156,456,357,1197,444,92,823,1796,8,861,1214,958,1541,1995
805,498,74,1637,31,1993,35,1197,8,92,1796,456,357,958,1581,591,861,2037,1447,823,174
806,498,35,31,1637,74,1993,456,357,1197,92,8,1796,958,289,2037,44,1779,2059,740,1447
807,1512,1355,1058,1054,1705,1751,1764,582,1283,1010,1149,128,448,414,43,1775,727,1534,819,1833
808,727,1833,221,14,93,1396,749,852,1721,881,1355,1703,1255,1775,1512,1183,712,43,582,1035
809,498,74,35,456,92,357,1993,31,1197,1637,958,8,944,991,1796,1750,2068,1624,791,871
810,498,74,35,1197,1993,8,92,1796,357,456,1637,31,958,861,591,444,2037,2059,1447,823
811,168,1721,1961,274,1672,912,1281,523,474,1042,301,1557,128,95,881,1061,763,1856,1098,1749
812,498,74,35,31,1637,1581,591,1993,456,1197,92,1447,8,357,1796,958,861,2059,174,1214
813,727,221,1833,14,93,1396,749,852,1721,1355,1512,1705,1703,881,582,1183,1764,1856,712,1143
814,168,1961,1721,301,763,852,128,95,1111,840,474,788,1975,1281,727,903,912,274,1649,1856
815,498,74,1993,35,92,1637,31,1197,8,357,456,1796,958,1387,2059,1581,2037,861,1009,591
816,74,498,35,1197,1993,8,92,1796,456,357,1637,31,958,289,2037,1581,1783,1156,44,2034
817,861,1156,1541,498,823,1214,1993,444,74,357,1637,1933,35,1995,8,92,1197,1796,456,31
818,74,498,1993,35,92,31,1637,1197,8,357,456,1796,861,958,444,2037,1387,823,44,1156
819,168,1721,523,1749,1867,1727,903,301,788,1381,1873,1539,93,1557,727,1856,1961,1042,1281,819
820,168,1721,128,711,523,474,852,1749,1961,1281,1557,1143,763,1775,727,1856,546,153,230,358
821,1512,1355,1058,1705,1054,1764,582,1751,1283,1010,128,448,414,1149,1775,727,819,1806,1833,1281
822,944,1750,991,871,2068,1480,1447,591,1581,791,227,1718,806,1559,698,1932,35,237,74,444
823,498,74,35,31,1637,1993,1197,861,1156,456,92,444,8,1796,823,357,1214,1933,1995,1541
824,74,498,92,35,1637,1197,8,357,1993,456,1796,31,958,2059,2037,861,591,44,1447,1581
825,168,1961,1721,852,1856,1749,1649,301,128,523,1381,1539,153,95,1727,1281,247,881,1118,93
826,498,74,1637,31,1993,35,1197,8,1796,92,357,456,958,1581,1779,2059,740,1447,591,861
827,1512,1058,1054,1751,1764,1705,582,1355,1283,1010,128,448,414,43,1149,819,1534,1806,1775,1740
828,74,498,35,1637,31,357,1993,92,456,8,1197,861,1156,1796,444,958,823,289,1214,2037
829,498,74,1993,35,1637,31,1197,92,8,1796,456,357,958,1387,2059,1581,861,1009,591,1447
830,498,74,1637,31,1993,35,1197,8,92,1796,456,357,958,1581,591,861,2037,823,174,289
831,498,74,1637,31,1993,35,1197,8,1796,92,357,456,958,1156,1581,444,861,1541,1214,1933
832,727,221,1833,14,93,1396,749,852,1721,1923,712,1703,43,1844,403,168,594,881,1035,1255
833,498,74,92,1637,31,1993,35,8,357,1197,456,1796,958,1581,861,2037,44,1156,444,289
834,727,221,1833,14,93,1396,749,852,1721,1703,1355,881,168,1923,128,1649,1183,1512,1775,712
835,727,1833,221,14,93,1396,749,1721,852,1355,1703,881,1512,1705,582,168,1923,1255,128,1183
836,498,35,31,1637,74,1993,456,1197,1796,8,357,92,697,591,1447,958,1779,2059,740,1869
837,168,903,1961,301,763,1749,1832,128,1042,1111,840,852,1975,1775,1856,95,1721,727,1143,1649
838,444,861,1156,1541,823,498,1214,1995,1933,74,357,1637,35,92,1993,8,31,456,1796,958
839,168,711,1721,1749,1281,1143,153,852,128,763,903,1961,1775,274,95,523,474,364,788,1098
840,498,1993,35,31,1637,1197,1951,92,74,740,1779,1387,8,117,1796,456,1009,357,958,2059
841,727,221,1833,14,93,1396,749,852,1721,1355,1512,1705,1703,881,582,1183,1764,1856,1143,1751
842,498,74,35,1197,1993,8,92,1796,357,456,1637,31,861,958,444,2037,823,44,1156,1214
843,301,1721,1183,1355,1283,582,109,1512,1764,1058,1054,1010,168,727,1108,621,1844,299,1851,1592
844,74,498,92,35,1637,8,357,1197,1993,456,31,1796,958,2059,2037,861,591,44,1447,1581
845,498,74,1637,31,1993,35,1197,8,1796,92,357,456,958,2059,1156,1581,444,861,591,1447
846,498,74,1637,31,1993,35,1197,8,92,1796,357,456,958,861,444,2037,823,1581,44,1156
847,444,1156,823,861,958,1214,1995,1541,498,1993,74,357,1637,35,8,1933,92,1197,2037,1796
848,1721,301,1183,221,1557,65,224,109,474,727,14,93,358,1833,168,523,912,1355,575,1672
849,944,1750,991,871,2068,1480,1447,591,1581,791,227,1718,806,1559,698,1932,35,237,74,444
850,168,711,1961,1749,301,763,1721,1281,1143,903,128,1775,95,1111,840,1975,727,1649,1856,788
851,74,498,92,35,1637,8,357,1197,1993,456,1796,31,958,2037,44,1581,289,444,861,591
852,74,35,498,1637,357,1993,958,92,456,8,1197,1796,289,31,2037,44,1541,1156,861,444
853,727,1833,221,14,93,1396,749,852,1923,1721,1751,582,1512,1255,43,1725,1355,1703,128,881
854,498,74,35,456,92,357,1993,31,1197,1637,958,8,944,991,1796,1750,2068,1624,791,871
855,1447,944,871,74,1480,591,861,2068,2054,991,823,357,958,1197,1750,444,791,498,1993,1937
856,1721,301,1183,221,1557,1355,1283,582,65,224,474,727,109,14,93,358,1833,1512,1764,168
857,498,74,35,357,456,1637,92,8,1796,1993,1197,31,861,958,444,2037,823,44,1156,1214
858,498,74,35,456,92,861,357,1993,31,1197,1637,958,8,2037,823,1796,44,1156,444,1581
859,74,498,35,1197,1993,8,92,1796,456,357,1637,31,444,861,1214,1156,1995,1541,958,1933
860,168,903,1721,852,763,1961,1856,1649,1539,128,523,474,1186,819,1775,301,1557,1281,1143,1672
861,498,35,357,74,8,1637,456,1993,92,1796,1197,31,1156,958,444,861,1995,823,1541,1933
862,498,74,35,31,1637,1993,456,1197,92,8,357,1796,740,958,1387,117,2059,1779,1951,1447
863,301,1721,1183,109,1764,1355,582,168,727,299,763,221,1396,1283,1111,1923,376,1260,93,749
864,727,221,1833,14,93,1396,749,852,1721,1751,582,1512,1255,43,1725,1355,128,712,1856,1705
865,498,74,35,357,456,1637,92,8,1796,1993,1197,31,861,958,444,2037,823,44,1156,1214
866,35,1951,498,740,1779,1387,74,117,1637,1993,1009,1197,456,31,8,357,1796,92,958,1064
867,1993,35,498,74,31,1197,92,8,1637,1796,357,456,861,958,444,2037,1387,823,44,1156
868,727,221,1833,14,1396,93,749,852,1721,1703,881,168,1923,128,1649,1183,712,738,43,236
869,1993,35,498,31,1197,92,74,1637,8,1796,456,357,740,1387,117,2059,1779,1951,861,1009
870,498,74,35,31,1637,1993,1197,456,92,8,1796,357,2059,1156,1541,861,444,591,1447,1214
871,35,498,74,1637,806,1718,1993,1064,1197,456,1684,31,8,375,1018,357,1796,92,861,1156
872,498,806,1718,1064,74,35,1684,456,92,375,1018,357,1993,31,1197,1637,958,8,944,991
873,168,1721,1961,1856,1749,523,1649,364,1867,1727,1042,852,128,1775,95,1873,1143,763,93,1557
874,168,1721,852,1961,1856,1281,1832,903,95,128,881,763,1098,1749,1727,437,788,247,1649,749
875,727,1833,221,14,93,1396,749,852,1721,1923,881,1703,1255,1775,1183,712,43,168,1355,1035
876,498,74,35,456,92,357,1993,31,1197,1637,958,8,1796,1581,591,1684,806,1718,375,1064
877,727,221,1833,14,93,1396,749,852,1721,1355,712,1703,1512,1775,881,43,168,582,403,1764
878,944,871,1750,1541,991,1684,444,2068,1480,1156,1064,861,791,1995,591,1447,1214,1194,806,1018
879,168,128,1856,763,852,1721,1961,474,1143,711,1775,727,1649,1281,95,221,1727,301,1749,523
880,168,1721,852,763,1961,1856,1649,128,95,301,788,153,1727,1143,1042,247,93,1832,1749,1111
881,498,806,1718,1064,74,35,1684,456,92,375,1018,357,1993,31,1197,1637,958,8,1796,1581
882,168,440,613,1192,1186,903,1721,95,274,255,788,609,852,1281,483,523,474,1961,1143,1856
883,498,74,1637,31,1993,35,1197,8,92,1796,357,456,958,861,444,2037,2059,823,1581,44
884,498,74,1637,31,1993,35,1197,8,92,1796,456,357,958,1581,591,861,2037,1447,823,174
885,727,221,1833,14,93,1396,749,852,1721,1703,881,168,1923,128,1649,712,1183,1740,43,738
886,498,74,35,456,92,357,1993,31,1197,1637,958,8,1796,1581,591,1684,1718,806,375,1064
887,498,74,92,35,1637,31,8,357,1993,1197,456,1581,1796,591,1447,958,861,1779,2037,174
888,168,1405,1557,1721,523,474,274,1672,819,1749,128,1873,749,546,65,301,912,358,881,852
889,498,74,1637,31,1993,35,1197,8,92,1796,357,456,958,861,444,2037,823,1581,44,1156
890,168,1721,1405,1557,523,474,1961,274,1672,912,819,1281,852,1873,1867,1727,749,546,128,95
891,727,221,1833,14,93,1396,749,852,881,1721,1703,1255,1775,1740,1183,712,43,1355,1035,1649
892,168,1721,1961,852,763,274,1672,1856,912,523,1649,474,364,128,301,1557,95,153,1042,358
893,727,221,1833,14,93,1396,749,852,1923,1721,881,1703,109,1740,43,168,1183,1844,1118,236
894,168,1721,1749,128,95,301,274,474,852,1281,523,903,1381,912,1143,1539,763,1856,364,1961
895,498,74,1637,31,1993,35,1197,8,92,1796,357,456,958,861,444,2037,823,1581,44,1156
896,498,74,35,357,8,1637,456,1993,31,1197,92,1796,958,2037,1581,289,823,861,1214,444
897,35,1637,1796,74,357,1197,92,8,498,456,31,1993,861,1156,444,823,958,1214,1933,1995
898,301,1721,1183,1355,1283,582,109,1512,1764,1557,1058,1672,1054,1010,168,474,1108,621,1844,546
899,301,1721,1183,1355,1283,582,1512,1764,1058,109,1054,1010,168,1108,621,1844,1289,1851,1592,759
900,301,1721,1183,1355,1283,582,1512,1764,1058,109,1054,1010,168,1705,364,1751,128,299,440,1793
901,35,498,74,1637,1993,1197,456,31,8,357,1796,92,958,1447,591,2037,1581,289,823,861
902,498,74,35,31,1637,1993,1197,456,92,8,1796,357,861,444,2059,1156,823,591,1995,1447
903,168,1856,1961,727,1281,1721,523,1749,274,128,95,852,881,1727,474,763,1143,1098,1672,819
904,727,221,1833,14,93,1396,749,852,1721,1703,881,168,1751,1923,582,1512,128,1255,1649,43
905,727,1833,221,14,93,1396,749,852,1721,1355,1512,1705,1703,881,582,1183,1764,1856,1143,1751
906,168,1721,711,1961,852,1749,1856,1281,1143,1649,763,364,1775,274,95,523,474,1381,1539,1042
907,727,221,1833,14,93,749,1396,852,1721,1751,582,1512,1255,43,1725,1703,1355,1740,128,881
908,301,1721,1183,1355,1283,582,109,1512,1764,1058,1054,1010,168,727,299,1705,364,221,1751,1396
909,498,74,1637,31,1993,35,1197,8,1796,92,357,456,944,958,871,1750,991,1581,2068,1480
910,1156,444,357,823,1214,8,35,861,1637,92,1541,1995,74,498,1933,1993,31,1796,1197,456
911,727,221,1833,14,1396,93,749,1721,852,1703,1355,881,168,1923,128,1649,1183,1512,1775,738
912,498,74,35,357,456,1637,92,8,1796,1993,1197,31,861,958,444,2037,1156,823,44,1214
913,1588,561,156,799,327,1322,1621,513,1640,171,2034,1699,1969,571,1440,958,1783,934,1511,23
914,1058,1054,1705,1512,1764,582,1355,1751,1283,1010,1149,448,414,128,1775,1588,43,1806,1118,1577
915,74,861,92,31,1637,444,357,1993,35,1156,823,1541,1796,498,1995,1197,8,1214,1933,456
916,168,903,440,613,1192,1186,1961,1539,474,819,1775,1721,255,609,523,1061,483,1856,1557,1281
917,498,35,31,1637,1951,74,1993,740,1387,1779,456,1197,1009,117,1796,8,357,92,2059,861
918,301,1721,1183,1355,1283,582,109,1512,1764,1557,1058,1672,1054,1010,474,168,727,1289,546,65
919,727,221,1833,14,93,1396,749,852,1721,1923,712,43,1703,1844,403,77,1355,594,881,1035
920,168,1721,171,7,513,1783,1581,711,2034,327,852,523,474,799,1749,410,255,1961,1281,1557
921,498,806,1718,1064,74,35,1684,456,92,375,1018,357,1993,31,1197,1637,958,8,1796,1581
922,168,1721,523,474,1961,1557,763,1281,1856,546,230,128,358,1520,1183,274,301,912,224,95
923,498,35,31,1637,74,1993,357,456,1197,92,8,1796,861,958,444,2037,823,44,1156,1214
924,498,35,31,1637,1951,74,1993,740,1387,1779,456,1197,1009,117,1796,8,357,92,2059,861
925,498,35,31,1637,1951,74,1993,740,1387,1779,456,1197,1009,117,1796,8,357,92,958,2059
926,1512,1054,1058,1751,1764,1705,582,1355,1283,1010,1149,448,414,128,43,1534,819,1588,1806,1775
927,727,1833,221,14,93,1396,749,852,1721,1355,881,1512,1705,1703,582,1255,1183,1764,1775,1856
928,74,498,1993,35,92,31,1637,1197,8,357,456,1796,958,1387,2059,2037,861,1009,591,44
929,498,74,1637,31,1993,35,1197,8,1796,92,357,456,958,1581,861,1156,444,823,2037,1541
930,301,1721,1183,1355,1283,582,109,1512,1764,1557,1058,1672,1054,1010,474,1289,546,65,1705,763
931,168,1721,852,1856,1749,523,95,1961,474,1381,912,763,274,1539,1672,819,749,1727,1281,727
932,498,74,35,456,92,357,1993,31,1197,1637,958,8,1684,1796,861,1064,1581,1718,591,806
933,806,1718,1064,1684,375,1018,35,74,1197,1637,1993,991,1581,92,861,357,31,1750,237,1796
934,498,35,31,1637,74,1993,357,456,1197,92,1796,8,958,591,1779,1447,2059,740,697,174
935,727,1833,221,14,93,1396,749,852,1721,881,1355,1703,1255,1775,1512,109,1183,712,43,168
936,301,1721,1183,109,1557,1764,1672,1355,474,582,168,727,299,546,65,221,1283,1396,1649,759
937,498,74,1637,31,1993,35,1197,8,1796,92,357,456,958,2059,1581,1447,591,861,1214,1933
938,168,763,1961,1856,1649,1721,852,128,523,301,1061,1672,819,474,1143,95,1650,1557,274,1927
939,498,74,1637,31,1993,35,1197,8,92,1796,456,357,958,1581,1779,591,2059,740,1447,861
940,498,35,1637,1796,31,74,1993,357,1197,92,8,1156,456,444,823,1214,861,1541,1995,958
941,727,1833,221,14,93,1396,749,852,1721,1355,1512,1705,1703,881,582,1183,1764,1856,1143,1751
942,168,1721,1856,523,474,727,1961,1557,763,1749,546,230,358,1520,1183,274,912,224,95,711
943,168,903,1721,523,1867,1727,95,274,474,852,1281,1856,1961,912,1873,1143,93,1557,727,1725
944,727,221,1833,14,1396,93,749,852,1721,881,1703,109,712,43,168,1183,1923,236,1844,990
945,498,861,74,35,31,1156,1637,444,357,92,1993,823,456,1214,1197,8,958,1541,1995,1796
946,727,221,1833,14,93,1396,749,852,1721,1703,881,168,1923,128,1649,1183,1740,738,1856,1844
947,1058,1054,1705,1512,582,1751,1355,1764,1283,1010,1149,128,448,414,1775,819,1806,1588,43,1281
948,498,74,92,1637,31,1993,35,8,357,1197,456,1796,958,861,444,2037,823,1581,44,1156
949,301,1721,1183,109,1355,1764,168,1512,582,299,763,1283,1793,759,1260,1010,749,1058,43,1054
950,168,1961,852,301,763,1721,523,128,1111,840,788,1975,727,1649,153,1672,819,474,1042,1650
951,1512,1355,1058,1705,1054,1764,582,1751,1283,1010,128,448,414,1149,727,819,1806,1775,1588,43
952,168,1961,852,301,763,1721,95,128,1111,840,788,1975,727,403,1649,153,1856,1042,1832,1921
953,806,1718,1064,1684,375,1018,991,1581,861,1750,237,2068,677,2059,944,1133,1995,1156,444,1438
954,498,1993,35,74,31,1197,1637,92,8,1796,456,357,958,1387,1779,1009,1951,2059,740,1447
955,727,221,1833,14,93,1396,749,852,1721,1703,881,168,1923,128,1649,1183,109,712,738,43
956,727,221,1833,14,1396,93,749,852,1721,881,712,1703,109,43,1183,403,77,1923,1355,168
957,498,74,1637,31,1993,35,1197,8,92,1796,456,357,958,1581,861,2037,823,289,44,1156
958,727,221,1833,14,93,1396,749,852,1721,1751,582,1512,1255,43,1725,1703,1355,1740,128,712
959,168,1405,1557,1961,1856,523,301,474,763,274,1672,819,1749,1873,749,128,546,1111,840,65
960,727,1833,221,14,93,1396,749,852,1721,881,1703,1751,582,1255,1512,43,1775,1725,1355,109
961,168,1721,727,1749,903,301,274,852,1281,523,474,1381,1143,1539,1856,1961,1832,788,1098,912
962,301,1183,1721,1355,1512,168,109,1108,621,1844,1851,1592,759,763,93,582,1275,122,1283,1764
963,727,221,1833,14,93,1396,749,852,1721,881,712,1703,109,1740,43,1183,403,1923,168,1844
964,727,221,1833,14,93,1396,749,852,1721,1703,881,168,1751,1923,582,1512,128,1255,1649,43
965,498,35,31,1637,74,1993,456,1197,1796,8,357,92,958,1779,2059,740,1447,591,1387,823
966,727,221,1833,14,1396,93,749,852,1721,1703,1355,881,168,1923,128,1649,1183,1512,1775,712
967,498,35,31,1637,74,740,1993,1779,117,456,1197,1387,1009,1796,8,357,1951,92,958,2059
968,727,1833,221,14,93,1396,749,852,1923,881,1721,1703,1255,1775,1183,712,43,1355,1035,1844
969,168,327,513,7,171,799,2034,1783,1721,410,1588,523,474,790,1961,1921,1143,1557,763,1856
970,727,221,1833,14,93,1396,749,852,1721,1923,1703,1740,881,712,168,1844,77,43,236,1355
971,168,711,1961,1749,301,763,1281,1143,95,128,1775,1111,840,474,788,1975,727,912,274,1649
972,168,1961,95,1042,474,301,523,1061,912,1856,274,613,166,1721,1281,1927,483,247,1749,1650
973,806,1718,1064,1684,375,1018,35,74,944,991,1197,1637,1750,1993,2068,92,357,31,1624,791
974,727,221,1833,14,93,1396,749,852,1721,1703,881,168,1923,128,1649,712,1183,1740,43,738
975,168,763,1961,1749,1856,1649,128,95,903,301,1061,1381,1721,1539,1143,788,1281,274,474,1118
976,74,498,35,1197,1993,8,92,1796,456,357,1637,31,958,2059,861,591,1447,1581,1214,1933
977,727,221,1833,14,93,1396,749,852,1721,1355,1923,1512,1705,1703,881,582,1183,1764,1856,1143
978,727,221,1833,14,1396,93,749,852,1721,1703,881,168,1923,128,1649,1183,712,738,43,1118
979,727,221,1833,14,93,1396,749,852,881,1721,1703,1751,582,1255,1512,43,1775,1725,1355,1740
980,74,498,92,958,35,8,1581,357,456,1637,44,1993,1197,2037,1796,31,591,289,174,1447
981,498,74,35,31,1197,1637,1993,8,92,1796,357,456,861,958,444,2037,823,44,1156,1214
982,301,1721,1183,1355,1283,582,1512,1764,1058,109,1054,1010,1289,1705,763,1108,671,364,1751,1851
983,727,1833,221,14,93,1396,749,852,1721,1923,881,1355,1703,1255,1775,712,1512,1183,43,582
984,1684,1718,1064,991,1581,861,1750,237,806,2068,1018,375,2059,944,1995,1156,444,677,1438,871
985,168,440,763,613,1721,1192,1186,1961,1856,1649,128,301,95,274,255,609,852,1281,483,523
986,168,440,1721,613,1192,1186,852,128,523,903,255,609,1281,483,1961,1672,819,763,474,364
987,727,221,1833,14,93,1396,749,852,1923,1355,1721,881,1512,1703,109,1775,43,1183,582,712
988,727,221,1833,14,93,1396,749,852,1721,1703,1740,712,1183,881,43,1118,168,1923,1844,1111
989,1721,301,1183,221,1557,65,224,474,727,14,93,358,1833,168,523,912,1355,575,546,1512
990,727,221,1833,14,93,1396,749,1721,852,1355,1703,1923,1512,1705,881,582,168,128,1183,1649
991,727,221,1833,14,93,1396,749,852,1721,1703,1355,881,168,1923,128,1649,712,1183,1512,1775
992,727,1833,221,14,93,1396,749,852,1721,1703,881,168,1751,1923,582,1255,1512,128,1649,43
993,498,74,35,357,456,1637,92,8,1796,1993,861,1197,1541,31,444,1214,958,1995,823,1156
994,498,35,31,1637,74,740,1993,1779,117,456,1197,1387,1009,1796,8,357,1951,92,958,2059
995,168,327,513,7,171,799,2034,1783,1721,410,1588,790,1921,1143,523,1749,153,852,128,1867
996,74,498,35,1197,1993,8,92,1796,456,357,1637,31,958,861,2037,444,2059,44,289,1156
997,498,74,1993,35,1637,31,1197,92,8,1796,357,456,958,1387,1581,1779,1009,1951,2059,740
998,168,711,1961,1749,1856,1281,1143,1649,153,852,763,364,1042,1775,95,788,613,166,1186,301
999,498,74,35,31,1637,1993,92,456,8,357,1197,1796,958,2037,2059,44,289,861,591,1447
