0,174,823,1541,1869,444,1995,1342,861,99,1156,846,1214,465,1781,1046,1719,1066,995,1097,990
1,1156,498,861,444,1995,823,8,1197,74,1993,35,357,1214,1541,1796,1637,31,456,1933,92
2,944,1480,991,791,581,2054,871,846,99,861,1581,1750,227,1652,444,174,1350,2012,1522,942
3,327,2034,513,7,799,171,1783,1588,410,174,1440,1322,1214,1640,1332,1781,2054,1699,1201,1995
4,1156,1995,1541,861,823,1933,444,174,1214,1869,958,1993,498,8,357,2013,35,1197,1581,1796
5,7,1320,171,299,253,648,483,1322,327,440,2034,541,613,1183,1910,1853,1856,817,77,1186
6,958,1869,1541,174,1581,1995,357,444,861,1156,1933,99,1796,1993,1056,227,2054,1214,2034,823
7,1009,8,498,92,74,456,31,1637,357,1796,740,1387,1993,1197,117,1951,35,1779,289,958
8,227,1511,1384,798,193,934,571,262,794,442,1969,790,1588,609,696,1567,1023,126,1032,23
9,958,1869,174,8,1796,1156,444,2054,357,1933,1993,1541,498,823,74,456,289,1995,35,1350
10,1844,172,621,729,759,1592,1793,1219,422,839,594,1851,1035,521,2043,905,1108,1255,679,528
11,1480,991,944,2068,791,871,1750,621,591,1898,942,839,846,1652,1276,2012,236,1255,122,594
12,1995,1214,1156,823,1933,861,1541,444,174,958,8,357,74,35,1993,1796,1869,1439,92,498
13,44,2037,1350,2054,1937,1973,410,289,1404,727,221,364,1439,958,1964,253,713,483,91,1207
14,1869,174,581,262,1781,870,1621,1583,1511,697,23,1322,195,205,99,1712,1581,571,68,1921
15,44,376,1577,1372,753,840,1200,105,442,684,145,91,20,1023,1559,960,1921,1964,916,437
16,1588,410,513,171,2034,327,799,1214,7,1783,1719,1712,227,581,1581,1156,174,99,1201,444
17,1156,444,1995,1933,861,823,1214,1541,174,1869,958,1993,498,1581,8,1719,357,2013,35,697
18,1814,958,2037,44,1719,1927,1261,1097,498,1061,21,1056,1492,1796,513,327,1046,1697,1197,99
19,963,691,531,1692,1624,719,434,912,819,1684,948,200,1870,806,670,1529,65,1520,991,1064
20,174,1869,410,1712,1588,195,823,262,571,794,23,1214,205,697,2013,156,1995,327,934,1541
21,1993,498,8,1796,74,35,31,357,456,1197,1637,92,958,1156,444,1933,1995,861,1541,1214
22,2013,1869,174,23,794,571,405,156,195,262,1969,193,205,1384,934,99,1583,581,787,1588
23,991,944,871,791,1480,1750,2068,1447,174,444,1869,2054,958,591,823,1652,227,1581,861,1350
24,571,23,934,205,794,195,193,1511,156,262,1384,1969,798,1588,410,995,958,1342,787,1586
25,171,712,1783,7,327,513,799,2034,1400,43,168,442,1588,77,1372,364,376,1806,544,1533
26,8,1995,1156,1796,958,357,1214,1993,289,498,74,444,456,35,1581,861,1197,92,1541,31
27,1557,1873,912,274,670,474,1405,224,575,731,523,1520,200,65,1529,546,358,948,1534,819
28,2054,958,1937,1350,74,1581,498,8,1993,357,289,1869,1796,31,174,456,1637,35,870,99
29,958,1781,44,2013,174,995,1581,1869,1322,99,465,581,410,1046,804,2037,1932,113,1586,1440
30,174,1869,444,1156,1995,861,823,1541,410,1933,1214,1588,1712,1581,958,2013,2054,1350,1322,1440
31,1869,174,1511,113,2059,1583,698,790,696,193,1915,960,1384,1342,804,68,909,1032,195,405
32,1133,677,375,1018,1718,806,1064,1684,74,357,1197,8,1993,1796,92,35,871,1637,498,1750
33,1640,958,2037,1581,613,1461,1440,561,6,44,609,1699,591,1056,1322,1192,2054,1100,2025,1447
34,7,513,2034,1588,1783,327,171,410,799,1581,1712,1206,1541,861,590,1933,525,787,44,1921
35,7,2034,1783,799,513,171,1588,327,1712,1581,410,581,99,1322,1869,1640,6,1350,2054,174
36,621,594,871,944,422,1844,791,729,172,759,1800,227,1652,2012,1522,1255,1480,905,679,528
37,896,1098,648,1268,1183,1346,1853,712,43,1725,1118,1427,613,1749,299,1775,109,460,1461,1950
38,958,35,1993,498,1197,8,1796,1995,357,1156,74,1640,31,174,456,1214,92,1637,1699,1869
39,1833,727,221,14,93,749,1396,852,1183,1725,1853,301,881,1958,1320,403,1721,541,210,2037
40,1058,1705,1355,1764,1010,1512,1054,582,1751,1283,414,1806,1149,448,1143,1381,1749,711,1775,1539
41,1009,1951,1387,1779,740,117,602,483,609,289,35,1194,255,692,1853,731,1796,376,357,498
42,174,1869,99,2034,405,1322,1621,1440,581,1640,444,1156,1581,787,1995,1583,1588,1699,513,171
43,2034,1588,513,410,327,171,7,1783,799,1581,1712,440,1541,861,1713,590,1933,525,787,2002
44,1993,498,357,1796,35,31,74,8,1637,92,1197,456,958,289,1541,444,1156,1995,1214,174
45,1350,2054,1621,561,1440,1933,861,1581,1640,74,444,581,1322,1201,1995,1332,823,99,1156,6
46,1439,1712,958,2013,1404,1937,995,1973,1206,1350,1954,787,2054,1915,1261,524,1101,145,804,253
47,1512,1058,1705,1355,1764,1054,1283,582,1751,1010,414,1806,448,1143,1775,1149,711,1381,1281,1592
48,128,712,763,1054,1010,43,1355,881,1856,1705,1283,582,1058,358,1721,1149,1649,738,1118,1751
49,787,1022,405,1583,1308,116,1581,1621,1869,870,1870,465,1384,1322,1712,2013,581,99,1586,995
50,498,8,1796,357,1993,35,74,456,31,1637,92,1197,444,1156,958,1995,823,1541,861,1933
51,1512,1705,1058,1764,1054,1283,1355,1010,1751,582,414,1806,448,730,1143,1149,1775,711,1381,763
52,787,1583,405,1022,1308,1870,799,2034,513,1783,116,171,7,1581,327,794,1640,2013,1588,156
53,1588,410,2034,7,513,327,799,1783,171,1581,1712,168,440,2002,787,1192,1545,483,377,1921
54,1995,823,1156,444,1214,861,1541,1933,958,1993,498,8,31,456,357,174,1197,35,1796,1869
55,498,8,1197,92,1993,174,456,357,31,74,35,1796,1869,958,2054,1440,1322,1637,1581,99
56,1699,1640,1440,1621,6,561,1869,1322,174,591,787,405,1583,2013,1447,23,581,1870,195,99
57,74,498,1993,35,1796,8,92,456,357,1197,31,1637,958,1557,289,1387,1873,912,274,670
58,410,1588,1640,958,1621,1699,1322,174,1440,697,2034,1712,262,171,571,327,2013,227,475,205
59,1447,591,995,804,1586,1932,113,1284,465,1046,696,1023,1342,68,524,1440,1144,1581,1915,561
60,1439,1973,1404,1156,1933,823,581,1480,944,1781,174,1214,1719,1995,99,444,713,861,791,1750
61,1588,410,513,327,171,581,1712,2034,99,1206,7,405,799,1781,1719,1783,753,44,1097,870
62,1058,1705,582,1512,1764,1355,1751,1010,1283,1054,414,1806,448,1149,1381,730,1143,1281,763,1867
63,991,1480,944,791,871,1750,581,2068,591,846,1869,1447,99,174,1652,227,1276,870,1583,1488
64,21,1814,958,2037,1927,1061,1261,44,1697,1719,498,1492,1056,1796,1097,1046,1197,99,1948,8
65,958,8,498,1796,44,357,35,1993,74,1197,1869,2037,456,92,1637,174,31,2013,1156,444
66,1844,729,422,1219,1035,528,1800,905,1851,172,1275,621,521,1108,1255,759,594,1592,2043,839
67,327,513,2034,1783,799,171,7,1869,1322,174,1440,1640,289,44,1699,6,960,561,1712,1781
68,2034,1588,410,327,171,581,7,1783,799,513,99,1937,2054,1581,405,1781,1583,870,1350,1206
69,1512,1355,1764,582,1054,1705,1010,1283,1058,1751,414,1806,448,1149,730,738,1281,1381,888,1539
70,1156,1995,861,444,1541,823,1933,958,1214,174,1869,1581,99,2013,525,1993,498,1796,1640,1440
71,171,7,799,327,2034,1783,513,1588,410,1581,1350,581,99,1322,2054,1937,918,1201,1332,1699
72,498,8,1796,357,1993,958,35,1869,74,456,174,31,1637,444,92,1197,2037,1995,2013,1541
73,958,456,31,35,2037,498,8,92,44,1993,1197,1796,289,74,357,1995,1637,444,1541,740
74,1581,1869,1322,99,2054,1699,581,787,174,1640,405,1621,1440,1781,2013,1583,958,6,1712,410
75,357,1993,498,35,74,1796,8,1197,31,1637,92,456,958,1995,444,1156,1541,861,1214,1933
76,1447,1770,871,991,944,846,1522,1480,1750,1488,236,2012,1652,1995,1156,888,227,378,174,444
77,174,823,1541,2054,1869,1440,1322,697,444,410,99,1995,1712,861,1640,1156,1783,1621,1214,1781
78,7,174,513,410,327,1588,1783,799,2034,171,1869,1699,1332,1712,262,227,1056,1781,1719,1201
79,977,444,1541,1156,2054,958,1995,99,1350,1781,1933,1869,861,1719,1097,174,1937,870,1322,1214
80,958,1993,498,8,74,357,444,1995,44,456,1933,2037,1796,31,35,1197,1214,92,1637,1156
81,1869,174,1699,6,1640,1621,1440,1322,195,205,156,525,23,561,794,934,410,1870,2054,1511
82,513,7,2034,171,327,1783,799,410,1588,1332,6,1322,1640,1699,787,918,268,1713,697,1937
83,2034,410,513,1581,1588,7,327,171,799,1783,2054,1937,1719,1097,1712,1332,405,1583,581,1350
84,1480,991,944,871,1750,2068,791,839,594,422,621,122,1018,1718,1898,1255,375,1800,759,2043
85,1322,1699,1440,561,6,1640,1621,289,99,513,1350,1583,2034,787,2054,1712,799,1056,870,958
86,168,298,698,1856,1023,113,524,1932,1308,916,475,909,804,1342,1284,1870,1046,1032,697,116
87,991,944,791,871,1480,1750,2068,1447,1581,227,375,581,99,1933,1652,918,1064,1350,591,990
88,2034,1699,1581,1869,174,799,1640,787,7,697,1588,1583,116,1783,513,1621,410,1322,581,1870
89,224,575,1557,1529,731,1873,912,200,474,523,1405,670,546,1534,1672,65,1520,948,274,819
90,1624,1652,1750,531,74,2068,434,942,944,791,871,1480,1064,719,991,1488,846,963,1684,1770
91,410,1588,753,253,1585,965,44,7,1252,513,1206,977,2012,138,268,990,590,236,1509,1315
92,1512,1355,1764,1054,582,1705,1283,1010,1058,1751,414,1806,448,730,1149,1281,1381,963,711,1775
93,8,498,1796,357,35,1993,74,1197,456,92,1637,31,958,289,1948,174,1995,1156,1322,1814
94,1995,1156,444,861,1214,1541,1933,823,958,2013,174,1869,35,1719,357,44,1796,1993,1438,1100
95,410,1588,440,7,483,268,255,1186,1192,1640,2034,262,613,794,648,609,1783,1511,697,193
96,1933,444,1214,1995,174,410,227,1156,1781,1588,823,581,942,990,1869,1652,2054,99,958,2013
97,410,227,1588,525,571,1581,23,1097,205,1719,193,262,195,1781,2054,1712,1511,942,794,1384
98,498,1796,8,357,35,1993,74,1197,456,92,1637,31,1156,958,1995,444,861,1541,289,174
99,1719,799,410,171,513,1783,7,2034,1097,327,268,1100,1588,1201,1921,364,440,686,896,227
100,727,93,221,442,541,168,193,1853,197,1201,262,77,23,344,1783,934,1910,14,684,1200
101,2054,1350,1332,1712,513,2034,918,1973,1583,787,1201,1699,405,1995,1581,1440,1404,327,6,1621
102,1156,444,1995,1933,861,823,958,1214,1541,498,44,8,1796,357,1993,1869,35,289,1056,456
103,958,174,1995,1156,1640,227,498,1993,1948,99,1214,1322,1637,1869,1350,444,8,31,1440,1933
104,791,944,1480,871,991,1750,2068,444,1156,1933,1581,1995,174,861,823,942,1652,1214,1869,1541
105,958,1581,2013,1933,1156,44,1869,525,1541,1056,823,444,861,1993,327,1214,977,2034,174,498
106,958,444,1933,1056,1156,44,861,823,2013,1541,1214,1581,2037,1995,1719,174,942,498,99,1342
107,513,1954,1581,128,1712,602,43,1332,1973,7,712,1672,896,1873,1405,1336,918,787,1865,1516
108,1009,1951,740,117,1387,1779,483,609,1186,255,153,1260,613,1192,120,820,1089,967,344,265
109,74,1440,8,357,1796,31,1869,1993,1699,289,1322,6,92,227,35,456,942,236,498,1332
110,944,991,1480,1750,871,2068,791,839,1652,594,1255,422,806,172,729,621,1488,1898,1770,1035
111,958,1156,1995,444,174,861,1933,1869,823,1581,1541,1214,1056,99,410,44,1588,2037,2013,990
112,1588,410,174,1869,958,513,1447,861,1097,327,444,1781,581,1640,1541,1350,1995,2034,697,99
113,113,2059,1023,1567,1066,1342,698,68,524,1586,1144,298,465,1932,909,916,1046,1284,475,995
114,7,513,327,1320,2034,799,44,171,1973,1783,1404,727,1950,410,14,1588,268,253,684,1964
115,498,8,1796,357,1993,35,74,1197,456,92,1637,31,958,1387,444,174,1869,1779,1995,1541
116,410,1588,7,1206,650,2034,93,1783,1719,1634,1251,1149,727,513,965,1833,1439,1509,1268,227
117,958,1197,498,174,1993,8,92,1869,23,990,456,74,357,1652,31,227,35,1719,410,846
118,375,823,444,1933,861,1156,677,1995,1718,806,1541,174,1684,1214,1133,227,1064,357,1869,791
119,1156,1995,861,823,1933,1214,1541,444,1581,958,2013,1770,1522,174,236,1488,1652,888,990,942
120,1588,410,174,1869,787,1583,405,99,581,1214,1712,513,327,171,1022,1995,2013,1973,697,1581
121,1833,727,221,14,93,1396,749,852,1725,1664,881,337,582,1183,1703,301,1923,1400,1118,541
122,1993,498,8,74,357,958,456,1869,1796,31,35,1197,174,92,1637,444,2037,1995,2013,1541
123,74,456,8,1197,31,498,1993,92,357,1796,1637,35,1350,2054,444,581,1097,227,99,958
124,498,74,1796,8,92,456,357,1993,1197,31,1637,35,1387,1779,1951,1009,289,958,740,99
125,1581,1322,6,1640,1621,99,1699,1440,1284,1332,1308,561,1869,1870,823,44,7,1712,513,2034
126,410,1588,44,2034,1712,268,1350,2054,7,1097,247,581,1719,1783,1937,870,753,1232,1100,99
127,1387,1779,1951,1009,591,740,1440,1447,74,117,227,1350,8,1684,357,1796,806,289,31,1869
128,44,2054,1350,1056,1937,1869,2037,174,1322,697,1781,1581,870,1640,410,581,609,1022,1583,1440
129,1993,1156,958,1995,498,1541,823,861,1933,8,444,174,74,357,1214,456,1796,31,35,1197
130,591,1447,1156,1933,823,861,1214,1541,791,1995,444,2054,1581,1750,944,991,1480,871,1870,174
131,498,1993,35,1796,456,357,8,74,92,1637,31,1197,958,1995,444,1156,1541,861,1214,1933
132,727,14,1833,221,93,852,1438,1396,237,749,941,1017,2070,1320,403,1183,891,1499,1286,1954
133,1545,1056,1308,1132,1619,20,247,364,1667,1274,1713,1634,686,1404,1206,1665,1336,529,2034,145
134,1009,1387,1951,117,1779,740,227,791,1480,944,1652,1750,991,871,74,942,1194,1350,1488,846
135,958,444,1995,823,1214,174,1869,1156,1541,35,861,1933,1197,1097,1993,1637,8,31,1719,357
136,1281,1143,1775,1381,1539,1118,711,1749,738,1211,1664,109,1149,692,650,807,840,1186,299,255
137,1381,1775,711,749,1664,738,337,1211,93,1749,1539,1281,727,1251,650,1958,1833,852,1143,221
138,1588,410,958,174,444,1869,1995,823,1214,1156,1541,35,861,1933,1197,1097,327,1993,1637,2034
139,1844,729,172,621,1219,422,759,1851,1035,594,521,1592,2043,905,1108,1255,839,528,1793,1800
140,958,1995,1156,444,1541,498,1214,861,1933,1993,823,1796,35,1637,8,31,357,1197,456,74
141,1581,1640,1440,581,2054,1350,1322,1781,561,799,6,44,870,174,1621,1712,99,1699,823,2034
142,727,1833,14,221,93,749,1396,852,1054,1775,1118,337,1539,582,1381,1749,1281,1400,711,1355
143,2034,171,1783,513,327,7,799,1588,1581,2054,410,99,581,1621,1322,6,405,1440,1712,561
144,591,1447,1699,1440,561,1322,1640,6,1869,1186,1621,609,227,1022,1350,483,1937,1384,1192,262
145,168,613,440,2034,609,513,1186,255,483,1192,327,1763,1832,960,1950,437,1509,1330,1973,166
146,1058,582,1705,1512,1764,1751,1355,1010,1283,1054,414,1806,1149,448,1381,43,1143,1749,738,1832
147,410,1588,171,2034,327,513,7,799,1511,156,1583,1783,44,440,787,1350,1712,581,1640,1969
148,1725,1400,763,1649,1961,1703,1551,648,95,881,1183,1876,1740,377,1503,403,1856,1268,210,128
149,1588,1581,410,2054,1869,1937,174,1350,1097,1712,1719,2034,1781,934,327,1201,99,444,918,958
150,168,255,609,1186,613,483,440,1192,1973,1439,1954,2070,437,1308,1763,109,249,1400,1951,1821
151,174,799,2034,1712,1621,7,1781,513,171,327,410,1322,1783,581,1699,1869,561,99,1440,1588
152,787,116,1583,1870,1308,697,1869,99,444,405,171,1022,2034,1156,799,1699,870,823,1541,1995
153,1512,1705,1058,1764,1054,1283,1355,1010,1751,582,414,1806,1149,1143,448,1381,43,1775,711,1923
154,944,991,791,871,1750,1480,2068,942,1933,823,846,1276,444,1214,1995,861,1156,1652,174,1488
155,944,1480,621,1898,594,839,759,122,172,1750,1844,991,1793,791,422,871,528,1592,1652,1851
156,1194,944,227,991,791,1750,1480,2068,871,1652,591,1447,1779,1770,846,1488,18,1869,1276,1133
157,1133,677,375,357,174,1018,1718,806,8,1064,1869,1447,74,1993,456,498,444,958,1541,1197
158,2013,1156,444,44,861,1995,823,958,1933,1214,2037,1541,1869,1581,99,1781,174,498,787,1993
159,1869,174,571,156,2013,195,262,23,193,205,1384,794,934,1588,798,1969,1511,958,465,410
160,327,410,513,1588,7,2034,1783,171,799,1869,44,1322,174,1440,2037,1640,289,1699,6,1712
161,1480,944,991,791,1750,2068,871,1447,227,174,375,1522,1869,444,1652,591,1933,1770,806,846
162,513,410,171,1783,327,2034,1440,1640,1621,1588,7,1699,799,6,1350,561,870,1322,1781,958
163,498,8,456,92,74,1197,1993,958,1796,31,1637,357,35,2054,262,1322,1447,174,156,444
164,174,823,1214,410,1588,405,1581,581,1583,444,1156,99,958,2013,1781,1712,1933,861,525,1541
165,7,513,327,1783,799,2034,171,1973,1404,44,410,1588,268,253,1261,1964,896,730,145,1910
166,174,327,1869,171,410,2034,513,7,1783,525,1214,1588,799,444,1712,1995,958,2054,1541,823
167,958,357,1993,498,35,74,1796,8,1197,1995,31,1156,1637,444,1933,92,861,1869,456,174
168,168,613,483,166,440,1763,1186,138,1832,1308,1870,544,2070,1449,763,249,1509,1400,541,1762
169,410,1427,1545,1207,1937,1509,364,1973,1853,727,166,541,249,1351,1725,1439,1910,1100,253,2054
170,1993,958,498,1869,174,8,74,357,1156,444,2054,456,1933,1796,31,1541,35,1197,823,1995
171,1009,1387,1779,740,1951,117,958,1993,498,31,1796,35,1637,357,8,456,74,1995,1948,1869
172,823,1933,942,846,1995,174,861,2012,990,1214,944,227,1541,1522,1712,1276,1156,378,1770,1652
173,958,44,1933,1995,1156,444,823,2037,1652,990,174,227,1719,410,846,2012,498,2013,942,861
174,799,327,171,2034,513,7,410,1588,1783,174,1869,1781,99,581,1719,823,1097,1100,1332,861
175,410,1588,1322,1440,1640,1621,174,958,1284,804,6,1699,2054,1781,1144,696,1869,1342,1586,1932
176,444,1156,1995,823,1541,861,1933,1214,1993,498,357,8,1796,35,958,31,1197,1637,456,92
177,498,8,31,1993,35,74,1796,1637,1197,92,456,357,958,1995,444,1156,1541,861,1214,1933
178,410,1588,171,7,2034,327,1783,1937,2054,799,513,1350,1332,1201,1712,1581,1781,174,581,1322
179,7,2034,513,1783,171,799,327,410,1588,648,787,1583,44,483,1712,440,581,1640,268,1097
180,1712,410,1783,513,1581,2034,7,1921,787,1583,2013,405,171,918,1719,193,1332,1022,1097,799
181,410,1588,7,483,613,440,1621,904,1192,1640,2034,1581,1440,794,1699,1783,268,6,513,965
182,727,221,93,1833,14,1396,749,852,1183,1664,1923,1725,301,1927,941,95,1697,1281,1775,1061
183,168,440,1856,609,1439,2070,483,255,1789,613,1718,437,1954,1821,1186,1400,1703,1950,1404,1763
184,1512,1705,1058,1355,1764,1054,1283,582,1751,1010,414,1806,448,730,1143,1775,1149,711,1381,1281
185,958,444,1995,44,1933,2037,8,1796,498,1214,1156,823,861,357,1541,174,1197,1993,289,35
186,1058,1705,1764,1512,1355,1054,1010,1283,1751,582,414,1806,448,1149,1143,711,1381,1749,1539,1775
187,405,787,1581,1588,1583,958,99,410,1712,1440,697,1156,1022,1869,1995,870,1541,1933,444,861
188,697,1581,2054,791,1750,944,991,1480,227,1869,871,2034,171,174,1937,1719,327,1350,1447,799
189,1058,1705,1512,1355,1764,582,1751,1283,1054,1010,414,1806,448,730,1149,1381,616,1143,1832,1511
190,1640,2034,1621,1699,1322,327,1588,1581,1440,171,513,1783,1712,958,6,799,7,99,410,1583
191,1488,1652,236,1522,1770,1276,2012,990,888,942,846,378,1541,861,525,1933,1156,1995,35,791
192,174,1869,1214,1995,1581,1156,2013,1588,1541,410,823,581,23,861,934,1712,444,2054,195,794
193,74,357,1197,8,1993,1796,806,1814,1684,92,1439,1927,35,1637,498,1064,456,1156,1973,21
194,174,697,1869,2013,1350,2054,727,1937,1973,465,1046,1447,44,2037,995,327,1284,804,489,698
195,168,483,763,613,609,440,255,1449,519,960,2070,1789,1545,1186,1806,1762,166,364,1961,688
196,1640,1621,609,1915,561,1581,958,2037,1461,713,116,1440,6,1973,44,1699,591,1404,1056,1322
197,1512,1764,1705,1054,1283,1355,1010,1058,582,1751,414,1806,448,1149,730,738,1281,43,1381,1539
198,944,871,791,1480,227,174,375,1447,1522,1869,991,1750,444,1652,1933,1770,806,846,1718,861
199,1009,740,1387,1951,117,1779,575,357,1869,74,1750,456,1384,1194,912,274,1624,405,531,787
200,1322,1995,1156,8,958,1796,498,1214,1993,1640,357,444,1699,1621,1581,861,74,6,1541,289
201,174,1869,444,2013,581,1781,1588,1995,99,1933,410,823,1214,934,958,513,1156,870,1056,1097
202,168,738,763,881,2070,1961,437,1667,1545,1923,1789,1351,364,519,301,255,1649,109,648,609
203,7,327,513,1783,410,2034,799,1588,171,1712,960,1541,590,1581,44,1206,1214,377,958,1056
204,1969,1712,23,156,195,410,571,205,1511,1588,2013,934,193,444,405,1384,1583,918,787,116
205,2034,7,513,410,799,171,1783,327,1581,1588,1712,1350,1541,958,2054,1995,2013,1937,1201,896
206,174,171,1588,327,7,513,2034,410,799,1541,1995,861,823,581,1156,1783,1869,444,1933,1214
207,1581,1440,1640,1621,1322,1541,2054,6,823,1699,1447,444,861,591,1937,1933,227,174,410,561
208,1869,1699,174,6,1640,1621,1440,1322,561,525,410,1870,794,23,2054,1937,697,195,581,1712
209,1588,410,327,2034,171,799,7,174,513,2054,1581,1640,1440,1322,1783,1869,1097,1719,1937,1621
210,1588,410,1440,1322,513,1699,561,6,171,1621,1640,327,1783,2034,2054,7,1350,609,1781,613
211,7,327,2034,1783,171,513,799,727,14,1588,1937,410,648,1268,1350,1833,2054,168,1320,730
212,7,513,2034,1783,327,1588,171,799,410,364,590,787,1713,1097,377,44,166,1712,519,1201
213,727,221,1833,14,93,852,1396,749,941,1183,1721,1664,1320,301,1268,1725,1260,1461,820,541
214,958,2037,498,44,1993,8,31,1197,1995,1796,1637,289,357,444,74,35,1541,410,1056,1206
215,2034,1581,7,513,410,799,171,1783,327,1588,1712,581,99,1350,1322,958,1781,1583,2054,405
216,1833,221,727,14,93,1396,749,852,1725,881,582,1118,1183,1539,1703,301,1281,1775,1749,1381
217,1588,410,1869,1322,1699,1621,174,1581,1781,1640,1440,870,561,513,958,6,327,205,475,2034
218,944,991,1480,791,1750,871,2068,1255,1898,422,839,1035,1447,594,621,2043,521,1844,729,1275
219,410,1588,1440,113,1322,465,1869,696,1284,995,804,1932,1144,524,1699,68,1342,1586,1023,916
220,8,498,1796,357,35,1993,74,958,1197,456,92,1637,1869,174,31,1156,444,1541,1995,861
221,1447,591,1640,6,616,1440,1621,1699,561,1783,1883,1322,7,1499,967,1330,1476,799,116,697
222,1869,174,1640,1621,1322,6,1699,327,1440,561,958,444,1156,2054,513,1581,861,1995,2034,2013
223,1581,2054,440,1783,870,255,918,613,1350,1186,609,1332,483,958,1201,799,1447,7,1192,1621
224,582,1705,1512,1764,1355,1010,1058,1283,1751,1054,414,1806,448,1149,738,525,730,43,1281,1381
225,2013,1869,174,444,1995,1156,861,1214,1541,1308,787,823,1933,405,116,958,1022,1583,23,1581
226,958,410,1588,1581,2013,1322,2034,1156,1995,1869,1621,444,99,1640,1440,174,1712,823,327,787
227,944,871,1480,991,791,1750,2068,227,1652,357,942,1933,444,1770,846,8,1995,861,1796,990
228,806,1018,1718,375,1064,1684,621,528,1770,422,1275,1800,1447,871,991,594,839,944,2043,729
229,1588,410,327,2034,799,7,513,174,444,1214,1783,1156,227,1869,1933,861,1522,958,171,1350
230,74,357,498,1993,8,92,35,1197,1637,31,1796,456,174,1869,958,444,1541,1995,1156,1581
231,1214,1156,823,861,1995,1541,444,1933,174,958,1869,2013,1581,99,1404,870,1488,697,1056,1100
232,7,327,1783,513,410,2034,171,799,1588,44,440,255,168,483,613,1186,1950,648,1640,609
233,1156,1995,1933,1214,861,823,1541,444,958,1404,174,1439,1869,1056,1948,236,1719,227,1581,1973
234,1581,1214,958,1156,861,823,1995,1541,444,2054,1933,174,2013,787,405,1869,99,1781,1350,581
235,1588,2034,7,410,513,327,799,1783,171,1322,1712,1640,787,1781,1621,1097,1581,6,1440,1699
236,806,375,1064,1018,1718,1684,1750,1480,944,991,791,677,2068,227,1652,871,1133,1692,942,846
237,823,1541,1995,174,861,444,1214,1869,1156,787,405,1933,1583,1712,2013,99,156,697,195,958
238,375,74,357,1197,8,1993,1796,1018,92,806,35,1684,1637,498,871,456,1156,1439,944,1718
239,1869,174,1583,787,405,2013,99,581,156,1022,1588,571,1781,1969,934,794,1511,958,23,465
240,410,697,1588,2034,174,171,513,327,7,1869,1783,1870,799,2013,1308,166,44,1391,2054,344
241,327,2034,410,1588,513,174,1783,7,799,525,1937,171,581,2054,1781,1583,1350,1511,1719,1100
242,861,444,1933,1156,823,1541,1995,1214,375,677,174,1718,357,227,806,1684,1447,1993,74,1133
243,1869,174,787,156,23,1022,195,405,1699,1583,1969,1511,1384,2013,571,1870,262,1640,794,99
244,1588,2034,327,174,410,7,171,1869,799,513,1783,1214,1781,1719,44,99,1712,1156,1581,823
245,444,1156,1995,823,1541,1993,958,498,861,1933,1214,1322,8,357,1440,456,1796,31,35,74
246,958,1995,1156,444,1933,823,1214,861,1541,174,1869,498,410,1796,357,8,1056,1993,31,227
247,1853,787,1910,410,44,1192,483,613,896,91,852,403,1725,1427,1100,1260,1583,609,247,1351
248,1355,1764,1705,1512,1010,1054,582,1058,1283,1751,414,1806,1149,448,1281,840,1381,1539,730,299
249,1995,444,1156,1541,861,1214,1933,823,8,1993,357,958,498,74,456,174,35,1796,1637,92
250,410,1588,327,2034,513,7,799,171,1783,1581,823,1541,861,1995,1719,1214,1933,1156,444,1712
251,174,1869,327,2034,513,171,799,7,1322,1783,1588,1581,1440,410,2054,1781,1621,1586,1699,1447
252,1583,787,405,1022,2013,870,1581,1640,581,1699,1274,99,410,697,524,156,1322,1588,1447,1097
253,513,2034,799,1783,7,1056,1588,1214,171,410,327,1156,1581,1712,1206,1973,958,787,1995,2013
254,174,1869,444,1933,861,823,1156,1995,1541,2054,581,1350,942,99,2012,799,846,1770,990,1522
255,498,1993,35,1796,31,456,357,8,74,92,1637,1197,958,1995,444,1156,1541,861,1214,1933
256,727,221,1833,14,93,1396,749,852,941,301,1320,1183,1400,1721,1017,541,1725,210,1268,1461
257,498,1993,8,1796,74,357,456,92,1197,31,35,1637,289,958,1948,1995,1156,174,1322,1814
258,1869,174,1583,23,787,405,794,571,156,2013,195,444,262,1969,193,205,1384,934,1022,99
259,958,444,1933,1156,44,861,823,23,1541,227,1214,1719,990,410,846,2012,2013,942,1056,2037
260,43,1406,2034,1973,1821,1783,168,513,327,646,2002,7,1207,1507,171,2070,166,1545,429,230
261,1588,2034,410,171,7,799,513,1783,327,174,1581,1322,581,99,1869,195,1712,934,561,1511
262,944,871,1480,621,1898,1750,2068,594,839,991,759,122,172,1844,1793,791,422,528,1592,1652
263,1056,44,2037,289,1951,602,1509,1188,1853,1009,2002,820,1268,344,117,1387,1883,460,1545,1260
264,1480,991,944,2068,791,871,1750,621,422,594,1851,1898,1255,1035,905,729,122,521,2043,759
265,727,221,1833,14,93,1396,749,852,1183,1400,1725,301,881,364,337,1118,1539,1664,403,541
266,1156,1214,1995,1440,823,444,861,1933,1322,2054,1699,958,1621,1640,1869,174,1541,6,513,1581
267,1156,823,1781,1995,1541,861,1214,1588,99,581,444,1933,327,1586,697,1581,410,513,2013,799
268,1581,1588,410,1156,1214,1995,2054,823,444,861,1440,1933,1322,958,1640,1869,174,1541,44,227
269,174,1214,1588,1156,410,823,861,1581,1995,1712,1541,581,2034,99,1933,1869,513,1937,171,444
270,444,1995,1933,1214,357,1156,823,861,1993,74,1796,1541,174,8,498,456,1869,1652,31,1637
271,1856,1350,648,327,763,2034,410,2054,1232,513,171,7,77,1937,650,44,949,1910,1512,1725
272,498,1993,31,456,357,8,74,1637,1796,35,92,1197,958,1995,444,1156,1541,861,1214,1933
273,1058,1705,1512,1764,1283,1054,1355,1010,1751,582,1806,414,448,1149,730,43,1381,1143,1749,1241
274,1058,1512,1705,1355,1764,1751,1054,1283,1010,582,414,1806,1149,1381,1143,1775,448,2043,1592,1844
275,958,8,74,456,1796,357,1156,31,444,2054,1197,1933,1993,1541,92,823,498,289,1995,1637
276,1156,861,1933,1214,444,1995,1541,823,958,174,1869,74,498,8,1993,357,1796,31,456,1637
277,221,727,93,1833,14,1396,852,749,1183,301,1725,738,1664,1775,1320,1281,1697,798,1721,1118
278,221,14,1833,727,93,1396,749,852,1118,1381,1775,1539,1281,1749,711,337,1143,582,1183,1664
279,1581,465,1046,1869,174,1342,1915,444,995,99,1781,1066,870,1522,581,1284,113,1586,861,524
280,1581,2054,1322,1640,1869,174,1522,581,1621,444,697,99,1781,1046,1350,1440,870,1276,888,1588
281,7,513,327,799,171,2034,561,958,1350,1440,1447,870,1640,591,1192,1937,1869,1322,1186,1995
282,958,1056,410,2037,1588,1614,1100,1719,1461,1869,1585,1233,817,153,684,227,1783,44,1533,799
283,1933,444,1156,861,823,1995,1541,1214,958,2013,1712,44,1440,1640,99,1322,1621,410,498,6
284,513,1588,171,410,327,1783,2034,7,1937,799,1350,2054,1719,364,291,648,965,1332,1545,817
285,221,727,1833,93,14,852,1396,749,1183,1853,1725,941,2037,1927,1281,1664,1461,1923,1320,1539
286,498,1993,35,1796,8,357,92,1197,456,31,74,1637,1995,1156,958,1214,444,861,1541,289
287,174,1869,2013,1581,1588,697,23,410,934,1447,571,581,794,262,823,1712,1511,1156,2054,195
288,174,1869,2013,1214,44,1719,99,1156,1581,465,1781,823,444,1046,1995,958,870,995,581,1097
289,513,7,2034,171,327,1783,799,410,1588,1332,1699,6,1322,1713,1391,1541,787,918,697,1581
290,174,1995,1156,1322,1214,8,1993,357,958,1447,227,1869,1699,444,1640,1933,1621,591,6,498
291,1581,1869,174,1447,2054,1870,2013,591,697,787,444,1308,1937,1781,1156,1350,99,1322,1214,823
292,677,1133,1064,375,1018,1718,806,1933,1194,1684,1770,1439,1438,1156,1447,444,1214,861,1652,227
293,1993,498,8,31,357,74,456,1637,1796,35,958,92,1197,289,1948,174,1995,1156,227,1214
294,498,1796,35,357,8,1993,1197,456,92,1637,74,958,31,1156,444,1933,1995,861,1541,1214
295,1933,1995,1156,444,823,942,861,944,846,1276,1750,1541,1214,791,525,1770,888,871,378,236
296,1322,410,1440,1621,1588,2054,1640,1699,1581,174,1781,6,581,561,1350,870,1869,1937,99,1712
297,44,2037,1056,289,1951,1509,602,1009,1188,1762,117,2002,1387,1883,1274,965,1186,1779,1000,1938
298,1993,74,357,1197,498,1637,1796,92,35,8,456,31,444,958,1541,1156,1995,861,823,1214
299,806,531,1018,434,1064,963,1684,1624,1692,719,1718,375,691,621,1770,1750,594,1652,846,1275
300,498,8,357,1993,1796,74,1197,35,456,92,1637,31,958,289,1995,1156,444,1541,990,1652
301,944,991,2068,1480,1447,791,871,591,1750,581,846,1342,1869,804,990,1652,99,174,1522,995
302,410,1588,44,262,1783,1921,1969,571,1719,2034,949,2002,753,195,171,23,156,145,344,291
303,168,1950,410,1937,513,1260,2034,519,327,437,1211,1427,738,1971,1017,77,799,1763,1418,301
304,942,846,1652,1276,2012,236,1522,1488,378,888,1770,990,791,991,871,1898,839,944,1480,2068
305,1447,74,591,1440,1350,942,1652,227,1937,8,1206,1522,990,357,1796,846,289,31,791,1869
306,958,1581,1993,1197,444,8,1719,1869,1781,35,174,498,1097,99,357,581,870,823,92,1796
307,8,958,498,1993,1796,289,456,74,35,92,357,31,1197,1637,44,2037,861,444,1948,1156
308,1588,2054,1937,410,525,1581,227,1097,918,1350,1332,1719,1781,1712,942,174,1201,405,1276,787
309,1156,1995,823,861,1214,1933,1541,444,944,791,991,174,1869,581,1712,871,1718,99,1480,375
310,109,299,1856,1281,763,1961,1381,575,1664,1749,1143,1649,1725,255,738,711,337,1873,483,712
311,410,1588,174,2034,327,1869,7,513,799,1322,171,6,581,1350,1781,1783,1937,1699,2054,1640
312,1281,1143,1775,410,1588,1381,1749,711,1539,1118,613,440,483,255,7,1192,609,1186,337,2034
313,174,1869,1933,1995,444,1156,823,861,1541,1214,2034,1581,1588,697,1640,410,327,2054,1781,1440
314,410,1588,2034,1581,799,513,7,327,1783,2013,171,1712,1214,1440,861,1995,174,613,1541,958
315,958,1588,174,410,1869,2013,1781,1719,227,581,1993,444,99,1995,1712,498,1097,1933,823,456
316,1322,174,1995,1156,1640,1699,6,1214,958,99,227,1869,444,1440,1933,405,1621,787,1948,977
317,444,1995,1156,174,498,861,958,99,357,2054,1541,8,1933,1869,823,1350,581,1993,1796,74
318,944,1480,991,871,791,1750,2068,227,1342,1066,804,1447,846,995,1023,990,68,1488,1932,298
319,1581,2034,327,1870,171,581,513,99,7,799,2054,1322,1781,1350,1937,1440,1621,1783,116,958
320,2054,791,991,1869,174,1447,2068,944,444,1870,1480,697,99,1692,1586,1588,2034,1350,1750,581
321,513,327,1588,2034,410,171,7,799,1783,1581,1640,958,1712,1933,1322,1699,918,1201,1156,1440
322,23,156,205,195,794,571,262,934,677,1969,525,1511,798,375,1308,1132,1718,1384,1937,1201
323,301,1721,1183,749,14,172,679,1958,905,727,1833,221,1664,1703,1793,1844,738,93,621,1108
324,498,1993,8,35,357,958,1197,456,1796,31,74,92,1637,1995,1541,444,1652,677,1770,375
325,1993,498,8,357,74,31,456,1637,1796,35,92,1197,1995,958,444,289,1214,1156,823,1933
326,7,513,1588,2034,410,1783,327,171,799,1581,1712,1206,1541,861,1713,166,1933,525,2002,787
327,1588,410,174,2034,171,581,1870,7,1581,561,116,1712,1640,1440,1214,1719,465,1937,799,1586
328,1588,1440,1869,410,1699,1621,174,1342,1322,958,227,804,1640,1581,1284,1066,995,113,1447,68
329,410,174,958,1588,44,1869,581,99,2054,2013,1781,1581,1699,1440,804,116,1322,1712,1350,405
330,1058,1705,1355,1764,1010,1512,1054,582,1751,1283,414,1806,1149,1381,1143,448,1775,711,1281,95
331,1699,1640,1621,1440,6,561,1322,591,1447,410,581,116,1350,2034,1588,1583,787,1937,174,113
332,1869,174,1640,1621,1322,1440,1699,6,561,444,958,861,1541,1156,2013,823,1995,1447,1933,99
333,7,1783,513,410,648,168,327,171,1763,1937,1950,799,891,2054,2002,713,1406,1320,870,2034
334,1156,444,1995,823,1541,861,1214,1933,174,1447,1581,2054,99,1588,1350,1869,1342,410,591,524
335,942,1770,958,1322,2054,1652,888,1581,1350,1522,918,846,1276,378,1488,2013,990,1719,1097,99
336,1995,444,1993,1156,1541,8,861,1214,1933,74,823,357,498,92,31,35,1796,456,1197,958
337,1156,1933,1541,1995,444,1214,823,861,174,958,357,1770,1869,44,977,375,1948,525,1438,8
338,1588,513,405,410,327,1869,787,1583,174,2034,171,7,1781,99,1783,581,799,1921,1097,2013
339,1156,958,1995,1541,8,1796,861,823,1933,444,498,174,1993,1214,357,1197,1869,35,44,2013
340,1588,410,823,1214,861,1995,1541,444,1156,174,2013,1781,1933,2034,581,1712,1350,99,1869,1581
341,357,498,958,1993,35,8,74,444,1197,1995,1796,456,1933,1637,31,92,1214,1156,823,861
342,1588,410,513,799,327,7,171,2034,1783,174,1712,1719,2054,1640,1322,1869,1995,1781,1581,581
343,677,1133,1718,375,174,1018,1064,581,444,1869,1684,1156,846,1933,1750,806,942,227,1652,1581
344,1156,1933,1541,1995,958,444,1214,823,861,677,1133,1064,74,375,498,8,1993,357,1869,1018
345,7,513,1588,2034,410,1783,327,171,799,1581,1712,2002,787,440,1097,1214,1713,377,1201,1719
346,1718,806,621,528,944,1851,375,759,1898,1480,422,1064,1275,1018,2043,1800,521,1684,791,729
347,444,2034,861,1933,1581,823,1156,1995,1214,1541,174,171,513,1447,7,1869,1588,2054,1783,227
348,410,2034,7,513,1783,1588,171,799,327,1581,1712,1332,1201,581,99,1699,787,918,1937,2013
349,621,1898,594,839,759,122,172,1844,1793,422,528,1592,1851,1800,905,1255,2043,1275,521,729
350,958,1066,1581,2013,1588,405,1522,846,787,113,1046,1583,1712,539,1342,2012,99,525,1488,524
351,327,513,410,2034,799,1588,7,1783,171,1869,44,1322,174,1440,2037,1640,289,1699,6,602
352,1588,2034,410,7,171,799,1783,327,513,581,1712,99,405,1781,1719,44,1097,1206,870,787
353,944,871,1480,1750,2068,839,991,791,1652,422,621,905,1844,729,1275,1035,1800,846,759,1255
354,444,1995,1933,1214,958,1993,1156,498,823,861,1541,8,31,456,357,174,1197,35,1796,1869
355,1796,498,1993,74,1197,357,92,35,8,456,31,1637,958,99,289,1948,2013,1995,444,1541
356,168,1856,1951,763,483,1725,117,440,609,437,166,1667,1961,376,1821,255,344,807,1950,1973
357,498,8,456,958,1796,74,1993,357,1637,92,31,2054,1197,35,1322,174,444,1640,2013,1440
358,168,763,2034,437,2070,7,1667,414,513,77,1954,2002,364,519,255,1783,799,738,609,1789
359,944,871,1480,621,1898,1750,2068,594,839,991,759,122,172,1844,1793,791,422,528,1592,1851
360,1447,1156,1652,227,1522,846,591,444,888,1276,1995,1541,1488,942,791,236,1750,2012,1933,871
361,2054,174,227,1869,1156,1541,1995,581,823,444,99,1350,861,958,1933,1480,990,1937,791,1447
362,1692,1684,456,1870,806,691,531,1624,991,434,1064,74,1480,1750,963,944,2068,498,1308,375
363,1588,410,1581,990,1719,227,942,1440,1276,2054,2012,1712,525,174,846,327,1781,1097,1640,1488
364,861,823,1156,1995,1933,444,1541,1214,1993,357,8,375,498,677,74,174,1718,1796,92,227
365,1740,1111,376,1118,1381,1577,1775,1539,299,95,1749,1281,301,1054,1143,109,711,582,1283,442
366,1588,174,410,1869,1214,327,2034,513,1581,444,1541,823,861,1781,581,1440,99,1322,171,1640
367,991,846,944,871,1869,1480,1750,791,942,2012,2054,227,1770,697,444,1652,2068,174,1276,1488
368,410,1581,1588,2034,99,958,327,171,799,1440,1783,1322,581,7,513,1781,1719,1699,870,1712
369,301,1721,1183,14,221,93,749,727,1009,1664,1833,881,1958,249,740,1779,1534,738,172,1951
370,174,1588,410,1712,581,99,1322,1869,1541,2034,1581,1214,1640,1156,1350,861,327,823,171,1870
371,444,861,1933,823,1156,1995,1214,1541,1652,2054,375,1770,1718,839,806,677,174,942,2012,1522
372,8,498,74,1993,357,958,1197,456,444,92,1796,31,1637,1933,1995,823,174,861,35,1156
373,1058,1705,1283,1010,1764,582,1054,1355,1512,1751,1806,414,1149,711,1143,763,671,1381,43,1749
374,1581,171,7,1621,513,1322,1588,799,1783,6,2034,1440,561,410,327,1640,444,405,1699,1995
375,174,1869,581,1699,156,195,794,262,697,561,1969,958,1781,1640,193,798,1581,2054,99,1712
376,301,1721,1183,93,221,749,14,1009,210,881,727,1958,740,1779,1951,1833,249,117,403,95
377,1933,1156,444,1995,861,823,1541,1214,174,1581,1869,958,2054,2013,1937,1350,1652,942,581,846
378,1699,1640,410,1588,713,1581,1322,1783,525,753,1022,1583,1621,1197,1712,958,6,1200,2034,799
379,1156,1933,444,823,1214,1995,1541,861,958,174,1869,1581,2013,1447,525,804,1588,227,697,18
380,1149,414,1806,448,1058,1512,1283,582,1010,1764,1705,1054,648,1664,1381,1281,1751,1143,1749,1289
381,174,1588,410,1869,171,2034,327,581,444,513,99,1995,1781,799,958,1933,1969,823,195,1214
382,2034,513,327,171,1783,799,7,1588,410,581,1712,99,1206,405,1781,1719,753,44,1097,870
383,1058,1705,1355,1512,582,1764,1010,1751,1283,1054,414,1806,448,1149,730,616,1381,1143,1749,1346
384,944,871,1480,621,1898,1750,2068,594,839,991,759,122,172,791,422,1844,528,1592,1652,1851
385,1621,1322,1588,1581,99,2054,581,1350,1712,870,1781,1332,918,1640,2034,6,1937,410,1541,561
386,1588,410,1581,1995,1541,861,1869,7,823,513,1933,2034,1156,1214,799,444,174,327,958,171
387,498,8,31,1993,35,74,861,1796,1637,1197,1541,92,456,357,1214,958,823,1995,1933,1581
388,1869,174,1522,1581,444,99,581,1588,1781,1276,888,1750,870,1712,2054,227,861,2012,1156,1995
389,174,1869,1332,918,1933,823,1201,444,1214,1995,861,1156,1937,1541,2054,1712,1581,1350,1640,195
390,327,2054,513,1581,2034,918,1332,1783,1937,171,571,23,799,1350,934,193,7,205,1511,1201
391,1009,1779,1387,740,1951,117,1194,227,591,74,1624,719,1447,1350,1440,963,903,434,8,531
392,963,1692,1684,1624,691,2034,375,1718,531,719,1783,806,7,171,799,434,327,1064,513,2054
393,410,1588,7,794,205,193,697,1268,262,2034,1621,1581,153,323,1640,1783,1511,513,1440,692
394,727,1833,221,14,93,1396,852,749,1183,1725,1268,1539,1281,881,337,420,1923,1194,364,1775
395,1856,763,713,327,677,2034,1322,7,1320,1400,1440,648,820,298,1350,561,1725,1910,581,1232
396,410,1588,7,483,1621,440,268,6,609,1640,2034,1581,1186,1440,561,648,1699,1783,513,255
397,168,483,2070,613,440,1763,609,1400,255,1186,1832,807,437,1950,1789,166,1961,1667,1192,684
398,1156,1995,444,823,1541,410,1214,1933,1588,861,2054,174,1350,958,1869,1440,1581,1937,944,1583
399,1833,727,221,93,14,1396,749,852,1725,1703,1183,881,582,301,1118,403,210,1281,1539,1775
400,1640,1699,6,1322,1440,561,1621,1581,7,1588,2034,1783,591,513,958,799,171,1937,327,410
401,498,8,1796,357,31,1993,1197,92,456,74,1637,35,289,958,1948,2013,99,1995,444,977
402,697,174,410,1588,1440,1214,1156,1995,2034,1712,1869,1621,1322,1699,2013,1640,444,823,861,1350
403,327,513,410,7,2034,171,799,1783,1588,1274,44,6,298,289,483,255,1186,253,1950,440
404,958,8,498,1993,1796,456,44,74,1156,35,92,357,31,1056,1933,2037,1197,1995,1637,444
405,2054,1322,1350,1541,444,1056,44,1781,1156,1995,1621,1640,6,561,861,870,958,1440,113,581
406,1973,977,410,405,1583,787,44,1439,1404,1933,1995,18,960,525,918,1100,1712,1274,1418,1066
407,1699,1640,1621,1440,6,561,1322,1447,591,1581,2034,1869,174,799,787,7,697,1588,1583,116
408,7,513,327,1783,525,799,2034,44,171,1950,684,897,91,896,20,1806,1232,1867,1115,253
409,168,763,138,613,440,609,1400,2070,1186,519,255,483,960,1308,2002,448,1101,364,1581,1789
410,958,1796,8,44,2037,498,1993,357,1156,444,74,1995,1197,456,92,35,1869,2013,1056,1933
411,174,1869,525,1214,444,581,1712,1781,99,1995,958,410,1541,823,1581,1156,1933,1588,1322,1621
412,168,613,255,609,1186,807,1308,483,440,1950,1961,763,1821,1192,1400,1856,733,2070,437,1762
413,727,1833,14,221,93,749,852,1396,1539,1281,711,1118,1054,1775,337,1749,582,1764,1381,1143
414,410,1588,958,174,23,1869,156,2013,171,1056,794,1719,262,2034,571,327,195,934,1969,2037
415,1156,444,823,1995,861,1933,1541,1993,1214,498,1796,357,958,8,456,174,1197,92,1869,74
416,1869,174,2013,23,195,444,1969,571,156,205,262,934,99,193,581,1995,1384,794,1156,861
417,174,1869,444,1156,1581,1995,1214,1933,861,823,1541,1781,99,581,958,357,870,2054,2013,697
418,958,823,1581,1640,1156,444,2013,174,1995,1588,1541,1869,410,1699,6,1993,591,1522,1322,1447
419,1440,561,1699,1322,2054,6,1621,1640,591,44,1350,1781,1937,918,2013,870,1869,1522,2037,942
420,2034,7,171,327,513,1588,799,410,1783,174,1581,1322,581,99,1870,1869,1712,561,1214,1781
421,174,1869,410,1588,2034,697,171,1322,327,1781,513,7,99,799,1995,1440,1699,1712,2013,958
422,791,1480,944,871,1133,2068,991,1750,677,1064,1718,1652,375,806,1447,1018,1684,2054,227,1194
423,513,7,2034,171,327,1783,799,410,1588,1581,440,1713,1541,787,1933,1192,483,1214,1921,1056
424,1993,498,8,74,357,456,1796,31,35,1197,92,1637,958,289,1995,1156,444,1541,990,1652
425,1581,1640,1440,1322,171,7,513,1621,1588,823,799,1783,1214,6,1699,2034,1995,561,1156,410
426,498,74,1993,1796,35,8,92,456,357,1197,31,1637,1995,1156,958,1214,289,444,1581,861
427,174,1869,697,2013,1586,1046,113,698,1023,916,524,1032,1342,465,2059,909,1284,1932,68,804
428,1581,1869,405,1440,1640,174,1322,2054,1350,1621,1699,1583,787,1156,1541,1937,918,1995,2013,823
429,1581,958,1993,1322,1197,2054,444,581,1097,8,1719,1869,1781,35,174,498,1350,410,99,357
430,1588,410,1581,2054,581,513,174,2013,444,99,1869,1350,1712,1781,327,861,1440,1097,1995,1322
431,513,327,7,171,799,2034,1783,1588,410,2054,1097,1350,156,1937,1322,1719,1781,1332,1621,6
432,498,1993,8,35,1322,357,1197,1796,456,6,31,1640,74,92,1699,1637,1621,1440,1133,2054
433,498,1995,1156,444,1796,861,8,1993,35,357,456,1197,1541,1637,1214,1933,74,823,31,92
434,174,823,1995,1869,444,861,1156,1933,1541,1214,1581,1350,357,581,74,227,2054,2034,498,8
435,498,8,1993,1796,357,35,31,1197,92,1156,456,74,958,1637,1995,1541,861,823,1933,444
436,823,1541,861,1995,1993,357,1156,35,958,1197,498,1933,1214,92,8,444,31,74,456,1796
437,794,23,934,571,156,174,195,205,1870,1384,1156,1869,262,1969,1308,193,444,798,1511,1712
438,1869,1156,1993,1640,444,2054,456,823,1581,74,1322,1781,1541,791,871,1350,609,1995,1440,991
439,1781,1621,7,1322,1440,171,870,99,268,1699,524,1097,44,475,1032,113,581,483,1640,561
440,1355,1512,582,1764,1705,1010,1054,1283,1058,1751,414,1806,448,1149,730,43,1381,65,1346,1281
441,174,823,375,991,1718,1995,1064,1214,1869,806,791,1018,1684,944,1447,1750,2068,444,1480,861
442,1156,1933,444,1541,823,1995,861,1214,958,35,1993,1581,498,1197,8,1796,357,74,1640,31
443,1581,2054,174,1322,1640,1869,6,1719,1447,1699,1097,1937,1350,591,327,958,1621,1440,799,942
444,168,483,609,440,613,1186,255,763,1192,327,2034,1950,513,1400,1789,1821,2002,807,738,437
445,861,444,1933,823,1995,1156,1214,1541,375,1652,806,174,1018,227,839,1718,1869,677,846,1770
446,1951,1387,1009,740,117,1779,289,35,1796,357,1194,613,498,8,92,594,456,1684,1993,1637
447,174,99,581,1869,1781,410,2013,870,1588,1440,1322,1640,44,1541,1699,2034,1056,1350,1581,1214
448,677,1133,1581,1718,174,375,1870,1869,1018,2054,1064,444,1684,1156,1937,846,1308,1350,1933,1750
449,1993,498,8,31,357,456,74,958,1637,1796,35,444,92,1197,1995,1933,44,1214,289,1156
450,944,991,1480,1750,871,2068,791,375,1018,1447,806,1064,1652,839,174,621,1488,1770,1898,594
451,375,1447,871,991,806,1718,944,1018,1064,1480,1750,839,1652,594,1255,422,1684,172,729,174
452,1058,1705,1355,1512,582,1764,1010,1751,1283,1054,414,1806,1149,448,43,1381,65,539,1143,1241
453,958,1869,444,174,1995,1156,44,2013,498,1781,861,8,1581,357,1541,2054,1933,2037,99,823
454,168,609,1950,255,613,483,807,440,1186,1971,513,1192,1821,1937,174,1260,145,1832,798,688
455,1588,2034,1197,1322,513,581,958,1993,99,444,410,498,561,1583,1933,31,1995,1783,1056,405
456,1156,1214,1995,823,444,861,1933,1541,958,2013,174,1869,1719,44,1488,846,1056,888,1581,870
457,1993,498,8,1322,1995,74,357,1156,958,456,1214,1796,31,35,1197,1640,444,1621,1581,861
458,221,727,93,1833,14,1396,852,749,1183,1923,1725,1664,301,1775,95,1697,1281,1927,1461,941
459,410,1588,1869,174,1583,787,1322,1440,405,1699,1621,2013,113,1284,465,1640,1781,68,804,995
460,944,991,1480,1750,1447,791,871,2068,1652,174,1488,1770,1522,591,942,1276,227,2012,846,236
461,35,1993,498,1197,8,958,1796,357,74,31,456,92,1637,2013,1995,444,1541,1712,581,99
462,1973,1439,1404,820,1713,1964,1927,440,684,1665,1042,697,1100,247,91,1814,437,973,1061,1853
463,301,1183,1721,1958,93,749,881,14,740,221,1961,403,1534,1664,1672,274,1951,692,1009,819
464,174,1869,410,1588,2013,934,1511,23,794,262,798,156,193,405,787,1581,571,697,1214,1156
465,958,1993,1581,498,1197,8,357,74,1640,31,35,174,456,92,1588,1869,1796,410,1699,6
466,410,1588,2034,327,171,513,799,1712,44,2013,7,1214,1350,1201,581,1937,918,958,205,23
467,7,410,2034,171,1783,1588,513,799,327,1581,2054,1937,1719,1097,1712,405,1583,581,1350,1332
468,44,2037,958,289,1056,8,498,1993,1796,456,74,1156,35,92,357,31,1933,1350,1197,1995
469,1447,1581,1869,591,174,791,1480,2054,944,871,697,444,1937,1781,1156,1350,1750,99,1322,1214
470,168,519,513,671,1289,2070,914,1533,323,171,120,247,1397,1400,1325,440,1727,753,166,327
471,1869,174,1322,1541,1781,1699,1308,1995,581,861,823,697,1214,1156,99,561,1581,1621,2013,1440
472,327,171,1588,513,1783,7,2034,174,799,1712,791,410,1869,823,1201,1719,1718,2068,944,861
473,727,1833,221,93,14,1396,749,852,1664,1923,337,1183,941,1118,1725,301,1281,1844,541,1539
474,498,1993,8,1796,31,357,1197,1995,456,1156,958,74,1637,35,444,1581,92,1214,1541,861
475,444,1995,861,1214,823,1156,1933,958,1541,1581,174,1869,498,8,2013,456,1796,1440,1621,44
476,799,2034,171,1783,513,327,7,1588,410,174,1322,1214,440,613,1781,483,1332,1201,581,99
477,944,1447,1480,1750,991,871,791,1581,227,2068,591,1640,1156,1350,2054,1322,581,823,861,1699
478,168,609,613,255,1856,1186,483,440,437,1821,1439,1950,1763,960,1961,1973,166,1101,1211,138
479,1588,410,2034,1581,799,513,7,327,1440,1783,2013,171,1712,1214,730,861,1995,174,1541,958
480,2054,2034,327,1322,1581,1350,799,1712,1588,513,7,171,174,410,99,581,1440,1699,794,1781
481,513,327,1588,2034,7,1783,410,799,171,581,99,1937,405,2054,1581,787,1781,1583,870,1350
482,410,1588,513,327,1719,171,1097,2034,581,787,7,99,799,405,1581,1783,44,958,1322,1640
483,2054,1581,1156,1541,1995,174,823,444,227,1870,1937,1869,1350,861,591,1933,1480,791,1447,942
484,1692,691,963,434,1624,719,531,1870,991,1480,1750,944,806,2068,591,1447,116,375,1308,791
485,498,1796,74,8,1993,357,456,31,1197,35,92,958,1637,1995,1156,1541,444,227,1933,1214
486,2034,513,1581,327,410,171,1588,1783,799,7,581,99,1097,2054,1712,1322,1781,1350,1937,1440
487,1058,582,1705,1512,1764,1355,1010,1751,1283,1054,414,1806,448,1149,43,730,1381,1143,1749,1832
488,806,1018,1718,375,1064,1684,677,1800,1133,1770,621,679,871,839,1898,1108,1275,422,1851,528
489,823,1933,1156,861,444,1541,1214,1995,92,1993,498,74,958,35,357,1197,1637,8,1796,456
490,1796,498,1993,74,1197,357,92,35,8,456,31,1637,444,958,1581,2054,99,1156,2013,1056
491,1194,944,991,791,227,1480,1933,871,1750,823,861,2068,444,621,958,679,759,903,422,1156
492,944,1480,1447,1750,791,991,871,591,2054,2068,227,1581,1350,1156,1322,1440,174,1621,1640,581
493,1512,1355,1764,582,1054,1705,1010,1283,1058,1751,414,1806,1149,448,200,1281,738,43,434,1381
494,958,174,444,1156,2013,1995,44,1869,1933,823,861,1541,1581,2054,2037,1781,8,1214,99,498
495,823,1995,1541,444,861,1214,1933,174,1156,410,1869,1588,1581,1488,990,1712,1719,581,227,1522
496,861,1541,1933,1156,823,1995,444,1214,958,2013,174,1869,35,1719,357,44,1488,1404,1796,1993
497,1581,1440,1640,1621,1699,99,327,6,1350,581,561,513,1322,1783,7,171,1781,1583,2054,405
498,2034,513,799,327,1588,171,7,1583,405,410,1022,787,1783,1869,174,1781,99,581,23,1097
499,677,1750,944,871,1480,823,444,1933,861,1156,2068,1718,791,991,1133,1995,375,1770,1652,839
500,357,498,958,1993,1869,174,35,8,1197,74,1156,444,1796,456,1933,1637,1541,823,31,1995
501,2034,1588,513,410,327,171,7,799,1783,174,1581,581,99,1869,1712,1214,1511,405,1781,1322
502,1447,227,1480,375,791,1581,1342,591,806,871,944,1064,1652,1201,1621,1350,1640,1440,991,1018
503,174,1869,1583,799,410,405,697,1322,1541,99,1588,1640,1621,1781,2034,787,444,1440,327,513
504,301,1721,1183,221,14,93,274,749,1534,1664,881,1405,172,727,1703,905,1740,1793,1961,1241
505,92,1993,498,74,958,35,357,1995,1156,1197,1637,8,1796,456,1214,31,444,1933,2054,977
506,7,711,410,2034,1775,1118,852,1010,1281,648,1539,1783,513,1749,171,1476,1000,1806,1588,1058
507,1156,861,444,1933,823,1214,1995,1541,958,44,1652,1522,1488,1770,2013,1276,174,1869,236,888
508,1621,1640,1440,1699,1322,561,6,1581,823,444,174,1995,1156,1214,870,1937,861,1869,227,2034
509,95,43,712,763,1058,1289,128,1703,1951,1961,1281,1923,740,711,1054,582,1764,648,117,881
510,2034,327,7,799,513,1783,171,1440,1640,1322,1621,1699,561,1581,870,6,99,581,1712,1350
511,799,513,327,2034,7,171,1783,1322,6,1699,1440,1640,561,1937,2054,1621,1201,1588,1350,581
512,1856,1183,1725,1923,648,1721,301,95,763,1381,1740,1775,738,711,128,1664,1961,77,1010,221
513,944,1480,991,791,871,1750,2068,1447,227,375,1581,1064,591,806,903,1194,1652,1201,1621,1350
514,168,437,1789,2070,483,609,613,1937,364,1950,327,1192,1763,120,1973,1821,1186,1017,1727,145
515,1350,1937,1640,561,1699,1322,2034,6,1621,1440,2054,513,1581,289,799,1541,327,958,870,1781
516,301,1183,1721,93,749,1958,1664,14,740,1740,1009,221,1534,274,1779,881,905,1703,738,337
517,648,1725,1268,763,1512,77,1751,1551,403,1958,949,1961,582,1355,153,650,1649,210,410,1749
518,1740,43,727,364,738,116,541,1512,801,221,712,1725,1664,648,1703,166,650,1870,897,1427
519,958,498,1796,8,456,2054,357,289,2037,74,1350,1993,44,1637,92,31,1197,1869,1937,35
520,168,648,513,541,166,43,120,171,1961,2070,440,77,1065,1427,1727,95,344,327,301,949
521,301,1721,1183,749,93,727,1958,14,1330,1833,274,1664,881,1534,249,221,738,2070,1725,1703
522,2034,1588,410,171,7,513,1783,799,327,44,1781,1322,1712,1640,1440,99,581,1699,6,870
523,861,1541,1156,1933,823,1214,1995,444,958,2034,99,44,1719,1581,977,1781,1588,1097,1056,1712
524,168,437,1400,2070,483,1789,609,1762,613,1703,1950,1821,1439,1211,120,1763,1973,1186,138,376
525,1156,1652,1522,846,1993,444,888,357,1276,1995,1541,1488,942,791,8,236,74,1750,2012,1933
526,861,1156,1933,1541,823,1995,1214,444,958,174,1439,1581,2013,1869,1993,1404,1719,357,1973,944
527,168,609,613,2070,483,1192,807,1763,440,1186,301,255,949,437,1832,120,145,1260,166,727
528,958,44,1056,2037,1993,498,1156,35,8,357,1933,74,1350,1796,289,1995,2054,444,1541,1197
529,1869,1583,174,116,444,1870,697,99,405,787,171,2034,1156,1214,799,823,1699,870,1541,1995
530,410,1588,440,1621,7,794,6,205,613,193,483,697,1640,262,2034,1581,268,1440,730,561
531,498,8,74,1993,357,35,92,1197,456,31,1796,1637,444,1156,958,1995,823,1541,861,1933
532,1577,1740,376,1111,779,1200,1188,1089,753,44,265,960,1958,1883,712,788,1789,1559,1149,1921
533,444,1156,1995,861,1214,1933,823,1541,410,2054,174,1350,958,1869,1440,1581,787,581,405,1322
534,422,679,1800,528,621,839,677,174,1851,729,594,1793,759,2043,2054,1035,1350,581,122,1447
535,861,1156,444,958,1933,591,1447,1322,1541,1995,2054,1581,1640,823,1214,289,1937,6,1350,513
536,174,991,823,2054,1350,1995,1214,1869,791,944,1750,99,444,1480,861,498,1541,227,697,581
537,410,1588,1541,1783,2034,513,44,444,799,1156,861,1933,2054,1056,498,327,1937,958,7,823
538,958,498,8,1993,357,74,456,1796,1637,35,31,444,92,1197,44,1995,2037,1933,1156,289
539,2054,1640,1322,1621,561,6,1440,1937,1869,1350,327,1699,174,262,2034,1781,298,1870,1581,513
540,1588,410,1621,7,794,6,268,205,904,291,193,697,1640,262,2034,1581,1440,561,1699,616
541,1186,609,116,960,1634,210,1506,1397,1308,1961,613,1503,591,153,440,255,289,1624,1188,1937
542,1995,1588,1541,23,1583,571,823,1712,405,1511,99,444,787,1156,410,327,861,262,958,2013
543,1869,787,174,116,1583,23,99,156,405,195,1022,1699,1969,1581,1511,1781,1384,870,571,1870
544,1322,2054,1640,174,6,1447,581,1621,1440,591,99,1350,918,1870,1201,1869,1699,227,1937,1781
545,7,2034,799,327,513,171,1783,1588,410,1712,99,1206,581,1781,1719,753,44,1097,1332,1201
546,1869,174,444,697,1156,1214,823,1933,1308,1541,861,1447,804,2013,1712,787,405,1583,1342,465
547,1156,1995,861,823,1933,444,1214,1541,174,1869,1581,410,1588,2054,2013,990,591,581,846,1350
548,95,1703,128,1118,1289,763,1281,1381,1961,671,711,1775,221,1539,648,1853,1923,712,301,1143
549,958,498,1796,8,456,357,74,1993,174,1637,92,31,1869,1197,444,1541,35,1995,1156,1933
550,1995,444,1156,1541,861,1214,1933,823,958,174,1869,1447,1993,806,227,1948,8,591,375,1719
551,174,1581,513,1588,327,2054,799,823,1937,2034,1447,410,1350,958,1783,171,7,861,444,1322
552,168,1400,2070,1789,1806,483,609,613,1762,448,544,1439,1950,120,1973,364,1186,437,671,697
553,1440,1581,6,1156,1995,1541,1322,174,1640,444,1214,2054,1699,823,1621,861,1350,410,581,1937
554,1588,410,171,2034,327,513,799,7,1783,581,1712,99,405,1781,1719,753,44,1097,1206,870
555,174,1869,991,2034,697,171,7,1588,1783,791,799,513,944,1712,327,823,410,1719,1480,1201
556,410,1588,1581,99,1056,2013,1781,2054,44,581,1719,2037,1712,870,1097,958,1640,1322,1350,1541
557,591,1447,2054,1350,1156,1652,227,1522,846,1993,1937,444,888,357,1276,1995,1541,1488,116,942
558,168,145,609,440,483,2070,255,613,798,1186,1400,1192,364,1763,344,437,410,1958,1950,327
559,958,1387,1779,1993,498,31,1796,1951,1009,35,740,1637,357,117,8,456,74,1869,1995,1948
560,7,2034,327,513,171,1783,799,410,1588,483,44,440,1350,1712,581,1640,268,2054,255,1937
561,410,1588,513,1581,958,327,1440,1322,2034,1640,171,7,174,1621,1781,2054,1995,1783,1712,799
562,327,2034,513,7,1588,799,171,1581,1783,410,1712,99,1332,1869,823,1440,1322,2013,861,1640
563,174,1869,2013,1588,23,99,410,1995,934,571,581,794,262,1712,1511,444,823,195,1214,958
564,174,1869,410,1588,1581,697,958,195,262,23,1781,99,1937,227,1332,444,581,2013,934,1214
565,2034,171,799,513,327,1783,7,1588,410,174,1869,1581,1781,581,99,1712,2054,1937,1350,1719
566,410,23,195,262,794,934,444,205,1511,1588,1712,958,1719,1097,174,1781,156,2013,571,99
567,1322,1640,1699,1621,6,1440,561,591,1046,1156,1350,1447,1993,2054,1342,444,113,357,68,227
568,7,513,327,1783,525,799,2034,44,171,410,1588,268,684,1320,730,1276,1910,1551,1372,1713
569,444,861,1933,1995,823,1156,1541,1214,498,357,35,8,1993,1796,31,92,1197,74,958,456
570,375,1718,1064,806,1018,677,1684,1133,1750,1480,944,991,791,2068,227,1652,871,1692,942,846
571,958,1993,1197,444,8,35,174,498,357,823,92,1869,1796,227,74,1541,1640,1933,1322,1995
572,357,498,1993,74,8,92,35,1197,1637,31,1796,456,174,2054,1350,1869,958,444,1541,1937
573,727,1833,221,14,93,1396,749,852,1183,1853,1725,941,1461,1927,881,337,2037,1320,1923,1017
574,498,8,1796,357,1993,35,74,1197,456,92,1637,31,958,1869,174,444,2037,1995,2013,1541
575,1995,444,861,1214,823,1156,1541,958,1933,174,1993,1197,1869,498,227,35,1640,1322,1447,357
576,1621,1640,1440,1322,561,1581,6,823,444,174,2034,1995,1156,1214,870,513,1937,861,1869,227
577,513,327,1581,1783,1719,1322,1541,799,861,1995,1933,1156,171,1214,2034,7,1640,823,444,1712
578,1156,861,823,1995,1214,444,1933,1541,958,174,1869,44,977,2013,498,8,1796,1948,1439,1993
579,168,613,1186,483,255,609,1192,807,440,958,44,1951,289,1950,414,1821,1545,801,798,2070
580,498,1993,35,1796,31,456,357,8,74,92,1637,1197,1387,958,1995,444,1779,1156,1541,1951
581,8,74,92,357,1993,456,498,35,1796,31,1197,1637,1156,1995,444,1933,1214,823,1541,861
582,958,174,444,1156,1933,1995,1541,44,823,1581,1588,1440,861,1214,1056,1869,410,581,2013,99
583,958,44,1056,1350,2037,2054,498,1993,2013,174,8,1781,357,74,1796,289,1869,1197,444,1541
584,1440,1640,1322,1699,1621,561,6,2034,1869,174,1588,513,113,1350,1284,1583,1023,916,7,524
585,1652,174,942,227,1770,2012,846,1276,236,1869,990,1522,1488,888,1064,1018,581,375,806,1750
586,1156,1214,1541,861,444,1995,823,174,1869,1933,1581,958,99,581,1640,787,870,1781,1440,405
587,1869,174,1995,581,444,1781,99,1541,23,1581,861,1583,571,934,823,405,1511,1712,787,1156
588,1156,1541,861,1933,823,1214,1995,99,444,958,581,870,1581,1781,1056,44,1640,2037,1719,1322
589,1447,591,1870,995,1440,1640,561,465,1699,804,1322,1621,113,116,6,1586,1046,1932,1308,698
590,168,1308,1832,1400,960,613,2070,1017,1762,1260,249,1856,609,483,437,897,116,1950,1186,145
591,1156,1995,861,823,1214,1933,444,1541,958,1770,2013,174,236,1488,1522,1652,1581,888,990,942
592,677,1718,806,1133,375,1064,1684,1018,74,357,1439,1197,8,1993,1796,92,1750,35,871,1637
593,99,1581,1869,1214,861,823,174,2054,2013,1995,870,1156,581,227,1541,1439,1712,1933,1201,1781
594,1588,1541,410,444,1156,861,1933,2054,1056,498,1937,958,823,1719,1350,174,1995,44,1214,2037
595,1214,958,1156,861,823,525,2013,1581,1995,1541,1712,444,1933,174,410,1588,1869,99,2054,794
596,174,1995,1933,823,1214,227,1869,1712,1156,444,1581,1201,2013,861,581,697,990,958,2054,934
597,7,327,2034,1783,171,513,410,799,648,1588,2054,262,1097,1937,44,794,1712,1350,156,168
598,410,1588,525,1581,2054,227,2034,1937,1781,1350,1712,1719,1097,327,918,174,513,405,195,787
599,444,1156,1214,823,1699,1995,1869,1581,2034,410,174,1541,1640,513,1588,1783,1933,1621,1322,861
600,1581,2054,227,1350,1332,1781,918,1937,174,1712,405,787,581,958,1322,99,1201,1022,23,1522
601,1156,1995,823,1541,861,1933,444,1214,958,35,1993,498,1197,8,1796,357,74,31,1581,2013
602,1783,799,2034,7,513,171,327,410,174,1621,1322,1440,1712,1588,1640,581,1699,6,1581,2054
603,958,1322,1581,1640,1995,174,1156,444,1869,1440,1699,1621,498,861,1933,2013,823,1214,697,6
604,498,8,1796,357,1993,74,1197,456,35,92,958,1995,31,444,1637,1156,1541,861,1214,1933
605,168,145,2070,483,1832,798,166,364,440,609,763,437,448,1789,1010,1961,544,1793,255,344
606,648,852,1268,1396,1853,727,949,541,77,2014,1251,1775,1910,1438,544,299,1973,403,713,1650
607,357,498,1993,1869,1541,1995,174,1156,8,35,444,1214,74,1796,456,1933,1637,1197,823,31
608,1993,498,8,74,357,456,1796,31,35,1197,92,1637,958,289,99,1948,2013,977,23,1995
609,174,1869,327,410,581,1214,1588,171,444,513,1712,571,1781,156,99,1995,958,7,2054,1541
610,1588,410,1583,787,1783,44,2034,713,327,1350,581,1640,934,171,2054,1713,1937,247,513,262
611,168,1856,609,1951,1725,301,440,483,255,117,613,109,2070,364,403,881,1186,738,344,740
612,958,174,823,1869,23,990,227,1156,1719,444,410,2013,1056,1995,2012,1541,156,1781,846,1276
613,498,8,1993,1796,35,357,1197,958,456,31,92,74,1637,1995,1156,1541,444,227,1933,1214
614,1869,787,116,1583,174,156,23,1308,444,1870,99,405,195,1511,1022,1156,1214,823,1699,870
615,1869,174,410,1581,1588,1156,444,1712,1995,2013,1214,99,581,1781,697,2034,823,1933,861,1541
616,958,44,498,1993,1056,2037,1156,1796,1933,1350,8,1995,2054,1197,444,1541,2013,289,1719,1948
617,1058,1705,1355,1764,1512,1054,1010,582,1751,1283,414,1806,448,1143,1775,1149,711,1381,1867,1281
618,327,2034,513,1588,799,7,1783,171,410,1640,1440,1322,1699,1621,1583,6,174,1350,1541,227
619,1581,405,99,787,1869,1350,1214,861,2054,1583,823,174,1022,1937,2034,513,1995,2013,1447,870
620,1541,2054,444,1995,99,1350,1156,1781,1869,861,1719,1097,174,1937,870,1322,1214,823,942,1640
621,1699,1322,1937,1440,2054,561,6,44,171,1621,513,410,1640,591,327,1522,268,1276,2034,1652
622,498,1993,8,1796,357,92,456,74,1197,31,35,958,1637,44,1156,444,289,2013,1933,1995
623,513,7,799,2034,327,171,1783,1588,410,1581,99,1322,581,1781,1712,1097,1332,1201,1937,405
624,727,221,1833,14,93,1396,749,852,1725,1183,301,881,1400,1281,364,1118,1539,1664,403,541
625,174,1869,99,2013,410,1588,581,1712,1781,1440,870,1541,2034,1350,1322,1581,1640,1214,958,1156
626,7,327,2034,1783,171,513,410,799,1588,1097,2054,794,730,1921,1332,1937,918,262,1712,1350
627,823,1995,174,861,1214,444,1869,1156,1541,410,958,1781,1933,1588,99,1581,581,525,1993,1197
628,727,221,1833,14,93,1396,749,852,1725,1183,301,881,1400,337,541,1927,210,1118,166,1061
629,1652,236,1770,942,2012,846,888,1522,990,378,1488,1276,1541,861,1933,1156,1995,35,791,8
630,1869,174,410,1588,1581,1156,444,787,1712,405,1995,2013,1214,1097,1583,99,581,1781,697,823
631,1869,174,2013,1156,823,1995,444,1541,861,1933,410,1214,1712,697,958,1588,1699,99,581,870
632,1779,1009,1951,740,1387,117,591,1447,1440,1869,1699,609,1322,6,1194,1624,731,1640,357,791
633,174,691,1993,31,1869,8,1692,1156,1197,963,1995,357,823,434,531,1796,498,1624,444,74
634,21,1814,1927,1061,1261,1697,1439,74,1973,1492,357,1197,8,1993,1796,1404,92,35,1637,498
635,168,1308,1763,1832,613,2070,960,1954,1400,437,1856,609,483,116,1950,1186,145,344,2002,1507
636,677,174,1581,1718,375,99,1133,2054,525,1064,1870,1869,444,1621,1322,581,1684,1699,1156,1937
637,1581,2054,1440,958,1322,227,1699,581,1937,99,174,1870,1640,1350,327,1869,1781,6,1719,1621
638,958,44,1156,444,498,2013,1933,1995,861,1541,1993,1056,2037,1781,1796,1214,1581,1948,8,2054
639,410,174,1719,2054,1781,44,581,1581,1588,958,227,1097,870,697,1712,1937,1206,609,99,1322
640,410,1588,171,2034,327,513,799,7,1783,1581,1712,1206,1541,861,1933,525,2002,787,2013,44
641,168,2070,763,440,609,1400,1439,483,255,1789,613,1762,120,519,1186,1950,166,1404,1961,138
642,2034,513,327,171,7,1588,410,1783,799,1322,1640,174,1440,6,561,1699,1214,613,1621,44
643,677,1133,1718,1018,375,1064,1684,806,1439,1973,1993,1404,357,8,1197,1750,74,871,1637,498
644,168,609,1186,613,483,1951,440,1192,740,255,1400,2070,420,174,519,1821,1973,120,1779,1115
645,1022,195,156,262,1583,934,1869,1384,205,1511,1969,798,787,405,23,174,2013,794,193,697
646,1640,1322,7,327,2034,171,174,799,6,1440,1869,1699,1583,99,1712,561,513,1621,410,870
647,174,327,1588,410,1869,171,2034,513,7,799,581,1783,1214,697,444,1712,1781,99,1995,958
648,444,1995,861,823,1156,1541,1933,1214,174,1581,958,1869,1993,498,35,8,357,1197,92,2054
649,591,1447,1699,1440,561,1322,1640,6,1869,1624,1621,1350,871,456,1937,74,1186,1480,791,531
650,1322,1640,1699,1621,1581,6,1440,174,1869,958,561,113,591,1046,1915,1197,8,68,1447,2054
651,168,609,613,255,483,1186,440,807,1763,763,166,437,1950,344,1961,1667,688,1821,2070,1400
652,174,1447,2054,1869,227,1581,444,591,1937,958,1995,1156,1870,823,581,2034,1350,116,513,1640
653,1770,846,1522,1488,236,2012,1652,378,888,942,1276,990,1541,861,1933,1156,1995,791,8,991
654,168,440,2070,807,609,1439,1762,483,255,613,1961,1404,120,1821,738,519,1186,1703,166,138
655,794,23,934,571,156,195,205,405,1583,1384,262,1969,193,798,787,1511,1581,2013,1870,1869
656,1322,6,1699,1440,561,1640,1621,2054,1783,1350,513,2034,289,99,444,799,171,1156,1993,870
657,168,541,513,648,145,1853,949,1381,364,1286,171,1775,753,1749,77,247,914,1396,440,1260
658,513,1783,2034,171,648,327,7,410,799,44,1350,1937,168,1719,1588,787,1910,713,174,156
659,1156,861,823,1995,1933,1541,444,1214,1993,35,498,357,958,1796,8,74,1197,31,1637,456
660,410,1588,7,852,727,794,262,2034,730,323,648,166,1268,193,1783,1581,205,513,23,1921
661,1588,7,410,2034,1783,513,171,327,799,1712,581,99,405,1781,1719,1206,1097,753,870,787
662,1322,1640,958,1699,1621,1440,1581,444,6,1933,561,1156,861,823,1056,1541,99,1214,2054,1350
663,1640,1621,609,410,1581,958,2037,713,1440,6,1588,1973,44,1699,591,513,1056,323,1322,1404
664,1447,591,995,804,1023,1586,909,696,1342,1932,524,113,1284,2059,1144,1066,465,1046,916,698
665,942,1933,861,1652,1522,227,2012,888,174,990,236,958,2054,846,444,1995,823,1156,1276,1214
666,991,944,791,871,1480,1750,2068,1447,1440,1581,227,99,1206,375,581,1699,1621,1201,1712,1640
667,727,221,1833,14,93,1396,749,852,1725,730,1400,1183,881,301,197,337,1281,1118,1539,541
668,1350,1937,6,2054,327,513,1783,2034,410,799,1322,1640,561,1621,7,405,171,166,1206,1440
669,1779,1009,1951,740,1387,117,1869,609,357,227,74,483,456,1440,1186,1384,262,1322,405,1699
670,1588,1640,410,2034,7,1440,513,6,327,1699,799,1621,1783,561,1322,171,1712,1581,1583,581
671,1581,958,2054,174,99,1350,1937,581,1097,44,677,1719,1869,444,1214,2037,1781,2013,861,1933
672,1156,823,1995,861,1214,444,1541,1933,1869,174,1350,227,1447,581,591,357,1439,1973,1781,2012
673,227,942,174,2054,1276,1770,1350,1522,958,1652,888,1719,1488,1937,846,378,990,1144,1750,1097
674,1993,1869,498,1541,1995,1322,174,8,1156,444,1214,74,357,456,1933,1796,31,35,1197,823
675,2054,410,1581,1097,1937,1588,227,525,1350,1719,1781,1712,942,174,405,1585,1276,787,1770,581
676,1640,1699,1621,1440,1322,1447,591,1581,561,2034,6,1869,174,799,787,7,697,1588,1583,116
677,1779,1009,1869,174,1652,227,444,942,1387,357,1951,1995,990,791,846,1541,74,958,1522,1933
678,2054,8,498,1796,1350,1993,1197,1581,357,456,74,35,92,1937,2034,31,327,1637,1097,444
679,410,1588,1440,1322,1937,513,1699,2054,6,171,1621,1640,44,327,1783,2034,7,1350,942,1781
680,2034,799,171,174,1214,513,861,823,1783,1933,1588,1156,327,1712,1581,1995,1541,581,7,99
681,113,1046,591,1440,1581,68,1447,1915,561,1699,1342,2054,2059,698,1640,1284,1621,1023,1586,1322
682,1447,591,995,465,1046,804,1870,1932,113,1586,1284,1440,68,1640,561,696,1567,1023,1342,1915
683,1869,174,1581,1156,1995,861,444,823,1214,2013,1541,2054,44,1447,1933,1640,1440,1322,1621,1937
684,498,1993,35,1796,31,456,357,8,74,92,1637,1197,958,289,1995,1156,444,1541,1933,823
685,1995,1156,1214,444,861,1541,958,823,31,1933,456,174,1993,1637,8,92,498,357,1796,74
686,524,698,1588,909,465,113,1046,1023,1284,1586,1342,1066,410,1932,475,804,1915,916,1032,1559
687,174,444,1869,99,1156,1214,823,1541,1995,1581,2013,1781,1933,1640,581,861,1712,870,1621,1440
688,1621,1640,1322,1440,1699,787,405,561,6,1308,1932,113,1583,1870,995,465,68,804,1567,1023
689,171,2034,799,7,1581,410,513,327,1588,1783,1640,1322,174,1621,1440,1332,1699,1781,1995,1712
690,806,1684,375,1447,357,8,74,1993,1933,1718,1064,227,444,1995,591,791,92,861,456,944
691,168,410,1588,7,440,1703,2034,648,727,799,247,301,171,513,377,1397,801,1954,2070,1350
692,2034,327,410,171,1588,1783,799,513,7,174,1581,1322,581,99,1870,1869,1712,524,561,1214
693,1156,444,1933,958,1995,861,1541,35,1993,498,1197,8,1214,1581,823,1796,357,74,31,2013
694,1156,823,861,1995,1214,444,1933,1541,174,958,357,1488,1770,1719,1869,1097,44,977,375,1948
695,410,1588,1621,7,794,6,268,205,291,193,697,1640,262,2034,1581,1440,561,965,609,323
696,799,2034,171,1783,513,327,7,1588,410,1322,1640,174,6,1440,1699,561,613,1621,1332,440
697,1779,1009,1951,740,1387,117,731,575,1194,358,912,483,1529,609,274,1192,819,1873,546,670
698,1869,174,444,1933,1156,1995,861,823,1541,1214,1447,581,591,1781,99,958,8,456,1993,92
699,174,1869,444,1995,1156,1214,1541,861,823,581,99,1588,410,870,1933,156,1781,1581,1621,958
700,498,1796,1993,357,8,35,74,1197,456,92,1637,31,1951,1387,1009,958,740,444,117,1779
701,410,1588,44,1276,1522,1652,2054,942,1781,1488,1221,2013,1640,990,609,1322,888,1770,1350,1440
702,861,1156,823,1933,1995,1541,1214,444,958,357,174,498,1439,1993,1581,35,2013,1869,1796,1404
703,1581,1783,327,2034,1322,513,171,1699,1621,1440,6,7,799,99,1870,1308,823,1332,1640,1588
704,410,1588,174,1581,1440,1869,697,1699,1322,1640,1621,6,2034,227,262,171,2054,571,327,205
705,806,375,1018,1718,1684,1770,1800,991,839,944,846,1522,677,1488,236,1064,2012,1898,1480,1652
706,1588,410,513,799,327,171,2034,1783,7,1581,1322,1440,1640,174,1621,1332,1699,1781,2054,1995
707,1581,410,1588,1156,1214,1995,1440,2054,823,444,861,1933,1322,1699,958,1621,1640,1869,2034,174
708,958,74,456,498,1197,1993,1796,31,8,92,1637,357,289,35,1581,1869,1350,1056,2054,174
709,823,1995,1156,1214,1588,1933,861,444,1541,410,1581,227,1332,7,918,697,1712,799,171,1783
710,498,8,357,1993,74,1796,35,456,1637,31,92,1197,958,444,2037,174,1995,1541,1933,861
711,410,1588,2054,2034,1937,1581,327,171,525,227,7,1350,1332,1783,1719,23,799,918,1097,513
712,1588,410,327,1581,2034,7,1699,2054,870,794,1100,1350,1640,1937,1719,1440,1056,787,1274,525
713,174,1869,1156,1995,465,1588,410,823,1214,1932,1447,697,804,2013,1541,1046,444,1342,995,861
714,174,1869,1933,1995,444,1156,823,861,1541,1214,2013,2034,410,697,958,1581,1781,1588,171,1440
715,174,1869,1214,525,444,1995,958,1541,99,823,1581,1781,1156,1933,1097,1719,942,581,861,2013
716,991,944,791,871,1480,2068,1750,1447,1581,1933,1652,1869,227,990,444,375,846,1488,1995,942
717,861,1214,444,1995,1541,823,1156,1933,1581,174,1284,1206,1869,2013,2054,1586,804,44,1440,1056
718,8,498,1796,2054,958,444,1993,1350,357,74,861,92,581,1197,1933,456,1995,1156,174,1056
719,1156,1995,1541,444,1933,823,1214,861,958,2013,174,1869,35,1719,357,44,1488,1796,1993,1100
720,1156,861,1933,1995,1214,444,823,1541,8,357,1993,375,498,35,677,74,174,1796,92,1718
721,8,498,74,1993,357,1197,456,92,958,1796,31,1637,444,1995,35,1156,861,1541,1933,823
722,727,1833,221,14,93,749,1396,852,1183,1725,1697,301,881,1320,1927,1853,941,1721,337,1461
723,1869,174,1440,1322,410,1621,561,1699,6,1640,697,2013,823,1995,444,1559,44,1586,1567,1284
724,8,1796,498,1993,357,74,958,1995,456,444,1197,35,1156,1541,92,31,861,1637,1214,1933
725,1156,1995,1214,1541,1933,861,444,823,958,1796,8,357,498,1993,1637,174,74,1652,1522,236
726,1588,410,513,934,1097,23,327,1781,1712,1350,2034,2054,1719,794,942,227,195,7,171,174
727,498,44,1197,2037,1056,99,1948,74,8,870,2054,581,1781,456,958,1993,357,444,1097,1796
728,168,609,613,440,483,807,166,2070,1951,301,255,519,1961,1649,1832,1186,1667,43,1954,145
729,23,571,2054,262,195,794,1969,1322,1511,205,1384,193,934,1447,174,156,958,227,410,1699
730,958,44,498,289,1056,2037,1796,8,456,357,74,1993,2013,174,1637,1781,92,31,1869,1197
731,1440,1640,1621,1869,1322,1699,174,561,6,787,1586,591,113,405,1583,524,262,2013,1447,156
732,1588,410,171,7,2034,327,1783,1581,799,513,918,227,1201,1332,1350,1719,2054,1712,1937,174
733,1588,697,410,2013,1781,995,1869,1995,1712,958,174,227,444,787,1342,327,1586,2054,1699,1322
734,958,1156,1995,174,2013,1869,444,1993,498,823,861,1796,1933,1214,1541,8,357,1197,456,92
735,958,1993,1197,8,35,498,357,92,1796,444,74,1541,1995,1933,823,31,456,1156,861,1637
736,95,763,1289,671,1118,1703,1281,1381,1143,711,1775,1961,1539,128,881,648,1740,1923,712,1649
737,1995,1156,444,823,861,1541,1993,1214,8,1197,1933,357,498,456,1581,1796,74,35,31,92
738,2034,171,513,799,327,1783,7,410,1588,1214,1581,1937,1156,1933,1541,823,1712,861,1995,1350
739,74,456,498,1197,1993,958,1796,31,8,92,1637,357,35,44,2037,174,289,1869,2013,1581
740,357,498,1993,74,8,92,35,1197,1637,31,1796,456,958,444,1541,1995,1156,1214,1933,174
741,944,1447,1480,1750,227,991,871,791,1581,2068,823,444,1541,1933,1156,861,375,591,1214,1640
742,410,1588,171,174,2034,327,513,799,7,1869,581,1783,1581,1640,1699,1781,99,1201,1712,6
743,1796,498,1993,74,1197,357,92,35,8,456,31,1637,958,289,1995,1156,444,1541,1933,823
744,498,8,357,1796,1993,35,74,1197,456,92,1637,31,958,1869,174,444,2037,1995,2013,1541
745,410,1588,174,1869,1640,444,1995,1440,697,2034,2013,958,1156,1541,1781,1699,99,823,861,327
746,375,1718,444,1933,861,1156,823,806,1995,1064,1684,1018,1541,677,174,1214,227,1133,1750,1480
747,498,1993,357,31,1637,1796,35,74,8,92,456,1197,289,524,1567,465,1046,113,1915,916
748,444,861,1933,1995,823,1156,1541,1214,958,174,1869,1796,357,2013,1993,1948,35,1770,498,791
749,327,513,2034,2054,1937,171,7,1783,1322,410,799,1350,958,44,1781,581,1097,1588,1640,8
750,621,1800,594,172,759,839,1844,1851,1108,1793,1219,422,679,905,528,1275,729,1035,122,1255
751,1156,861,1995,823,1214,1541,1933,444,1404,1973,1439,174,1869,2013,944,1770,21,1447,791,591
752,1447,591,1322,1640,6,1621,1440,1699,561,2034,1869,7,174,116,1783,513,2054,1870,327,1350
753,174,1869,410,1712,171,799,2034,1588,823,327,7,1214,2013,513,1995,1783,1541,861,444,99
754,1387,1009,1779,740,1951,117,731,1672,1194,575,274,358,1873,1529,912,819,1520,1534,546,224
755,1581,823,174,1995,1869,861,1214,444,1156,1541,958,99,2054,1350,581,1322,1933,1640,870,1440
756,2034,171,799,513,7,1588,327,1783,410,2054,1097,1937,1719,1322,1781,1350,581,918,1201,787
757,168,613,483,166,440,544,1763,1186,249,1832,344,1950,1762,2070,763,1400,541,688,684,609
758,74,357,498,1993,8,92,35,1197,1322,1637,31,1796,456,1640,6,1699,1621,1440,561,174
759,727,1833,221,93,14,1396,749,852,1923,1539,1183,1281,1118,1853,1775,1664,1725,301,711,1749
760,410,171,1588,7,2034,327,1783,799,513,1581,1781,1201,918,1712,2054,1937,1332,174,1350,1719
761,1156,958,1796,1995,1541,861,823,498,8,1933,444,174,357,1214,1993,35,456,1869,92,74
762,174,861,823,581,1933,1869,1156,1541,1652,1995,378,1214,846,375,1488,990,444,99,1522,1350
763,357,1993,498,8,1156,958,1796,1995,1541,35,861,823,1637,1197,74,1933,92,444,174,1214
764,1869,174,23,195,1699,697,1581,410,2013,571,262,1156,1995,1640,1588,205,581,934,2034,156
765,498,357,8,1796,1009,1993,1387,35,74,1197,1951,456,92,1637,117,31,1779,740,958,1948
766,1058,1705,1283,1010,1764,582,1054,1355,1512,1751,1806,414,1143,1775,1149,448,711,1381,1856,1281
767,1156,823,1214,861,1541,1995,444,1933,958,1581,174,2013,2034,1869,1783,99,1056,513,171,1588
768,174,171,2034,1783,7,327,513,2054,1869,799,1995,1447,823,1350,99,444,1870,410,498,1201
769,14,93,727,221,168,749,344,1833,145,753,2006,323,440,1017,43,1251,941,1427,1396,1856
770,513,2034,799,7,171,327,1588,410,1783,1581,1719,1097,1781,1322,1712,174,581,1214,1869,1332
771,1869,1583,174,787,156,23,405,195,1511,1022,1308,1969,1384,697,571,262,2013,794,205,934
772,1588,799,7,327,2034,1783,513,171,410,1621,1581,1322,1712,6,99,1440,918,581,1332,561
773,2054,174,444,1869,227,1588,1350,410,1995,1937,861,1581,1322,581,99,1640,1719,1156,823,846
774,168,1207,77,648,364,1853,440,949,544,541,166,1713,1397,120,1789,1577,1937,247,1149,965
775,513,327,2034,1783,1712,7,870,1973,171,1346,799,684,820,99,1665,1272,1017,579,268,1921
776,561,1440,168,1640,1322,1699,6,1192,1621,440,1186,609,613,483,7,255,1863,960,914,2070
777,168,697,174,298,1869,698,524,870,1308,113,1856,916,1932,1284,475,1870,804,909,1032,1023
778,498,1993,958,8,35,357,1156,1197,444,456,1933,1796,31,1541,74,174,823,92,1995,1350
779,1156,1995,861,823,1933,444,1214,1541,174,1869,1581,410,1588,2054,2013,990,581,1522,327,2034
780,958,456,31,35,2037,498,8,92,44,1993,1197,1796,289,74,357,1995,1637,444,1541,410
781,1933,1156,861,1214,444,1995,1541,823,958,74,498,8,1993,357,1796,31,456,1637,174,289
782,1718,1064,1018,677,806,375,1133,1684,1439,1973,74,357,1197,8,1993,1796,92,1750,35,871
783,1156,1995,444,823,1541,861,1933,1214,8,74,357,1993,498,174,1869,35,1796,92,1197,958
784,168,613,255,609,1186,483,440,1192,289,1950,519,1763,344,1832,1789,1951,2037,1667,301,249
785,357,8,74,1993,1933,444,1995,92,861,456,1796,1652,1156,823,31,1214,990,498,227,1197
786,1581,1718,174,375,677,581,1018,99,1870,1133,2054,1869,1064,1781,444,1621,1322,2034,1684,1308
787,498,8,31,1993,35,74,861,1796,1637,1197,1541,92,456,357,1214,958,823,1995,1933,1156
788,410,1588,958,444,2034,823,1214,1156,327,1541,1995,861,171,1933,1097,174,513,7,799,1719
789,174,375,1684,498,806,1718,531,444,861,1018,434,958,1064,1624,1214,227,1156,1322,1995,99
790,944,991,871,791,1750,1480,2068,1933,174,444,823,1156,1447,861,1214,1541,227,1995,581,1652
791,174,1869,697,2013,195,581,1214,934,1699,23,1511,794,262,156,1995,571,2054,1581,1350,205
792,1156,444,1995,1933,861,1541,823,1214,958,2013,174,1869,35,1719,357,44,1488,1404,1796,1993
793,791,1480,944,227,1750,871,991,2068,1652,74,942,1350,1064,1447,1488,846,1684,1770,1937,8
794,513,120,410,7,960,323,1712,1332,1973,420,1066,698,193,918,1065,787,524,1870,1023,1969
795,444,1156,861,1995,1933,1541,823,1796,1214,8,498,958,1993,357,456,35,74,1197,31,1637
796,1156,1995,444,1541,861,1933,823,958,1214,35,1993,498,1197,8,1796,357,74,31,1581,2013
797,1156,1541,444,1995,1214,1933,823,861,1588,1869,174,410,1322,1447,1284,8,1993,357,958,1781
798,1993,8,74,357,498,456,35,1796,31,1197,92,1637,958,1156,444,1933,1541,823,1995,861
799,1995,1156,1214,444,861,1541,823,1933,1581,958,2013,174,591,1056,1447,35,806,1869,8,1993
800,174,823,1995,1214,1869,697,444,1588,410,861,1447,1541,1712,1156,1308,1586,1870,909,1933,2034
801,174,1869,1870,1581,1156,444,1712,1995,1214,99,581,1588,1781,2013,697,1308,823,1933,1719,410
802,1440,1621,1640,1322,1699,1581,561,6,823,444,1156,1332,861,1995,1214,1201,591,1541,846,934
803,787,1583,405,1022,1581,1588,1640,1322,799,991,2034,410,171,1201,1712,944,7,174,1447,1097
804,1588,2034,410,7,171,799,1783,327,174,513,1781,1869,99,581,1097,1719,444,23,1511,958
805,444,1995,861,823,1156,1541,1933,174,1581,1214,958,1869,1993,8,357,2054,1447,1796,498,2013
806,221,727,1833,14,93,1396,852,749,1183,1697,1725,301,1927,1923,1261,1853,941,1320,2037,1461
807,1156,861,1995,1541,823,444,1933,1214,174,958,1652,942,846,1770,1522,44,2054,1869,677,1350
808,410,1588,327,2034,799,171,513,7,174,1581,1783,1869,1781,99,1322,1719,581,1206,1712,1097
809,7,513,327,799,171,2034,613,870,1640,1322,483,1192,1699,6,1783,440,581,1621,1186,99
810,410,1588,1322,1869,1440,1699,1621,174,1640,1447,1781,1056,591,1156,1214,1586,804,561,1995,513
811,1995,1933,444,1214,1156,823,958,861,1541,35,1993,498,1197,8,1796,357,74,31,2013,174
812,168,1856,1705,738,1283,2070,109,763,1512,1010,1725,1832,448,440,609,1961,437,1667,483,364
813,301,1721,1183,93,14,221,749,727,1958,881,274,740,1534,1833,1211,1951,1241,1664,731,903
814,7,2034,1783,513,171,1588,410,327,799,174,1214,1322,1332,1621,1440,1781,2054,483,1640,613
815,1581,410,1588,171,262,7,525,1783,1869,1511,99,990,2034,1781,23,697,1488,571,174,958
816,1156,1993,498,1796,357,8,456,1933,1541,1995,1197,92,74,35,1637,958,444,1214,823,31
817,498,1796,35,357,8,1993,1197,456,92,1995,1156,1637,74,958,31,1214,444,861,1541,823
818,7,799,2034,1783,410,174,171,327,1588,156,195,1869,1201,794,262,697,513,1969,193,798
819,1718,1018,375,806,1064,621,1684,528,1770,422,1275,1800,1447,871,991,594,839,944,2043,729
820,444,1933,1156,823,861,1541,1995,1214,174,1993,8,498,357,456,1796,31,1637,74,1197,92
821,944,991,2068,1480,791,871,1447,1750,846,591,990,2012,1652,1522,1869,1276,174,227,942,1342
822,174,1869,113,1586,1023,698,2059,1046,916,524,1032,1342,465,909,1937,1284,2054,1932,1350,68
823,2034,1588,513,327,410,171,7,799,1783,581,1712,99,405,1781,1719,1097,870,787,44,1332
824,168,2070,437,513,1950,255,1973,1260,2034,1404,609,519,120,327,145,807,544,613,1832,1821
825,1869,174,113,524,327,410,2013,1588,1284,171,1781,1586,68,475,513,465,1023,1066,1322,1567
826,174,1869,691,1692,1156,963,1588,1995,410,823,1624,434,444,531,1870,1214,1581,861,719,1933
827,498,1993,35,1796,31,456,357,8,74,92,1637,1197,958,1995,444,1156,1541,861,1214,1933
828,1194,944,621,903,1624,991,729,759,1480,1447,594,1779,1750,1592,1652,422,1800,126,1035,1255
829,168,1951,156,798,262,483,1789,376,117,440,609,1384,1667,2070,364,255,1511,807,1950,1762
830,74,357,498,1993,8,92,35,1197,1637,31,1796,456,1322,174,1640,958,1699,6,591,1447
831,174,991,697,823,1869,791,1214,1995,944,1750,2068,444,1480,1588,410,861,1541,2054,1201,227
832,74,498,92,456,8,1993,1637,31,1197,357,1796,35,2054,1581,1322,1640,958,174,6,1447
833,410,1588,1276,2054,1522,1937,942,44,440,1186,327,513,1350,1781,2013,268,990,1640,171,888
834,1588,410,171,174,1869,2034,327,1995,513,99,581,1712,7,1156,1214,799,1522,1447,1781,1350
835,221,1833,727,14,93,1396,852,749,337,1281,1697,1118,1539,1183,1664,1927,1775,301,1725,210
836,1833,221,14,727,93,1396,749,852,1118,1539,301,1281,881,1183,1775,1268,1381,1923,337,582
837,1156,1995,861,823,1933,1541,444,1214,958,1770,1522,2013,174,236,1488,1652,888,990,942,1276
838,958,289,44,1156,444,1933,2037,1541,1995,8,823,861,1796,1214,498,2054,1993,1350,1197,870
839,7,513,327,799,171,2034,1350,958,1937,1322,1783,581,1640,561,6,99,289,1440,870,1699
840,174,444,1214,1097,958,1156,1869,1933,861,1522,1350,581,1781,23,375,2054,1995,823,1588,156
841,944,1447,1480,1750,227,991,871,791,2068,375,591,1640,1933,1350,823,444,2054,581,1718,1588
842,1512,1705,1058,1764,1054,1283,1355,1010,1751,582,1806,414,448,1149,1143,763,711,1381,1961,1749
843,727,1833,221,14,93,1396,749,852,1183,301,1725,1664,1923,337,1703,403,95,1281,941,1697
844,174,171,1783,327,525,2034,513,1937,799,581,44,7,2054,1781,1583,1350,1100,1719,977,691
845,357,31,498,8,35,74,1197,1993,958,1796,456,92,1637,1995,1541,444,1652,677,1770,375
846,1588,410,44,1276,1621,1440,1640,561,1699,1522,1322,1652,6,942,2054,591,1781,1488,2013,1937
847,1156,1214,1541,1995,444,861,823,1933,525,1770,1276,1522,2012,236,846,888,944,791,942,378
848,1993,498,8,31,357,958,74,456,1637,1796,35,92,1197,444,1933,1995,289,1156,44,2037
849,581,787,1583,7,174,99,513,405,870,410,327,1588,1781,1783,799,2034,171,1869,697,1712
850,1958,403,763,1961,949,1539,648,1973,1634,1551,650,109,1512,1751,1649,1869,1192,1186,1749,1211
851,991,944,791,871,1480,2068,1750,846,1652,174,990,1447,888,1770,1488,236,2012,942,1869,905
852,1581,410,2054,1588,327,7,2034,1783,581,1781,1937,171,1350,99,1097,513,958,799,1719,1440
853,1186,684,168,960,1274,420,1507,1973,289,1883,1330,323,2037,483,440,790,1156,1350,713,753
854,958,444,1933,1056,1156,1581,44,861,2054,823,99,2013,1541,1097,1214,1719,1781,1322,2037,581
855,1869,174,1214,823,1541,444,1995,1156,410,1588,1933,1322,861,697,2013,327,1440,1640,1712,195
856,1156,1995,861,444,1933,823,1214,1541,174,958,942,846,1522,44,2054,1869,1350,1447,977,1948
857,958,44,1796,498,2037,8,357,1993,289,1056,35,456,92,74,1197,1156,444,2013,1933,1995
858,861,1214,1156,823,1995,1541,1933,444,958,174,1869,1404,357,1796,2013,1439,1993,35,1581,1770
859,958,44,289,2037,498,1056,1796,8,456,357,74,1993,2013,1637,1781,92,2054,31,1948,1197
860,1440,1640,1621,1699,1322,6,1588,1581,561,410,958,2034,2054,444,581,1097,327,1719,799,1781
861,410,1588,2034,1581,327,1322,1440,174,7,1699,1640,171,513,6,1621,1156,799,444,1869,2054
862,1194,1652,1770,1276,227,378,942,1522,1488,2012,1933,861,846,236,888,174,990,903,1018,2054
863,174,1781,581,1869,870,99,410,1588,156,195,1621,958,794,1322,1712,262,697,1969,193,798
864,1447,591,1156,2054,227,1995,444,1214,697,823,1869,1350,357,92,861,174,1993,1541,1937,1933
865,171,7,513,1588,1783,2034,799,410,327,1214,1581,1156,405,444,823,1995,861,1933,870,1781
866,727,221,1833,14,93,1396,749,852,1183,1725,301,881,403,1958,1320,541,337,1853,1927,1721
867,168,613,609,255,483,1950,437,1186,440,807,120,960,519,344,763,1973,166,1856,1763,727
868,871,991,944,1480,1750,621,1898,942,839,791,846,1652,1276,2012,236,2068,1255,122,594,591
869,2013,1869,174,787,405,444,1583,99,581,1995,1156,861,1214,1588,1541,823,1781,1933,870,958
870,958,8,1796,498,44,1993,357,74,2037,1197,456,92,35,1869,2013,1156,31,1637,444,174
871,1480,861,944,444,791,1933,871,991,1156,823,1541,1995,1718,1750,677,1214,375,1447,1064,174
872,1833,221,14,727,93,1396,749,852,1697,301,881,1183,1927,1721,1853,337,1461,1320,1696,1923
873,958,456,31,35,498,8,92,1993,1197,1796,289,74,357,1995,1637,44,444,1541,740,1009
874,958,1869,174,44,444,1156,1995,2037,2013,1056,861,1781,1796,1933,8,823,498,1581,1541,99
875,498,357,8,1796,1993,35,74,1197,456,92,1637,31,958,1869,174,444,2037,1995,2013,1541
876,1387,1779,1951,1009,740,117,731,1672,575,274,358,1873,1529,912,819,1520,1534,546,224,289
877,1588,410,1699,2034,1640,7,1440,6,513,327,799,1621,1783,561,1322,171,1712,1581,1583,581
878,513,7,171,1783,2034,327,799,1397,405,1325,116,1583,2070,1022,437,460,166,2053,590,1503
879,823,444,1933,861,1156,1995,1541,174,1214,227,357,581,1869,8,1447,1581,74,1993,456,498
880,1933,444,1156,823,861,1995,1541,1214,958,2013,1322,6,1699,1440,1640,99,1588,1621,410,44
881,168,609,440,1856,483,255,1725,807,1832,166,613,2070,1667,1186,1512,960,1111,1954,145,109
882,1652,677,1770,375,1064,444,806,1718,1018,888,942,1133,2012,236,1933,1214,1276,1156,861,1684
883,174,1869,465,475,916,2059,696,1046,698,113,571,68,156,1144,410,1032,1567,23,1322,1559
884,410,174,958,1993,31,1869,8,1156,1197,1995,357,823,1796,498,444,74,92,1214,1581,1588
885,1652,1995,1156,174,444,861,1933,990,227,823,846,2012,942,1541,1770,236,1214,1276,1869,1522
886,621,594,1275,905,422,729,1255,944,1844,1108,172,759,1800,1035,1770,528,2043,122,839,1214
887,1993,375,357,8,1621,498,1640,174,1018,1718,806,1064,1440,74,1322,561,1637,1869,92,1197
888,1322,1640,6,1621,1440,1699,561,1156,591,444,1869,1046,1350,1447,823,1995,2054,113,1284,1023
889,7,327,1783,513,410,2034,171,799,1588,44,613,6,253,730,840,2037,1640,440,590,465
890,410,1588,2034,327,513,799,171,1719,7,1097,1783,581,787,99,405,1581,44,958,1322,1640
891,2034,1783,171,7,410,513,799,327,1588,405,174,787,1332,1583,1322,918,1206,44,1870,2054
892,1581,787,1869,1583,1322,99,405,2054,1699,1022,581,174,1640,1621,1712,1440,1781,262,23,2013
893,1156,791,444,1995,823,1933,1447,1541,1750,861,944,991,1480,871,591,1214,2068,174,1869,2054
894,2034,327,1588,410,513,171,7,799,1640,1322,1783,1699,1440,174,823,1621,561,1933,1541,1995
895,1588,410,1712,174,1719,2054,1781,44,581,1581,227,2034,958,327,1097,870,697,1937,1206,99
896,1440,1640,1322,1621,513,1699,561,7,2034,1588,327,6,799,410,1783,581,1350,171,870,2054
897,410,1581,958,174,1781,2054,1588,1995,1712,1719,1869,1937,581,870,513,1156,1097,918,405,1350
898,7,410,2034,1783,799,171,327,1588,513,2054,262,794,1332,1712,156,193,1581,23,205,1201
899,1480,944,791,991,1750,871,2068,444,861,677,1933,1018,2054,174,375,581,1350,1156,1995,823
900,174,171,1869,799,7,327,513,2034,697,1588,1783,1712,823,1719,410,1201,861,237,581,1438
901,444,1995,1933,1214,1156,958,823,861,1541,174,1869,2013,498,35,1796,1993,357,525,1581,410
902,1009,1951,1779,1387,740,117,602,1194,731,274,609,289,35,546,1853,594,575,912,1762,1796
903,727,1833,14,221,93,749,852,1396,1749,582,1539,337,1054,1118,364,1764,1400,1183,1355,1381
904,1156,1933,1322,444,1995,1541,1581,1640,823,861,1214,958,1440,1350,174,1699,2054,6,581,99
905,823,1995,1214,1156,444,861,1541,1933,2013,174,958,1869,35,1719,357,1796,1993,1056,1581,870
906,444,1156,823,1995,1541,861,1933,1214,174,1447,357,8,74,498,1993,2054,1350,1869,31,456
907,444,1995,1541,1933,861,1156,1214,174,823,944,1652,846,958,1770,1869,1488,991,791,2013,871
908,727,1833,221,14,93,1396,749,852,1664,301,941,1183,1400,541,1721,1725,210,1320,738,1461
909,168,1951,738,763,483,109,1923,1725,2070,117,440,609,1856,1961,376,301,299,437,1789,1821
910,1588,410,1581,958,581,1781,227,525,1719,99,1440,1712,2054,174,1276,942,1156,846,327,1097
911,944,991,2068,1480,1447,804,791,871,1144,1586,591,1342,1932,1750,68,1023,995,524,1066,465
912,1588,444,410,1581,174,1322,1640,861,1156,327,1440,1699,513,1541,171,2034,1214,1933,1995,1869
913,958,227,1719,410,2013,1781,1588,525,1933,99,1581,1097,1156,942,581,44,1869,1712,1056,1541
914,513,799,2034,7,1588,327,171,1783,410,227,1350,1640,581,1322,1937,99,1712,2054,1440,1621
915,1581,1156,1995,444,823,1214,1933,174,410,861,1588,2013,1541,958,1869,99,405,171,1097,327
916,221,14,1833,727,93,1396,852,749,1183,1664,301,1268,1721,1725,210,138,1719,1260,364,541
917,513,7,171,1783,2034,327,799,405,116,1583,1022,460,1910,2070,410,519,1397,166,1870,1098
918,1640,1621,410,7,561,1581,958,2037,2034,1915,1284,1440,6,513,1588,44,684,475,1699,591
919,2034,513,7,1783,171,799,327,1588,1581,410,1322,1621,1640,1712,1870,823,6,1440,1699,2013
920,1995,1156,1214,444,861,1541,174,1869,823,1933,958,1581,591,357,1350,99,1447,2054,1993,227
921,697,174,823,861,1581,1869,1156,444,581,1541,1933,1712,1640,1995,870,1621,1214,958,99,2034
922,168,2070,255,609,440,1832,1950,448,1186,613,960,414,437,483,364,646,138,1149,1400,807
923,791,944,991,1750,1480,871,2068,1712,1447,99,1581,1440,227,375,581,1322,1699,1332,1621,1201
924,1588,410,958,227,444,262,171,23,99,823,1156,1583,1097,2034,405,327,7,571,787,861
925,1156,823,861,1995,1541,1214,444,1933,174,1869,1581,1640,1712,2034,2013,99,1588,1322,958,1783
926,963,1692,1624,691,531,719,434,1684,456,806,1064,74,1480,498,375,1796,92,1447,8,1718
927,1480,944,991,791,1750,2068,871,1447,227,174,375,1522,1869,444,1652,591,1933,1770,806,846
928,1995,1156,174,444,861,1933,823,1541,944,1214,791,1276,871,846,1869,991,1488,1480,236,1652
929,1783,7,513,799,2034,171,2054,327,1937,1719,1350,1588,410,1097,1581,1322,561,99,1712,870
930,221,1833,727,14,93,1396,749,852,337,1725,1183,738,881,1775,301,1664,1281,582,1118,1355
931,823,444,1156,1214,1541,861,1995,1933,958,2013,174,1869,1719,44,1404,1100,1439,1056,1581,1427
932,1009,1387,1951,117,1779,740,1194,609,289,1853,602,35,1796,1762,357,2025,120,498,8,820
933,1588,410,174,227,1440,846,944,2034,791,697,1640,171,2012,991,942,581,1276,1522,2013,1480
934,498,8,1993,35,1796,357,31,1197,92,456,74,1637,958,174,1156,444,1933,1541,1869,823
935,2054,2034,327,1581,799,1588,513,7,171,410,1350,1783,1201,262,571,1332,1937,195,1781,23
936,958,1869,174,1796,1156,8,444,1933,498,1541,823,1993,1995,357,289,861,44,2037,456,1214
937,727,1833,221,14,93,1396,749,852,1183,1853,1725,301,941,541,1461,337,881,1927,1923,403
938,444,1995,1933,1214,1156,823,958,1993,861,1541,174,498,8,1869,357,35,227,1197,1719,1796
939,1993,498,8,74,357,456,1796,31,35,1197,92,1637,958,1995,444,1156,1541,861,1214,1933
940,168,301,255,2070,807,697,613,440,1186,483,609,77,249,1973,166,1308,145,1832,1821,1762
941,2013,1869,174,787,405,1583,444,99,581,1022,1995,1156,861,1214,1588,1541,823,1781,1933,870
942,327,2034,171,513,7,1581,799,1869,1995,174,1541,861,1783,823,410,1933,1156,1214,444,1588
943,958,1156,1995,410,1541,444,1933,823,1214,861,174,1588,1869,498,513,1322,1796,2054,357,8
944,410,1588,1581,227,958,581,2054,99,1719,444,1781,1097,1933,1322,1156,1440,2034,174,525,1350
945,621,528,1851,759,1898,422,1275,2043,1800,521,729,1255,1219,122,839,905,1844,1108,1035,679
946,168,437,1763,1400,2070,44,483,609,1789,613,1821,1950,1192,1439,456,289,1186,1762,1973,249
947,444,1995,1156,174,823,1933,861,1214,1541,1869,44,1719,410,2013,958,1781,99,1581,581,1588
948,444,958,1995,35,1993,1541,498,1197,8,1933,861,1156,1796,1214,357,74,31,823,2013,174
949,174,1869,1214,2013,1995,1581,1156,1588,99,697,1541,410,823,581,861,1712,444,2054,958,1937
950,168,2070,1762,145,1703,1727,364,120,1111,1400,671,301,376,1017,249,1289,1065,727,1211,166
951,1588,958,410,171,1869,227,2034,327,581,2013,444,513,870,1719,1712,99,1995,799,174,1097
952,1588,227,1440,1581,1640,410,1350,1699,1621,1322,2034,1937,581,561,2054,6,378,1488,1869,1712
953,444,1581,2054,1350,1781,174,8,410,99,498,1156,1796,1588,1869,958,861,1719,1995,1933,1993
954,7,1783,410,1588,2034,171,513,327,799,1100,525,1821,1950,688,278,977,1320,1719,377,730
955,1581,1719,1097,581,174,1781,525,410,1350,1712,99,44,1274,1206,977,405,1583,787,2054,1869
956,498,8,31,1993,35,74,1796,1637,456,92,1197,357,958,1995,1933,444,1214,44,1156,823
957,1933,1350,2054,174,1447,861,1581,1995,591,823,581,444,1156,1937,8,942,1869,498,990,1652
958,498,1993,8,1796,74,357,456,958,92,1197,31,35,1637,289,1156,444,44,2037,1933,1995
959,823,1933,1156,861,444,1541,1214,1995,92,1993,498,74,958,35,357,1197,1637,8,1796,456
960,410,2034,1783,799,171,7,2054,513,1937,1588,958,327,1201,1995,1541,1712,1933,787,1583,1350
961,327,1588,171,2034,513,7,410,799,1783,581,1712,99,405,1781,1719,1206,44,1097,787,116
962,327,2034,174,171,7,513,1783,410,823,444,1933,861,1995,1869,1156,1541,1712,1214,2054,1588
963,1581,174,410,444,1588,958,1869,2013,823,99,861,171,1097,327,2034,7,1440,1781,2054,1640
964,410,513,327,1783,2034,174,1588,799,1100,171,1869,697,1056,7,1652,1712,1719,1522,942,378
965,255,440,613,977,410,1186,475,113,262,609,753,1046,6,697,44,1588,1284,268,68,1948
966,1750,677,944,871,1480,839,759,621,823,1133,594,1933,861,1156,1718,2068,422,791,172,991
967,1712,410,513,1581,2034,7,787,1583,2013,405,171,918,1719,193,1332,1022,1097,799,1973,1995
968,1586,465,298,174,68,1023,1932,475,1853,804,909,1046,1567,524,698,1032,1284,113,995,1869
969,410,2034,7,1588,171,799,513,1783,1581,327,1699,1440,1322,561,1621,1640,1712,6,2054,1201
970,7,513,327,799,171,2034,1350,1440,1192,958,1640,613,1937,1869,1322,483,1995,609,870,1699
971,1440,1640,1322,1621,6,1581,1447,23,1699,174,1588,195,262,1869,561,156,697,410,571,794
972,1951,1387,1009,958,740,117,1993,1779,498,31,1796,35,1637,357,8,456,74,1995,289,444
973,944,1480,991,871,791,2068,823,444,1541,1750,1933,1156,861,1214,1995,174,1447,1581,1869,8
974,1588,1869,174,410,2013,1781,804,2034,995,958,99,581,1712,1581,1586,697,44,171,2054,696
975,1480,991,2068,944,1750,871,791,1624,531,227,1194,1652,434,942,903,1064,719,1488,846,963
976,1581,1969,1712,581,410,1588,99,1621,23,405,156,1322,2034,195,327,1440,171,571,561,205
977,1621,1322,1640,1440,6,1699,561,2054,1133,581,677,958,1937,99,918,1781,1350,262,1201,870
978,2034,171,513,327,7,1581,1588,1783,799,1712,2054,581,410,99,1621,1322,6,1440,405,156
979,944,1652,846,1684,1064,1770,1488,991,791,871,942,227,990,806,1522,1869,375,1018,1718,677
980,1156,1933,823,861,1214,1541,1995,444,2054,227,1719,1869,581,174,99,1350,791,991,944,1480
981,301,1721,1183,749,727,93,1958,14,166,1833,274,881,1534,1664,210,221,1725,740,403,1703
982,174,1322,1699,1440,1869,1621,1783,1640,171,1995,7,799,410,1214,1588,6,561,513,2034,1156
983,1588,227,174,410,444,1214,958,1156,1869,1933,434,2034,806,861,691,1522,375,677,1350,1097
984,1995,1156,444,1541,861,1933,1214,823,958,498,8,1796,357,1993,1869,35,74,456,174,31
985,498,1796,8,1993,357,74,31,92,456,1197,35,1637,958,289,1322,1948,174,1995,1156,1640
986,727,1833,221,14,93,1396,852,749,1183,941,1725,582,1923,403,1664,1539,1281,337,1721,301
987,1833,727,221,14,93,1396,749,852,1923,337,301,881,1183,1118,1664,1927,95,1281,1400,1697
988,1933,1156,861,1214,444,1995,1541,823,174,958,1684,1652,942,375,846,1770,806,1522,44,2054
989,1869,174,2013,405,1583,697,787,581,1214,794,23,156,1022,1699,1870,571,1995,116,2054,1581
990,958,289,8,498,1993,1796,456,74,1156,35,92,357,31,1933,1197,1056,1995,1637,444,1541
991,35,1993,498,1197,958,8,1796,357,74,31,456,92,1637,1995,1156,444,1541,990,1652,1933
992,1322,958,1640,1699,1621,1581,1440,174,1869,823,444,6,1995,1156,561,113,861,591,99,1350
993,791,991,1480,944,871,1750,1440,1156,1621,2068,1322,1640,174,227,591,581,823,561,1869,861
994,498,357,1993,8,1796,74,1637,35,31,456,1869,92,1197,174,444,1995,958,1541,99,1933
995,1833,221,14,727,93,1396,749,852,1118,337,1381,1539,881,1775,1183,301,1923,1281,711,197
996,1652,1488,1770,1522,942,1276,2012,846,236,990,378,888,791,991,871,357,1156,1995,1898,839
997,1993,498,1796,357,35,8,31,1637,1197,456,958,1995,92,74,444,1156,1541,861,1214,1933
998,1621,327,1322,174,1699,1869,561,2034,1781,1440,513,870,1640,7,262,410,697,581,6,1581
999,806,8,74,92,357,1993,456,498,35,1796,31,1197,531,434,963,1637,1684,1624,1692,719
