0,74,8,1637,456,1197,35,498,1796,357,92,31,1993,1933,861,823,1995,1541,444,1214,1581
1,74,1796,1637,8,498,456,35,92,357,1197,31,1993,1581,1933,861,1995,1541,823,1214,1156
2,8,1796,1637,74,498,92,1197,456,35,357,31,1993,174,1933,861,823,1214,1869,870,1581
3,513,7,799,2034,171,1783,327,1588,1581,174,6,410,1869,1621,1712,1640,561,1699,1322,1440
4,8,74,357,1933,1637,1796,92,456,498,35,861,823,1197,1541,1995,31,444,1214,1993,1156
5,1640,1440,1322,6,1621,1699,561,327,513,1783,128,2034,364,1649,1308,799,171,1539,1712,807
6,1796,74,1637,8,92,498,456,35,1197,31,357,1993,1581,958,861,823,1933,1541,99,1214
7,1637,1796,74,92,456,1197,35,8,31,357,498,1993,1951,1009,1933,1387,958,1581,823,740
8,262,1969,205,156,798,571,193,1384,1511,794,23,934,195,171,327,799,513,298,1284,1783
9,1796,456,498,1637,8,74,357,35,92,1197,31,1993,1581,958,870,2054,1350,1933,2037,174
10,1844,2043,422,1793,621,1800,122,172,2065,1851,521,1219,1035,679,905,1255,1275,839,1108,729
11,1480,991,871,1750,2068,944,791,1581,172,2043,1995,1844,621,1793,1851,679,528,1035,1275,1541
12,1796,35,456,1637,1197,357,92,8,31,498,74,1933,1214,823,1480,1993,861,1156,2068,791
13,301,327,965,2034,1183,7,799,44,513,2037,410,1588,1783,852,648,153,1056,1308,2054,1719
14,174,1869,405,1023,1022,74,1284,698,1567,1586,787,298,1583,92,113,1144,524,357,8,1350
15,376,1577,7,1783,171,327,799,2034,1111,1740,513,1581,671,1796,1969,1588,357,193,156,205
16,171,513,2034,7,1783,799,327,1581,2054,1937,6,1588,561,1699,1322,1640,1350,1621,410,1712
17,823,1214,1933,861,1995,1541,444,1156,8,74,498,92,1796,357,456,1637,31,35,1197,1993
18,823,1933,498,861,1995,1214,456,74,92,444,357,1541,31,8,1637,1197,1796,2037,1156,958
19,691,1624,1692,719,434,963,531,2068,861,1933,2054,991,444,713,1214,823,791,806,1350,1750
20,1869,513,174,7,2034,799,1783,171,327,1581,1937,1350,357,99,561,74,1796,498,2054,6
21,1637,74,1796,498,456,92,35,8,357,1197,31,1993,958,2037,1581,1933,823,1214,861,44
22,174,1869,870,581,1969,205,1781,262,1586,1581,475,794,498,357,99,804,1350,698,193,524
23,2068,791,1750,1480,991,174,944,871,1796,1869,7,498,1581,2054,8,1588,1350,35,870,99
24,1969,262,156,798,1384,193,571,205,195,23,1511,934,794,513,1783,7,799,2034,1712,6
25,799,7,1783,1588,712,43,513,410,171,327,2034,1699,561,1440,1640,1621,6,1476,227,697
26,456,498,1796,1637,8,74,35,92,1197,357,31,1993,1581,1933,861,823,958,444,1541,1995
27,35,1637,1796,74,456,8,1197,498,1581,92,31,1557,1993,357,670,948,224,912,591,1405
28,1796,456,8,498,35,1637,74,92,1993,1197,357,31,1581,958,1350,1933,2054,2037,691,823
29,1796,498,74,8,357,1637,456,1197,35,92,31,1993,174,870,1581,581,1869,99,958,1781
30,513,7,2034,799,2037,1783,174,1869,171,327,44,1937,1948,823,74,31,1796,958,1588,410
31,205,262,195,193,798,794,23,1969,156,934,671,1289,571,1511,1022,1384,1583,787,174,405
32,806,1718,1064,8,1796,1684,1637,74,92,1133,1018,375,1197,677,31,456,498,357,35,1993
33,74,1637,92,8,31,1796,1197,456,1993,498,35,357,1951,1009,1779,740,861,117,1995,1214
34,7,513,2034,171,799,1783,327,1588,1581,410,1322,1621,1699,561,6,1640,1350,958,1937,2054
35,7,513,799,1783,171,2034,327,6,174,561,1869,1621,1640,1699,1322,1201,1581,1588,1440,1332
36,1796,8,35,1637,1197,74,456,498,357,92,1993,31,958,990,1624,806,1684,1064,1581,1995
37,740,117,1779,1951,43,1387,712,1009,1534,1725,200,819,670,1557,1405,274,1529,912,1281,1381
38,74,1637,1796,92,456,8,35,498,1993,1197,357,31,1581,958,861,1933,823,561,1322,1541
39,727,221,14,1833,93,1396,749,852,21,168,1923,301,1061,1697,1186,1814,1703,613,1958,1961
40,582,1512,1751,1705,1058,1010,1283,1054,1764,1355,43,422,1149,679,712,1749,448,128,1281,299
41,740,1009,1951,1779,1387,117,1637,31,74,1197,1439,1796,92,934,1993,1404,8,357,1973,456
42,561,1699,1322,6,1640,1440,174,1621,1869,1581,1350,2054,870,99,513,1870,713,116,2037,74
43,7,513,799,2034,171,1783,327,1588,410,1581,1621,561,1699,870,6,1322,958,1719,174,1781
44,74,1637,1796,456,1197,92,8,498,35,357,1993,31,1581,861,958,1933,823,1995,1214,1541
45,1480,871,1750,1995,1214,1541,1933,823,2068,861,1156,991,944,444,791,591,1796,99,1712,1447
46,591,991,944,2068,1750,1480,791,871,1447,799,475,7,524,1712,1870,995,1156,68,227,804
47,1512,582,1751,1058,1054,1705,1764,1283,1010,1355,1281,1149,1749,128,422,109,1118,414,1775,1806
48,128,1058,1705,1512,1355,582,1118,1749,711,1010,1054,1283,1751,1764,1281,43,1539,1775,712,738
49,561,1699,6,1440,1640,1322,116,1621,1022,1583,1308,1869,1870,1969,174,405,794,205,262,798
50,456,74,1637,498,1796,92,8,357,35,1197,31,1993,823,1933,861,958,1214,1541,1995,444
51,1512,582,1705,1751,1058,1764,1054,1283,1010,1355,43,712,128,422,1149,299,1281,448,414,109
52,1022,405,1583,787,174,561,1322,1869,1440,1699,262,1640,205,1350,798,2054,698,1969,6,1332
53,7,2034,1783,513,799,171,327,1621,1699,1588,561,1322,1640,6,1440,410,958,1712,1581,1719
54,8,74,357,1637,456,1796,498,35,1197,92,31,1993,1933,823,861,1995,1541,444,1214,1156
55,1637,35,74,357,498,456,92,1197,8,1796,1993,31,1581,958,2054,1937,1201,918,2034,1350
56,6,561,1322,1640,1440,1699,1621,799,513,171,174,327,1783,1869,7,2034,1712,1350,205,1588
57,74,1637,1796,456,92,8,35,1197,498,31,1993,357,1581,958,861,1447,823,591,1933,444
58,171,1783,1588,7,513,799,2034,870,327,1621,561,6,498,99,958,410,1781,1712,1796,1322
59,74,8,1637,1796,35,498,92,456,1197,357,1993,31,861,1933,581,823,870,1581,174,1214
60,1581,1844,1439,806,759,1793,1718,594,839,1219,1973,1108,621,679,1035,422,2043,1404,1851,2065
61,513,799,7,2034,1783,171,327,1640,1869,1699,1440,174,561,6,1322,74,498,1621,2037,1796
62,1058,1512,582,1751,1705,1054,1764,1283,1355,1010,1149,414,1806,448,43,712,422,128,1749,1958
63,2068,1750,944,991,1480,871,791,1933,1541,823,1214,861,444,1995,1156,174,1440,6,561,870
64,498,357,456,74,1197,8,1637,92,31,1796,35,1993,1814,21,1061,1933,861,823,1261,1995
65,74,498,456,92,357,1637,1796,8,31,1197,1993,35,958,2037,1933,823,861,1581,1541,1214
66,1844,422,2043,1793,1800,621,122,1219,2065,679,905,521,1851,1035,172,1108,1275,839,594,1255
67,1869,74,561,174,498,1637,31,1197,357,1322,1796,35,92,456,8,799,405,1640,6,7
68,498,1197,74,456,1796,1637,8,31,92,35,958,1993,357,2054,1350,1588,561,171,1937,6
69,1512,582,1751,1705,1283,1058,1010,1764,1054,1355,422,43,1149,1898,712,448,679,1749,1800,1281
70,8,74,1796,498,1637,823,456,35,357,92,31,1197,1995,1933,861,1541,1993,1214,444,1156
71,513,7,799,2034,1783,171,327,1588,410,1712,6,697,1621,174,561,1719,1640,1869,1322,1581
72,74,456,8,498,1637,92,1796,35,357,1197,31,1993,861,823,1933,1214,1995,958,1541,444
73,1796,74,357,1637,92,456,1993,1197,8,31,35,498,1581,958,44,2037,581,798,99,205
74,74,498,1796,174,1869,92,456,1637,1581,357,8,31,1197,1993,35,1937,1350,2054,99,2037
75,74,1637,92,1796,456,31,357,498,1197,8,35,1993,861,1214,1933,444,1541,823,1995,1156
76,1796,35,1637,8,456,31,92,498,74,357,1197,1993,1933,823,1581,1541,861,1995,958,1214
77,2054,1933,861,1937,1581,823,1350,74,1322,6,1637,1640,35,561,1995,1699,1197,1541,444,8
78,171,799,513,327,2034,6,7,1322,1640,561,1699,1783,1621,1440,1588,410,2054,1937,1712,174
79,1581,1350,2054,174,870,958,591,227,1447,1869,1322,561,1796,99,1937,581,1699,35,1781,713
80,1796,74,1637,357,456,92,498,1197,1993,8,35,31,1581,958,581,99,2037,44,861,1541
81,6,1322,561,1699,1640,1621,513,1440,799,1783,7,2034,171,327,1937,2054,1350,1588,410,1869
82,513,1783,2034,171,799,7,327,6,1640,1322,1621,1699,561,1440,1937,1588,410,1350,2054,174
83,1783,1581,2034,7,513,799,171,327,2054,1937,1933,6,1588,870,1350,99,823,1712,1699,1621
84,1480,871,991,2068,791,1750,944,2043,172,1108,677,621,1851,806,528,1035,1581,1275,521,1844
85,1699,561,1440,1640,1322,6,31,2012,1637,357,888,2054,1621,1056,2037,846,92,1197,1276,1937
86,1725,1856,168,727,613,475,697,1186,2059,1192,1534,1405,113,909,696,1932,1342,1032,1144,132
87,1480,2068,791,991,871,1750,944,1995,1581,1933,174,861,823,1214,1541,444,172,1332,1201,621
88,561,1699,6,1440,1322,1640,1621,405,1022,1583,1350,2054,513,174,799,1783,1869,2034,787,7
89,1637,35,1796,74,1197,8,456,92,1557,31,1993,498,1405,948,912,357,670,1529,1534,200
90,1637,1796,8,35,92,1197,456,31,74,357,1993,1624,1779,498,1951,1009,806,963,691,1064
91,1937,1350,2054,171,7,799,1783,410,2034,1588,513,1869,74,327,581,1796,31,498,1948,1197
92,1512,582,1058,1751,1705,1283,1764,1054,1010,1355,1149,43,128,422,448,1806,712,1281,1749,1381
93,74,1637,456,1796,92,498,8,1197,357,35,31,1993,958,1581,2037,861,823,1933,44,1995
94,1933,1995,823,861,1541,1214,444,1156,498,8,456,1637,92,74,31,357,1197,1796,35,1993
95,799,7,327,1783,513,2034,171,1588,410,6,1621,561,1640,1699,1751,1260,1512,648,1705,1869
96,1581,1796,798,357,1637,74,1969,205,23,193,156,794,456,934,1197,571,92,195,498,31
97,1796,74,357,1637,456,92,498,1197,1993,31,35,8,1581,958,171,581,798,205,193,2034
98,74,456,1637,498,1796,92,8,357,1197,35,31,1993,1581,958,861,1933,823,444,1214,1541
99,7,513,1783,799,327,171,2034,1581,1588,174,1869,6,1621,1322,1640,410,1699,561,870,1937
100,95,1640,6,1440,1058,1512,561,337,1699,738,403,1406,168,1621,1054,1751,1950,1372,544,1010
101,7,513,171,799,2034,1783,1588,327,99,174,1781,1869,410,870,958,1948,697,561,581,2037
102,74,498,456,8,92,357,1637,31,1796,823,1933,861,1214,1197,35,1993,1541,1995,444,1156
103,1796,74,1637,92,456,1197,35,357,31,1993,8,498,1581,958,2037,1439,1973,44,1404,581
104,1480,2068,871,791,991,1581,1750,944,1933,1214,861,1995,444,1541,823,1156,174,1404,1796,1869
105,74,1796,1637,31,35,1197,357,498,456,8,92,1933,1993,823,174,581,1541,870,99,2054
106,498,357,456,74,1796,1637,8,92,1197,31,35,1993,1933,823,1581,861,444,1541,1995,958
107,712,43,1779,1951,1023,1009,740,113,1586,1559,1387,698,1588,524,1046,1336,609,117,475,1066
108,740,1009,117,1387,1779,1951,1725,1529,575,1557,912,1856,200,523,1405,948,474,195,1637,934
109,861,823,1995,1933,444,1156,1796,1214,8,1480,2068,1637,1541,35,944,991,92,456,31,357
110,1844,2043,2065,1793,1851,1275,172,1255,839,1219,1108,905,521,528,422,759,729,1035,1898,679
111,74,1796,498,1637,456,92,357,31,1197,8,1993,35,958,1933,1541,861,1214,444,823,1581
112,174,1869,7,799,513,2034,1350,171,1937,2054,870,1783,99,1581,581,327,1781,1588,1750,1480
113,74,8,92,456,498,31,1933,1796,1637,1197,861,1581,823,357,1541,444,561,1640,35,6
114,7,513,2034,168,1308,799,1186,613,1539,327,1725,1192,255,711,116,727,1332,171,1921,918
115,1637,74,456,8,498,1796,92,35,1197,31,1993,357,861,823,1933,958,1581,444,1995,1214
116,1539,711,1749,1381,1118,1775,1281,823,1143,1933,1995,740,861,1283,1387,1512,444,31,1541,1054
117,1796,74,1637,456,1197,1993,92,357,498,31,35,1581,8,958,171,1588,581,798,1719,193
118,1133,806,677,1214,861,823,1995,1541,444,1064,1933,1718,1684,498,1637,1156,378,990,8,375
119,823,1933,861,1214,1995,444,1541,1156,8,74,1637,35,1796,1197,498,31,456,92,357,1993
120,513,498,174,1796,1869,74,799,456,7,92,870,2034,357,2037,171,99,1581,8,561,958
121,727,221,14,1833,93,1396,852,749,301,1958,1923,168,1183,403,1703,1721,1961,197,128,1649
122,74,1637,8,498,1796,456,35,92,1197,31,357,1993,861,823,1933,1214,1995,958,1541,444
123,8,1796,74,1637,456,498,35,92,1197,357,1993,31,1581,958,1350,861,2054,2037,823,691
124,1637,74,456,1796,92,1197,8,35,498,357,31,1993,1933,823,861,1581,444,1541,1214,1156
125,513,2034,7,327,799,171,1783,174,1869,1581,1588,410,1969,1796,581,870,1781,1201,99,74
126,823,1933,444,1995,861,1541,1156,1214,799,513,2034,7,31,327,255,1783,301,74,904,1539
127,1796,1637,8,35,456,92,74,1197,31,357,498,1993,861,444,1581,823,1933,1156,1480,2068
128,1637,74,92,8,35,498,1796,31,1197,357,456,1993,823,861,1933,1214,1156,1995,444,1541
129,74,8,1637,1796,357,456,498,35,1197,92,31,1993,1933,861,823,1541,444,1995,1214,1581
130,1480,871,1750,2068,991,944,791,591,1581,1447,1624,1652,1488,677,1276,1350,378,990,174,227
131,74,1637,456,498,92,1796,357,8,1197,31,35,1993,861,1933,958,823,1214,1541,1995,444
132,727,93,221,14,1833,1396,301,852,749,168,1183,403,1649,1118,1961,1703,153,1397,1721,1539
133,410,1588,6,327,1440,1274,1948,1783,1200,1640,965,1516,513,289,1100,1350,832,1699,128,291
134,8,1637,1796,456,35,92,74,1197,498,31,357,1993,861,1779,1009,823,1951,1995,1933,2068
135,498,456,1796,74,92,1637,357,8,1197,1993,31,35,958,2037,44,1581,1588,1350,1719,513
136,1749,711,1281,1539,1381,1118,1775,1058,1512,1054,1143,1751,1283,1010,582,1705,1355,1764,403,1289
137,1539,1749,711,1054,1058,1281,1705,1512,1751,1010,1143,582,1118,1775,1283,1381,1764,1355,403,1664
138,498,456,74,1796,1197,8,1637,92,357,35,31,1993,958,1588,513,7,410,171,1783,2034
139,1800,422,1844,2043,1219,1793,122,905,1035,521,1851,172,621,679,2065,1255,1898,1108,1275,839
140,74,1637,92,456,31,1796,1197,498,8,357,1993,35,958,861,1933,823,1214,1541,1995,2037
141,74,31,92,2034,513,35,1796,498,1197,1783,8,1637,1993,456,357,7,171,958,799,1948
142,727,14,221,1833,93,1396,852,749,301,1958,168,1183,1923,1703,403,1721,1961,128,197,1725
143,1796,74,2034,498,357,456,799,92,513,1197,7,1783,1637,31,171,327,8,35,1993,1581
144,561,1322,1447,1621,6,1440,1640,1699,591,405,74,1586,698,92,1637,713,1993,1583,1933,861
145,168,1833,1923,221,14,1873,727,1512,575,1534,731,224,712,852,738,1938,1958,299,1721,1381
146,1512,1751,582,1058,1705,1054,1283,1764,1010,1355,1149,1749,414,422,448,1281,1806,1118,1775,711
147,799,513,7,2034,1783,171,327,6,174,1869,1588,1621,1640,1699,1937,1350,561,1933,410,870
148,1539,1118,1183,1856,1281,711,1775,1143,740,301,1951,1387,1749,1725,1480,117,1058,1534,546,738
149,174,2054,1869,1350,7,171,1937,513,1796,799,561,2034,1783,1581,1322,74,581,1588,870,1637
150,168,1923,1833,14,221,1725,712,299,1721,691,109,1649,1873,727,575,1183,949,1534,696,1961
151,2034,799,513,327,171,7,1783,6,1699,1640,1322,1869,561,174,1440,1621,116,1969,262,1870
152,513,799,7,2034,171,1783,561,6,327,1699,1640,1322,1440,1621,174,1712,1869,405,1350,205
153,1512,1751,582,1705,1010,1054,1058,1764,1283,1355,422,1281,1749,109,43,1149,1775,1898,1118,1539
154,991,2068,1750,1480,791,871,944,1541,1933,823,1995,444,861,1214,1156,174,1581,8,677,35
155,1844,1793,2043,2065,621,839,422,1851,122,1275,679,905,1219,172,1035,594,1108,1800,521,1255
156,1480,991,2068,791,944,871,806,677,1750,1133,1064,375,1684,1718,1018,903,1447,591,1214,378
157,806,1064,1718,677,1018,375,1684,1133,1796,8,1637,990,92,74,35,498,31,357,456,1197
158,74,498,456,357,92,31,1796,8,1637,823,1933,1197,1214,861,1541,1993,35,1995,444,2037
159,1869,174,1969,405,205,1022,262,698,1583,1284,475,298,1384,1699,794,1586,561,804,6,798
160,7,799,1588,1869,513,174,410,171,2034,1783,327,958,870,561,697,99,1712,1719,1781,1796
161,991,1480,2068,944,1750,871,791,2043,172,1793,621,1844,1275,2065,1851,679,1898,528,905,422
162,513,799,7,1783,2034,171,327,561,1640,1699,1322,6,1621,1937,1350,2054,1440,1588,1712,1581
163,1796,74,498,1637,8,35,456,92,1197,357,31,1993,1581,958,99,2054,581,870,174,861
164,1581,861,1933,174,1995,444,1869,823,1796,1156,1214,99,1541,498,8,870,1197,74,456,357
165,7,2034,799,513,1783,327,171,1588,1289,410,1533,1251,1201,671,1332,1853,1381,711,1539,1640
166,513,7,2034,799,171,1783,327,1588,1937,410,2037,958,823,44,1350,1581,1948,2054,444,1541
167,1796,74,1637,357,456,92,31,1993,1581,498,1197,8,1439,2037,35,958,1973,1404,1214,444
168,168,691,1624,227,1923,1938,1684,1958,1342,719,963,221,712,1833,375,852,1718,531,1286,434
169,301,1183,1833,799,965,852,727,14,513,327,1958,1056,153,403,7,221,1350,44,2037,93
170,1796,74,1637,498,456,35,8,357,92,1197,31,1993,1581,958,581,870,174,99,2054,1350
171,1637,74,1796,92,1197,456,1993,31,35,8,1009,740,357,1951,498,1387,1779,117,958,1581
172,1581,513,7,171,2034,1783,1933,799,1588,823,444,1750,1995,861,1541,1712,870,6,958,1214
173,1796,74,357,1637,456,92,1993,31,498,1197,1581,35,8,958,2037,44,581,1973,1439,99
174,513,7,171,2034,799,1783,327,1588,958,410,498,456,1796,74,1621,92,8,1197,6,561
175,7,799,171,513,1588,2034,1783,174,410,1869,561,327,6,697,1621,870,2054,1699,1781,1322
176,74,1637,1796,35,8,498,357,456,1197,92,31,1993,1933,861,823,1541,1214,1995,444,1156
177,74,1637,8,357,1796,498,1197,456,35,92,1993,31,1581,1869,1933,1541,861,823,174,444
178,2034,171,327,1783,513,7,799,1588,1581,498,92,1640,1796,456,6,74,958,1699,1637,357
179,799,513,7,1783,327,2034,171,1588,6,1621,410,561,1699,1640,1440,1712,1322,1869,1100,174
180,513,7,2034,799,171,498,74,1796,1783,357,327,1197,1637,456,92,35,31,8,1581,1993
181,7,799,1783,327,2034,513,171,1588,410,958,1869,498,870,965,1100,1621,99,6,1640,2037
182,727,221,14,1833,93,1396,852,749,168,1958,1923,403,21,1703,1764,301,1721,582,1010,1961
183,168,1923,1156,691,1721,1214,1684,1933,1938,1833,1541,444,221,1851,1624,14,1873,375,949,1650
184,582,1512,1751,1058,1705,1283,1764,1054,1010,1355,43,712,1149,422,128,448,299,1806,109,1281
185,1796,74,357,92,456,498,1637,1993,31,1197,8,35,1581,958,2037,44,581,99,2013,2054
186,1512,582,1705,1751,1058,1010,1764,1054,1283,1355,43,422,679,1149,1281,128,1749,299,1775,448
187,513,799,7,171,2034,561,1640,1783,6,1699,1322,327,1440,1621,74,1869,174,498,1796,456
188,1750,2068,1480,791,991,871,944,1350,2054,174,1581,561,1869,1699,7,591,870,99,697,1712
189,582,1058,1512,1751,1283,1054,1705,1010,1764,1355,43,1281,712,1749,1149,1381,1775,128,711,1806
190,513,799,7,171,6,1783,2034,561,327,1640,1699,1322,1621,1440,1869,174,1350,1712,1588,1937
191,2012,942,990,1276,378,236,1652,888,1488,1522,1770,846,1637,1197,31,1844,357,1793,35,8
192,7,513,2034,1783,171,799,174,1350,327,1869,99,1621,6,1588,2054,870,1781,193,1440,561
193,8,1796,1637,74,456,1197,92,498,35,31,861,357,823,1993,1995,1933,1214,444,1581,1541
194,513,7,1869,174,799,327,1783,2034,405,1583,1640,1440,171,1322,6,697,1699,1621,1022,561
195,168,727,1833,14,221,1721,852,1396,227,1938,1923,1958,1650,1821,1542,1725,613,1336,575,1186
196,1637,74,1796,92,8,31,1197,1993,35,456,498,357,1951,958,740,1581,1009,1779,117,1387
197,1512,582,1705,1751,1010,1058,1283,1764,1054,1355,422,43,679,1898,1281,1149,1800,448,1749,1775
198,991,861,2068,1933,1480,990,823,2012,378,1995,944,1541,1750,1652,444,1488,1214,942,871,1276
199,1637,92,456,74,1197,1796,35,357,8,1993,31,498,1009,1951,1387,1779,117,740,1933,861
200,74,456,1637,498,1796,92,8,357,1197,31,35,1993,1581,861,1933,823,958,1541,444,1214
201,1581,1869,174,205,1969,581,171,7,99,798,23,870,2034,794,799,571,934,2037,958,1796
202,168,1923,1649,221,712,1958,1833,1684,109,1961,14,1725,1938,1396,852,727,1665,299,1542,949
203,799,7,1588,513,1783,2034,410,171,561,327,1699,1621,1322,6,1640,1440,958,1937,1719,1350
204,205,1969,262,798,156,193,794,571,195,1511,934,23,1384,1796,74,357,1197,1637,498,1581
205,799,7,513,2034,1783,327,171,1588,1869,1712,410,174,1581,697,1322,1640,1699,561,6,1937
206,7,513,171,799,1783,2034,327,1588,174,1581,1869,410,1937,1350,870,1712,958,99,1201,1781
207,6,1699,1621,513,1322,799,171,561,1640,1440,7,1783,2054,2034,1937,1350,174,327,1869,1581
208,6,1322,1640,561,1699,1440,1621,74,1581,1637,498,92,357,1197,1993,1796,456,8,1783,174
209,7,1588,799,2034,171,513,1783,410,327,1796,958,174,1581,498,456,74,1719,31,1869,1197
210,2034,1783,799,513,7,171,327,6,1640,561,1699,1322,1621,1440,1588,410,1937,1581,1712,1350
211,327,799,1783,7,513,171,2034,1640,168,6,1440,1699,561,1322,1621,1712,1869,1937,1042,1950
212,7,513,2034,799,1783,171,327,1621,1588,6,1699,561,1322,1640,410,1440,1937,958,1581,1719
213,727,14,221,1833,93,1396,749,852,168,301,1923,575,21,1534,1183,1958,1255,948,541,358
214,1796,1581,357,74,1637,92,456,1993,1197,31,35,8,498,958,2037,174,44,581,99,870
215,7,1783,513,799,171,2034,327,1588,1581,74,1796,1712,410,498,174,1869,1937,357,1197,958
216,727,14,221,1833,93,1396,852,749,301,1958,403,1703,1721,168,1183,1923,1764,1725,1118,1961
217,174,1869,2034,513,799,171,7,327,1581,1783,2037,581,1588,1712,410,1969,99,870,1322,1948
218,991,1480,2068,871,791,1750,944,621,172,1275,2043,1108,528,1898,122,677,905,1793,594,1851
219,1322,561,6,1440,1640,174,1699,1621,1869,513,799,1783,7,2034,327,1586,171,1712,698,581
220,74,498,456,1637,1796,357,92,8,1197,31,35,1993,1581,958,2037,2054,581,1350,870,44
221,1476,262,205,1384,571,193,1969,798,156,7,1883,171,934,23,799,195,513,794,1511,1712
222,74,498,357,92,1796,456,1637,1197,1869,174,31,8,35,1993,561,513,2034,7,1640,799
223,7,1783,1588,799,171,513,327,2034,410,870,581,99,1781,958,1937,2013,1712,1201,1621,1100
224,1512,582,1058,1751,1705,1283,1054,1764,1010,1355,1149,448,1806,422,414,1749,679,1898,1281,1775
225,174,1869,1933,861,1214,1541,1995,1581,823,1201,1870,870,92,405,8,1156,74,498,31,6
226,498,456,1640,1796,6,74,561,513,1699,7,92,2034,357,799,1581,1322,1621,1783,1637,171
227,1480,991,2068,871,791,1750,944,1581,1995,1541,823,861,2043,444,1793,1214,1933,677,1488,1844
228,1480,991,871,2068,944,1750,791,2043,1793,172,1844,1275,2065,679,1851,1898,621,1108,422,1488
229,513,2034,171,7,1783,799,1588,327,410,6,1350,1937,1640,1440,1948,1699,561,174,1869,2054
230,74,1637,8,357,456,1197,92,1796,498,35,31,1993,1933,861,823,1541,444,1214,958,1581
231,1933,1995,823,1541,1214,444,1156,861,8,74,31,456,498,35,1197,1637,1796,92,357,1993
232,799,513,7,1783,327,171,2034,168,1640,1621,561,6,364,1699,255,1100,1440,1186,613,697
233,1933,823,861,1214,1541,1995,444,1156,74,8,1637,1796,35,498,31,1197,456,92,357,1993
234,74,1796,357,1637,92,498,456,1197,8,35,31,1993,1581,958,561,1640,1322,1699,2054,1350
235,513,7,171,799,1783,2034,327,1588,410,6,561,1621,1640,1699,1712,1322,1440,1201,1937,1869
236,1624,691,719,806,1064,434,963,1692,1718,531,375,1684,1018,871,1581,1480,1796,791,8,2068
237,74,1637,8,1796,498,35,92,456,357,1197,31,1993,174,1869,1933,861,823,1214,1541,444
238,1796,8,74,1637,498,35,1197,456,92,357,31,1993,823,1214,861,1995,1541,1933,444,1156
239,174,1869,513,870,7,99,1712,1588,2034,581,1781,1783,410,171,1586,799,1350,561,6,698
240,7,2034,171,799,513,1783,327,1869,1588,1937,174,581,870,99,1322,2054,1581,1699,1621,1781
241,1581,513,799,7,1869,174,171,2034,1783,327,823,1541,444,1332,1350,1201,2054,1995,1937,1712
242,1214,861,1995,823,1541,1933,444,677,806,1133,1581,8,1156,1796,1637,498,74,456,35,1064
243,6,561,1440,1699,1322,205,1640,262,1969,193,174,1621,156,1384,1869,798,571,799,513,794
244,7,513,799,2034,1783,171,327,1869,174,1588,6,410,561,1640,1322,1621,1699,870,99,581
245,74,498,1637,1796,8,1197,456,35,357,92,31,1993,1214,861,823,1933,1541,444,1995,99
246,1796,74,1637,357,456,92,1197,498,31,8,1993,35,1581,958,2037,581,44,1973,99,2013
247,301,1183,799,1621,1958,852,7,513,327,403,2034,1699,1833,1350,1274,153,561,1289,671,1322
248,1512,582,1058,1705,1751,1010,1283,1054,1764,1355,1149,422,679,1749,128,1281,1775,448,1381,43
249,1637,74,8,35,1197,1796,498,456,92,31,357,1993,1933,861,1214,444,823,1995,1541,1156
250,513,7,1783,171,2034,799,327,1588,1581,410,6,1621,1712,1937,2054,561,1640,1201,1699,1350
251,174,1869,513,7,2034,1783,799,171,327,298,1588,804,475,1932,698,410,1023,581,870,1284
252,405,1022,1583,787,1869,174,1350,698,475,1322,205,298,2054,1342,1284,262,561,1937,1332,1201
253,513,2034,7,1783,327,799,171,1933,1214,1588,823,861,1156,174,410,1541,1995,444,1869,1201
254,991,1480,2068,944,1750,871,791,8,1933,861,823,1995,1637,1581,1541,1796,35,456,1214,591
255,74,1637,498,456,92,1796,31,8,1197,357,35,1993,1933,823,861,1214,1541,1995,444,1156
256,727,14,221,1833,93,1396,749,852,168,301,1923,21,1721,1183,1255,1958,1764,575,2043,613
257,1637,74,1796,92,456,35,498,1197,8,357,1993,31,958,1581,2037,44,2054,289,1439,1973
258,1869,174,1583,698,405,475,1586,1342,205,1284,1022,298,1969,524,804,1932,1023,262,1066,1567
259,1796,1581,74,357,1637,498,456,92,31,1197,958,8,1993,35,171,1588,2034,99,7,513
260,712,912,575,43,1873,731,1672,1534,1923,948,274,1557,200,1405,1529,224,1520,1856,1664,670
261,7,799,513,1783,171,2034,327,1588,6,1621,1699,410,1869,174,99,561,1350,870,1640,1440
262,1793,2043,1844,1851,1108,1275,806,2065,172,679,905,677,621,871,528,521,839,991,1035,122
263,740,1387,1009,1951,117,1779,1637,31,1856,74,1197,1557,1529,1281,200,912,474,1381,1993,711
264,1480,1750,2068,991,871,791,944,1581,1995,172,1898,528,1933,621,1973,823,861,594,1541,905
265,727,14,221,1833,93,1396,852,749,168,1923,301,1958,1186,403,1183,613,1703,1961,731,197
266,74,1796,1637,498,357,1197,456,8,92,31,174,35,1869,1993,1581,1322,561,7,870,1640
267,513,7,2034,171,799,1783,174,1869,1588,327,410,1350,1937,1712,99,697,2054,870,823,1541
268,1581,861,8,74,1796,1637,498,1933,444,1995,823,1541,1197,1214,456,35,92,357,870,958
269,7,171,1783,513,2034,799,327,1588,174,1869,410,1581,99,1781,870,1350,1712,958,1937,581
270,1796,1581,74,1637,8,92,357,456,35,1993,498,1197,31,806,861,1718,1064,677,1214,444
271,7,513,1725,2034,327,1783,168,799,1921,697,171,475,1056,1856,1156,727,1251,1865,715,823
272,74,1796,1637,92,456,357,1993,1197,498,31,8,35,1581,958,861,1214,444,1933,1541,823
273,1512,582,1751,1058,1705,1010,1283,1054,1764,1355,43,1281,712,1749,1775,1381,1539,448,1149,711
274,1512,582,1751,1705,1283,1054,1058,1010,1764,1355,422,1749,1281,1149,109,43,1898,448,712,1800
275,1796,1637,456,498,74,35,8,92,1197,357,31,1993,1581,958,2054,1350,174,823,2037,861
276,1796,8,1637,498,92,456,35,357,1581,74,1624,1933,1197,691,444,1993,31,861,823,1541
277,727,221,14,1833,93,1396,749,852,168,1958,301,403,1923,731,1703,1534,128,1961,948,1721
278,727,221,14,1833,93,1396,852,749,301,1958,1703,1183,403,1923,1721,197,1961,168,541,1539
279,8,74,1637,357,456,92,1197,498,35,1796,1993,31,1933,861,1541,823,1995,444,1581,1214
280,74,1637,498,456,92,8,357,1796,1197,1993,35,31,1581,958,2037,1933,861,823,870,581
281,1699,1447,227,591,1322,561,1350,6,1869,174,1440,1640,1712,2054,1022,870,1581,713,871,1750
282,1796,357,35,1637,1581,74,92,8,1993,1197,456,498,31,958,174,531,691,1869,1056,713
283,1933,823,444,1541,861,1214,1995,1156,1796,498,74,1581,456,8,357,1637,35,92,31,870
284,799,2034,1783,327,513,7,171,1640,6,1322,1699,1621,561,1440,1937,1588,410,2054,1712,1350
285,727,14,221,1833,93,1396,852,749,168,1958,1534,403,301,1923,1703,731,575,948,274,819
286,74,1637,8,456,1197,1796,498,35,357,92,31,1993,1933,861,1581,823,444,1541,1995,1214
287,7,171,1588,799,193,1783,513,1969,1384,205,2034,410,262,571,23,156,798,174,1712,794
288,8,74,498,357,1796,456,1637,1197,92,35,31,1993,1869,99,174,870,581,1581,1781,1933
289,513,2034,171,1783,7,799,327,1322,1699,6,1621,1640,561,1440,1588,1937,410,1948,1581,2054
290,1637,74,1796,35,8,1197,92,456,31,498,1993,357,1581,958,861,591,1933,823,444,1447
291,1869,174,7,513,561,1933,405,823,1581,799,1214,6,1640,1322,2034,861,1541,1583,498,1440
292,8,1796,1637,357,74,498,35,456,1197,92,677,1993,1133,31,806,1214,861,1581,1718,1684
293,1796,74,1637,92,456,1993,357,1197,31,35,8,498,1581,958,44,1439,2037,1973,1404,581
294,1637,92,498,74,357,1796,456,8,35,1197,31,1993,958,1581,1933,2037,823,1541,1214,861
295,1796,1581,1637,74,456,357,1480,1750,31,35,498,1197,8,92,871,2068,991,958,791,1993
296,74,1796,498,1637,8,456,92,35,357,31,1197,1993,958,1581,861,99,2037,1214,2054,823
297,1951,740,1387,117,1009,1779,1637,74,1197,31,8,92,35,456,1993,1796,498,357,861,444
298,74,1637,1796,498,1197,357,456,8,92,35,31,1993,1350,1869,2054,1937,677,174,581,958
299,1624,691,719,963,1692,1637,434,35,531,8,1796,1197,92,74,1993,456,806,357,1718,31
300,74,1637,456,498,357,1796,92,1197,8,31,35,1993,958,2037,1581,44,581,861,2054,99
301,2068,1750,991,791,944,1480,871,174,823,1933,1214,1541,444,861,1995,1869,1156,870,1973,193
302,7,2034,171,513,1783,327,799,6,1621,1440,1699,1322,561,1588,1640,410,174,1937,1869,1100
303,168,1713,727,1156,442,1665,1649,1449,1923,1542,1950,1933,575,949,1214,1821,224,1042,1541,1938
304,990,942,2012,1652,888,1488,378,236,1276,1770,1522,1480,846,991,944,1750,871,2068,791,1581
305,1796,1637,8,456,35,92,357,1197,74,31,498,1993,1581,1480,2068,791,944,991,861,1750
306,74,456,357,1796,1637,498,8,1197,92,35,1993,31,958,99,581,1933,1581,861,823,1541
307,1796,1637,456,74,498,92,1197,357,8,35,31,1993,958,1581,2037,44,289,2054,99,1276
308,2012,1197,74,942,1637,990,357,1796,1488,31,456,1276,1770,498,236,8,92,378,1652,35
309,1995,823,1933,861,1214,444,1541,1156,2068,991,1480,944,1750,871,791,677,1133,378,1064,806
310,582,1705,1512,1010,1058,1764,1751,299,1054,109,1355,1283,712,43,128,403,1923,1281,1725,1577
311,513,6,1322,561,174,1440,1640,1621,1699,171,799,2034,7,1869,1783,327,1350,2054,1588,1201
312,1749,711,1281,1381,1054,1539,1512,1118,582,1705,1283,1058,1775,1751,1355,1143,1010,1764,1588,410
313,2068,1350,174,1581,2054,99,1750,791,871,861,870,991,944,1869,1480,823,1933,1937,1796,1781
314,513,327,1588,2034,7,1783,410,799,171,6,1869,174,1440,1699,1621,1640,99,561,581,870
315,1581,1796,74,357,1637,456,1197,498,171,31,2034,1541,7,92,8,1933,823,958,444,2012
316,74,1796,1637,456,92,498,8,1197,35,31,1993,357,958,1581,561,6,1322,1640,1621,1699
317,498,456,74,1637,357,1796,8,92,31,1197,35,823,1993,1933,1581,861,1350,1995,1541,1937
318,2068,1480,871,791,991,944,1750,1581,1933,1995,861,823,1541,174,8,1796,591,444,1214,870
319,174,1869,1796,74,1637,31,498,870,35,1581,357,1197,2054,8,92,7,1350,581,1586,513
320,691,1624,719,1692,434,963,531,1447,1933,861,591,823,1214,1995,444,8,2054,35,1541,1350
321,7,513,171,2034,1783,799,327,174,1869,1588,1581,410,1937,1796,74,2054,1350,99,581,870
322,1751,1512,1355,1054,1283,1058,1705,582,1010,422,1108,521,799,1764,7,1219,528,905,2043,1851
323,301,1183,1721,727,1833,14,1923,221,1725,1058,93,1764,523,1856,763,948,1054,1396,1672,274
324,74,1637,498,1796,456,1197,92,357,8,35,31,1993,1214,823,861,958,1541,444,1933,1995
325,1796,74,1637,456,92,357,1197,498,8,1993,31,35,1581,958,861,444,581,1973,1933,823
326,7,513,799,2034,171,1783,327,561,6,1699,1621,1322,1640,1588,1440,410,1712,1581,1350,697
327,7,513,799,1783,2034,171,327,1588,410,6,1621,1322,1699,1350,1440,561,174,1869,1640,870
328,174,1869,581,1586,791,1581,1284,1480,2037,871,1588,524,1712,99,870,991,2013,1750,2068,698
329,799,513,6,7,561,1783,1969,2034,1699,193,1640,171,116,262,794,1621,205,327,571,1322
330,1512,582,1751,1705,1058,1054,1010,1283,1764,1355,1749,1281,422,1149,1775,1118,128,679,1539,711
331,1699,6,561,1322,1440,1640,1621,405,1022,1583,2054,1783,513,799,1350,171,1937,2034,1447,7
332,1869,174,1933,1447,591,1214,2034,1541,298,1201,513,444,799,7,823,861,327,1156,870,1586
333,1283,1355,7,799,1058,327,171,582,1010,2034,1775,1054,1749,513,1764,1022,711,153,1588,1705
334,1933,861,1214,35,823,74,1637,1995,1796,8,444,498,1197,1541,456,92,31,1156,357,1993
335,74,1796,1197,1637,498,456,357,92,31,1993,35,8,958,1581,1783,171,7,513,799,2034
336,1933,861,1796,1214,1995,1637,8,444,74,35,823,1480,1541,2068,1156,357,456,1581,92,991
337,8,74,1637,1796,498,357,1197,456,35,92,31,1933,1993,861,823,1214,1995,1541,444,1156
338,74,498,92,1796,357,31,456,8,1993,1637,1869,1197,513,174,35,2037,799,2034,327,171
339,74,456,498,357,1637,8,92,1796,35,1197,31,1993,1933,861,823,1541,1214,1995,444,958
340,74,1796,498,8,1637,456,92,35,357,1197,1214,1993,31,444,1541,823,861,1933,513,1581
341,1796,74,1637,357,92,456,8,498,1197,31,35,1993,1581,958,861,444,1541,823,1933,99
342,513,7,1783,2034,171,799,327,1588,410,1581,958,174,1937,1869,2054,1350,870,498,99,2012
343,677,1133,806,1064,1718,375,1018,1684,1480,1350,2012,378,1937,990,1652,871,1488,1796,991,1581
344,1796,8,1637,74,498,357,456,92,35,1197,1993,31,1581,806,1718,1064,677,1018,1350,1684
345,7,513,799,2034,1783,171,327,1588,410,1621,1699,561,6,1322,1640,1440,1350,958,1937,1781
346,1844,2043,1793,172,621,122,521,2065,1035,1219,422,1255,1851,905,679,839,759,1800,594,1108
347,1933,1581,823,1541,861,74,8,456,1995,498,1796,1214,92,444,31,1637,174,357,1993,35
348,7,2034,513,171,327,799,1783,1588,410,1581,958,1796,498,74,174,1201,870,1869,456,99
349,1844,2043,1793,422,1800,2065,905,1219,839,1851,122,679,1035,1275,1108,521,621,1898,172,1255
350,8,1796,74,357,1995,498,456,1197,31,92,35,1541,823,1933,1156,1637,861,444,1993,2012
351,799,1969,7,1588,171,1783,2034,958,798,327,2037,571,561,410,205,193,934,1869,23,44
352,799,513,1783,7,2034,171,327,1869,174,561,1969,6,205,1440,262,1621,1699,1322,1640,193
353,1480,871,991,2068,944,791,1750,1851,1275,2043,1844,1793,1108,839,528,172,1035,759,2065,905
354,1796,74,1637,357,92,456,31,498,8,1197,35,1993,1581,958,823,1541,1933,861,1214,444
355,1637,74,1796,92,456,1197,498,8,35,31,357,1993,1933,823,958,1581,861,581,99,1214
356,168,1923,221,727,691,1833,14,575,1873,719,1624,1938,93,1958,224,731,299,712,963,1396
357,1796,498,74,456,92,1637,8,357,31,35,1197,1993,958,2037,44,1581,2054,1350,1937,99
358,168,221,1833,1923,727,14,93,691,949,1649,1958,299,1396,1873,1512,227,575,109,712,696
359,991,871,2068,944,1480,1750,791,2043,1844,1793,839,1851,122,1275,594,528,521,905,621,172
360,1276,990,942,1488,1652,1581,2012,378,1480,1770,888,1447,991,1522,2068,1624,8,944,236,871
361,2012,1276,942,1652,990,1488,378,236,846,888,1522,1770,1581,2054,1937,1350,1637,8,357,1197
362,1624,691,719,1692,434,963,531,806,1718,1064,871,375,791,1684,1018,1750,2068,1480,1581,991
363,1796,1588,1581,410,7,171,958,74,1783,2034,31,1197,456,1637,498,799,357,174,513,92
364,1214,861,823,444,1933,1995,1541,1156,1637,8,1796,498,74,1581,456,357,92,35,1197,31
365,712,43,128,819,738,168,1958,1751,1058,1283,582,1512,403,299,1705,1923,224,1749,1873,1355
366,513,7,799,1783,2034,6,1869,327,174,561,171,1640,1699,1588,410,1440,1322,1350,1621,698
367,2068,991,871,1750,1480,791,944,1581,1844,594,2043,1793,172,528,839,1898,621,1851,1255,122
368,1581,7,1796,958,171,1588,1783,2034,498,799,513,74,456,1637,357,174,92,2054,31,1937
369,301,1183,1721,1923,1058,1833,221,1054,763,1764,1961,14,403,1751,1512,1355,1705,1289,582,1725
370,171,513,7,799,2034,1783,327,174,99,1869,1581,870,1588,1796,581,958,498,1214,1933,1781
371,378,1652,1488,1276,990,2012,942,1933,888,236,1995,677,861,823,1108,621,1541,1581,846,991
372,1796,1637,357,74,92,456,8,498,35,1993,1197,31,1581,1480,871,2068,1750,944,991,958
373,1512,1058,1751,1705,1010,582,1355,1283,1764,1054,43,1281,128,1749,712,1539,711,1118,1775,1381
374,357,1796,74,92,498,1637,456,1197,31,35,1783,2034,171,1993,7,799,513,8,561,327
375,1869,1969,174,799,327,2034,262,171,513,7,205,193,1022,1783,1699,23,794,798,116,156
376,301,1183,1721,1058,1923,1764,1833,1856,1725,1705,1054,403,727,1355,1289,1751,14,582,763,1961
377,1581,1796,1624,498,1637,691,456,8,719,958,357,74,1350,806,92,35,2037,1064,1197,1993
378,1621,6,2034,1783,1440,1640,1699,171,2054,1322,1588,513,1937,1350,561,7,958,799,327,861
379,1933,861,1995,444,1541,823,1156,1214,1581,870,156,193,1969,205,262,798,794,8,571,1712
380,582,1283,1751,1054,1058,1764,1512,1705,1010,1355,1806,1149,448,414,712,43,1381,301,1281,1261
381,1969,798,794,193,205,934,23,156,571,262,1384,1511,195,561,1581,1621,1699,581,6,1440
382,513,799,2034,7,1783,171,327,6,1640,561,1699,498,1440,1322,1621,74,456,92,1796,357
383,582,1512,1751,1058,1283,1705,1010,1054,1764,1355,43,712,1749,1281,1149,448,1381,1806,711,1539
384,2043,991,1480,1844,871,1793,2065,1275,1851,839,2068,944,172,679,1750,621,791,422,1898,1035
385,2054,1581,1350,1869,174,1937,823,2068,1750,991,1480,7,1995,870,1933,1973,861,1541,2034,1796
386,513,171,2034,7,1581,1783,799,327,1796,1588,823,444,1933,1541,1214,74,861,498,1995,456
387,74,357,8,498,1796,1637,456,92,1197,31,35,1993,1581,1869,174,2037,1937,958,1933,870
388,1796,74,1637,92,357,456,1993,8,1197,498,31,35,1581,958,581,99,2037,1439,1973,2013
389,74,1796,1637,8,35,498,31,456,357,174,92,1197,1869,1993,1567,1284,698,298,1332,1915
390,74,1796,1197,498,357,456,1637,92,31,35,1993,8,7,174,1783,1869,2034,171,799,513
391,1796,1637,8,35,92,1197,456,74,31,1993,357,498,1951,1009,1779,740,1387,117,1581,861
392,691,1624,719,434,1692,963,531,1796,35,8,498,456,1637,74,1197,92,1993,357,31,1581
393,799,7,1588,1783,2034,171,410,327,513,6,1621,1640,1699,561,2037,1440,958,1322,44,498
394,727,14,1833,221,93,852,1396,749,301,1958,403,168,1255,621,1592,1703,1721,1764,594,1923
395,1725,1856,168,1951,613,475,696,1156,117,677,1214,1192,1133,1779,740,1387,727,113,1921,1186
396,7,799,1783,1588,2034,327,513,171,410,1621,6,561,1699,1322,1640,958,1440,1948,648,788
397,168,221,691,1923,1624,1833,14,712,93,719,949,1649,1342,727,696,298,1938,227,963,1873
398,1933,861,1995,823,1214,1541,2068,444,1750,1480,174,944,871,791,991,1156,1796,8,1581,456
399,727,14,221,1833,93,1396,852,749,301,1958,403,168,1923,1255,1764,1721,1703,1183,621,594
400,561,1699,6,1322,1640,1440,1621,799,513,171,7,1783,1350,2034,2054,1937,327,405,1447,1583
401,1637,456,74,357,1796,1197,92,8,498,35,31,1993,1933,823,861,1541,1995,444,1156,1214
402,513,7,2034,799,171,327,174,1869,1783,1588,410,581,99,870,1781,2013,2037,1581,1712,1350
403,74,498,456,35,8,1796,357,92,1640,1637,1197,1993,1699,561,513,799,1440,1322,31,1350
404,74,1796,498,456,1637,1197,357,8,92,35,31,1993,958,1581,2037,44,99,1933,581,870
405,8,498,74,1796,92,1637,357,35,31,456,1197,1993,1933,823,861,1995,1214,1156,174,444
406,357,74,456,1197,498,1796,1637,8,31,35,92,1993,1581,1948,581,1783,99,1937,958,171
407,561,1699,6,1322,1440,1640,1621,1350,2054,799,513,1937,171,1783,7,2034,405,1447,1583,327
408,799,7,327,513,2034,171,1783,561,1699,1022,116,787,1440,6,1583,1322,1308,1588,1621,405
409,168,1833,221,727,14,1923,575,1958,93,691,1396,852,1821,731,1873,224,1721,949,1725,1534
410,74,498,92,456,357,1796,8,1637,31,1993,1197,35,2037,958,44,823,1933,861,1581,1541
411,498,74,1796,823,456,1637,1350,8,92,1541,1581,357,2054,444,861,1995,31,1933,1214,1197
412,168,1923,712,1938,1649,227,375,1958,221,1725,299,1684,696,1833,738,109,1665,1286,442,1718
413,727,221,14,1833,93,1396,852,749,168,301,1923,1958,1183,1721,403,1703,21,1961,197,541
414,193,798,205,1969,1384,571,156,262,934,23,794,171,195,7,1511,1588,799,1796,1783,2034
415,1796,74,8,498,1637,456,92,357,35,1197,31,1993,1933,823,861,1541,1214,1995,444,958
416,1869,174,1969,205,262,193,1384,794,156,798,513,23,571,195,2034,1796,1511,698,7,298
417,1480,991,1581,871,2068,1750,791,823,174,944,677,861,806,1133,1995,444,1214,1541,2012,1933
418,1581,7,171,1783,799,1588,174,513,2034,1869,327,6,561,1796,1699,1322,1621,1440,1640,193
419,74,1796,498,1637,92,1197,456,31,561,35,1993,6,1640,8,357,1581,513,1322,2034,1699
420,513,7,799,2034,171,1783,327,6,561,1699,1869,1640,1621,174,1588,1350,1440,1322,99,1937
421,1869,174,513,799,2034,7,327,171,1588,1783,410,870,581,99,1781,2013,2037,1581,1712,1100
422,806,1133,677,1064,1684,1718,375,1018,1480,378,871,2068,991,1844,990,1652,791,1488,2043,1851
423,513,7,1783,799,2034,171,327,1699,1621,1322,561,1640,6,1440,1588,410,1937,1581,1350,2054
424,74,1637,1796,1197,35,8,498,456,357,92,31,1993,958,1581,581,99,861,1933,1214,2037
425,561,2034,171,1783,7,799,513,6,1588,1621,1699,1322,1640,327,1440,410,958,498,1796,74
426,74,456,498,1637,92,1796,8,31,1197,357,35,1993,1933,823,861,958,1581,1214,1541,1995
427,1869,174,1023,1342,1284,561,1440,1640,1915,1699,1586,1322,1969,916,6,298,475,524,698,804
428,1581,1796,74,498,8,456,1869,174,92,357,7,1993,1637,513,1197,31,799,35,171,1783
429,74,1796,92,357,1637,456,498,1993,1197,35,31,8,958,2037,2054,1581,44,1937,1350,581
430,513,498,2034,74,1869,174,1796,171,7,799,92,327,456,357,1783,1197,31,8,1993,1637
431,513,799,7,2034,171,1783,327,6,561,1640,1699,1322,1621,1440,1588,1869,174,1712,1937,410
432,74,1637,498,456,1197,92,8,1796,31,357,1993,35,1214,823,861,1541,1933,444,958,1995
433,1933,823,8,1637,861,498,74,35,456,1214,1995,1541,1197,444,92,1796,357,31,1156,1993
434,1796,8,74,498,456,1637,823,1933,35,1581,861,92,1541,1197,1214,444,357,31,1993,1995
435,74,456,498,357,8,1637,92,1796,1197,31,35,1993,1933,823,861,1541,1995,1214,444,958
436,74,31,35,92,1197,8,1796,498,1637,456,1993,357,1933,1214,1541,1995,823,444,1156,861
437,205,1969,262,193,156,571,174,798,1869,1384,794,23,195,1511,1712,934,513,698,116,1583
438,1796,74,357,1637,92,456,1993,498,1197,8,35,31,1581,591,1447,581,698,1567,1948,958
439,513,2034,327,171,1783,799,7,1640,561,1869,174,1440,1621,1699,1322,1588,116,6,410,1308
440,1512,582,1058,1751,1283,1010,1705,1054,1764,1355,1749,1281,1381,1775,1149,43,711,448,1539,1806
441,1624,691,719,1933,1692,861,2068,434,823,1995,1214,963,444,991,1541,1750,944,531,871,1156
442,1796,74,1637,456,498,357,92,8,35,1197,31,1993,1581,958,174,870,581,2054,1869,99
443,1796,498,456,74,1637,1197,31,92,35,8,357,1993,1581,7,958,171,174,1588,513,2034
444,168,221,1833,14,1923,727,691,1156,1624,712,1725,1851,1396,1721,1958,1214,1800,852,719,1692
445,2012,677,1276,1652,1488,990,942,378,888,236,1133,806,1770,1581,2043,1108,621,846,1844,1522
446,1951,1009,740,1387,1779,117,1637,1197,74,31,8,92,1796,35,1993,456,357,498,1156,861
447,498,456,1637,74,357,92,8,1796,1993,31,1197,35,99,2037,958,561,1214,1350,861,2054
448,1581,677,1480,174,1133,871,1750,2068,991,944,1869,1350,791,1937,2054,1995,1796,1933,1541,1447
449,74,1796,357,1637,456,92,8,1197,498,1993,31,35,1581,958,1933,581,861,1541,44,99
450,1480,991,2068,791,871,944,1750,1581,378,1793,990,2043,1652,1488,1844,172,1851,1276,2065,806
451,172,1480,991,1276,1624,1793,1844,1851,990,2043,2065,1275,1108,1219,806,1255,759,871,1898,521
452,1512,582,1751,1058,1054,1010,1283,1705,1764,1355,1749,1281,711,1118,1775,1539,1149,1381,1143,448
453,74,498,456,1796,1637,92,8,357,1197,31,35,1993,1933,958,861,823,1581,1214,2037,1541
454,168,14,221,1833,727,1923,1396,852,691,1624,93,575,1958,1873,1156,949,1821,1649,1183,738
455,74,498,35,456,1796,1197,1637,92,8,1993,31,357,561,6,1640,958,1322,1699,823,1440
456,1933,1995,861,1214,444,1541,823,1581,1156,498,8,74,174,1796,870,456,1637,958,31,92
457,74,1637,1796,8,35,498,456,1197,92,31,357,1993,1581,861,1933,823,444,1214,1541,1995
458,727,221,14,1833,93,1396,852,749,168,1958,1923,403,1721,1703,301,197,21,582,1764,1183
459,174,1796,1869,74,498,456,8,99,7,870,92,1350,2054,357,31,1637,581,958,1581,513
460,1796,8,456,35,1637,92,498,1581,357,2068,31,74,1993,1480,1933,823,861,1197,871,1214
461,1637,456,74,1796,92,357,498,1197,8,31,35,1993,1933,823,861,1541,1214,1156,444,1995
462,7,799,327,513,2034,301,852,1183,14,1958,1783,727,1833,403,1588,410,153,171,221,648
463,301,1183,1721,14,727,1833,221,1958,763,403,1058,93,1923,1961,1764,1054,749,1649,1396,1705
464,174,1869,513,7,870,171,2034,799,1588,410,581,1783,1712,99,1781,327,1581,1350,697,1201
465,1796,74,1581,498,456,1637,1197,92,1993,31,171,7,357,35,2034,8,513,1588,1783,799
466,513,7,1581,171,2034,799,174,1783,1869,327,870,1350,1781,2054,581,99,2013,1937,1712,1588
467,2034,1581,513,498,1783,7,799,456,1796,74,171,327,92,357,1640,6,8,1322,31,1699
468,456,74,498,1796,357,92,1637,8,31,1197,35,1993,958,2037,1581,823,1933,44,861,1214
469,2068,174,871,991,1480,1750,791,944,1869,823,677,1214,1581,1541,861,1995,1933,1133,444,1350
470,799,1022,7,1783,513,327,168,1640,1699,1583,171,405,727,6,1322,561,2034,1440,787,1621
471,1869,174,74,1796,498,8,92,1637,357,1993,456,31,1197,35,1581,581,1284,870,298,1915
472,7,6,2034,1699,171,1783,799,1621,1640,1322,561,942,1937,1440,513,327,1488,888,1350,2054
473,727,221,14,1833,93,1396,852,749,1923,168,301,1958,613,1186,403,1183,1192,440,21,1961
474,74,1796,456,1637,498,8,1197,92,31,357,35,1993,1581,958,174,1869,581,870,99,2054
475,1581,823,861,456,1796,1541,498,1933,74,1637,444,1995,8,92,31,1214,357,1197,35,1993
476,513,799,7,2034,171,1783,327,1588,1869,174,410,6,1712,1621,561,1699,1640,1581,1350,1440
477,1750,2068,1480,871,991,1581,791,944,174,1869,1350,870,1796,2054,99,1995,1541,1447,1933,591
478,168,1923,1873,221,575,1833,727,691,719,14,731,738,1534,1624,224,1958,1512,1672,1665,963
479,7,513,1783,327,2034,171,799,1869,1588,174,410,99,2013,6,581,1969,1621,1440,1640,1781
480,1581,958,1796,7,1588,74,171,1637,1937,2054,498,1350,174,2034,31,92,513,1197,456,870
481,1796,74,1637,456,35,8,498,1197,31,92,357,1993,958,1350,1581,2054,823,99,581,2037
482,513,799,7,1783,2034,171,327,1640,561,6,1796,1699,498,456,1621,74,958,1322,1440,2037
483,1581,2068,1480,871,1750,991,791,944,174,1652,1488,1276,1869,888,378,990,677,1133,942,846
484,1624,691,1692,719,434,963,531,991,791,2068,871,1750,1480,944,1933,1581,513,1201,227,861
485,1796,74,8,456,1637,35,498,1197,92,357,31,1993,1581,958,861,1995,1933,823,444,1214
486,74,498,513,1796,2034,456,7,31,171,1637,799,1783,1197,357,92,8,174,35,327,1993
487,1512,1058,582,1751,1283,1705,1054,1010,1764,1355,1149,1749,448,1806,1281,414,43,1775,1381,711
488,806,1718,375,1064,1684,1018,677,1133,990,1276,378,1652,2065,942,903,1488,1851,1793,1522,1275
489,357,74,8,1637,456,1197,1796,35,498,92,31,1993,1933,958,1581,861,823,1995,581,1541
490,1637,74,498,1796,92,8,456,35,357,1197,31,1993,958,2054,1581,1350,1937,99,870,2037
491,2068,791,991,1480,871,944,1624,719,691,1750,806,1684,1692,677,861,903,1214,434,1064,375
492,2068,1750,1480,791,871,991,944,1796,174,1581,1869,456,498,8,823,1995,1933,1973,35,1541
493,1512,582,1751,1705,1058,1283,1010,1054,1764,1355,1749,1281,422,1149,1775,1800,1118,679,1539,1898
494,74,8,498,1637,1796,456,92,357,31,35,1197,1993,823,1933,861,1541,1581,1214,444,958
495,1796,74,92,357,1637,31,456,1581,1993,498,1197,8,35,958,2037,99,581,44,171,2034
496,1581,1933,1541,823,1995,861,444,1214,8,498,74,1796,357,1156,456,870,31,1637,174,92
497,7,799,513,1783,1581,1699,1322,561,171,2034,6,327,1621,1640,1022,1583,1440,1350,918,1332
498,1869,174,1350,74,498,8,92,2054,561,1796,1637,6,1440,456,31,1699,1937,1322,697,1197
499,1480,991,2068,806,871,677,1133,791,1064,1718,944,1750,1108,1851,375,2043,1684,1275,1844,1793
500,1637,1796,8,74,498,456,1197,35,92,357,31,1993,1581,958,870,861,99,1933,2054,581
501,513,7,799,2034,171,1783,327,1588,410,6,561,1621,174,1699,1869,870,99,1322,1640,1350
502,1796,35,1637,8,871,2068,456,1750,1480,498,74,31,1197,92,791,991,1993,357,944,1581
503,174,1869,405,1586,1022,1284,698,1023,787,1567,1322,916,1583,475,561,1066,1342,909,1932,298
504,301,1183,1721,1833,14,1923,727,93,221,763,1961,523,948,403,1058,1958,1649,1764,358,1396
505,1637,74,1796,35,1197,92,456,8,357,31,498,1993,958,1581,2054,861,977,1973,1350,2037
506,1512,582,1705,1058,1054,1355,1283,1751,1749,1010,1764,711,1381,1118,1281,128,337,799,1251,1539
507,1933,1541,823,1995,1214,444,861,1156,8,456,74,35,1796,1637,31,498,1197,357,92,1581
508,74,1637,498,92,1197,35,8,1796,357,456,31,1993,99,581,870,1350,174,2054,861,958
509,95,1725,1749,1143,1856,523,1281,109,1539,711,1118,403,912,1577,274,1775,712,1703,474,1534
510,7,2034,799,1581,513,171,1783,327,6,561,1699,1440,1322,174,1621,1640,1447,1480,591,1750
511,2034,513,171,1699,6,799,7,561,1322,1783,327,1440,1640,1581,1621,1350,2054,958,1588,227
512,1725,1058,1705,1856,1355,1751,1512,1764,1054,582,1283,1010,128,403,1183,738,1958,168,43,711
513,1480,2068,991,1750,871,791,944,1581,1995,1933,823,1541,861,444,677,1214,378,1652,1796,1488
514,168,691,221,14,727,719,1923,1624,852,1833,1396,1958,1156,963,1721,1692,434,1512,1649,1938
515,1350,1699,2054,6,561,1440,1322,1640,1937,1621,799,513,1783,7,2034,171,327,405,1583,1022
516,301,1183,14,1721,727,221,1833,93,749,763,1764,1958,1058,1923,403,1961,1396,1054,1705,1725
517,327,799,6,2034,1640,1440,1783,1699,1322,513,7,1621,561,171,1183,301,1260,153,648,1865
518,1512,1058,1751,1705,1355,1764,1283,1010,1923,582,1054,95,1856,1539,575,1833,1749,738,43,1725
519,456,498,1796,74,8,1637,35,92,31,1197,357,1993,958,2037,1933,823,44,1214,861,1995
520,727,168,93,221,712,1833,1539,1118,1923,14,1749,711,403,1703,1865,1183,1143,364,1396,749
521,301,1183,1721,1923,221,1833,1058,14,1725,727,582,1512,1958,403,763,1764,1054,1856,1355,1705
522,513,7,799,171,2034,1783,327,1588,1869,6,410,561,174,1621,1640,1699,1322,1440,405,1201
523,1933,1541,1214,1995,823,1156,444,861,74,8,92,498,1796,35,456,357,1197,31,1637,1993
524,168,691,1156,1923,719,1624,1721,1541,1933,1512,1214,1684,1054,1058,1718,375,727,221,1938,1751
525,1637,92,8,74,1796,456,35,357,498,1197,1993,1624,31,691,963,719,531,1581,1692,227
526,1933,861,1214,823,1995,444,1541,1156,35,8,1637,1197,456,2068,31,498,74,92,1796,357
527,168,1923,691,221,1624,1873,575,1833,14,719,948,1649,731,531,1529,1958,963,224,434,1961
528,1796,498,74,1637,456,8,92,357,35,1197,31,1993,1581,958,2037,2054,1350,44,1937,870
529,561,6,1640,1440,1322,1621,1699,174,513,1869,799,7,1783,2034,171,327,1350,2054,1712,1937
530,7,1588,1783,410,799,2034,171,327,513,1869,1948,99,1621,1781,6,174,958,870,581,1699
531,1796,1637,498,456,74,92,35,1197,357,8,31,1993,958,1581,823,861,1933,2054,99,2037
532,376,1577,1740,1111,156,301,1511,671,195,881,193,1969,934,1384,1621,571,798,1440,2054,262
533,74,498,456,92,1796,8,1637,31,357,1197,35,1993,1933,823,861,1214,1541,1995,444,1156
534,1581,172,1108,2043,1793,1219,621,1844,1851,729,759,1275,521,1035,422,1800,594,122,2065,528
535,74,498,8,92,1796,1637,1993,456,35,31,1197,1933,357,823,1541,861,1995,2068,1350,174
536,8,35,498,1637,456,1796,74,1197,92,31,1993,861,357,1933,691,823,1995,1214,1624,444
537,498,456,74,357,8,92,1796,31,1637,35,1197,1993,823,1933,958,1350,2037,861,2054,1937
538,74,1796,357,1637,456,92,498,1993,31,1197,8,35,1581,958,2037,44,581,99,861,1541
539,74,1637,92,35,1197,357,31,1796,498,8,1993,456,1869,1567,174,475,1144,1332,591,698
540,7,799,1783,513,1869,2034,327,561,1588,171,1640,498,174,6,1322,1581,1332,1796,74,1621
541,591,1447,698,1032,1567,1559,475,68,1023,1342,1284,524,804,2059,298,1046,1066,1586,1915,909
542,174,1869,1581,1712,513,405,2054,171,561,7,799,2034,1350,1583,1783,1322,1022,6,1699,116
543,561,1640,6,1699,1322,1440,1621,262,1969,195,205,798,794,1384,193,156,571,2034,513,174
544,35,74,8,1637,498,1197,456,1796,1993,357,92,31,1581,2054,958,1933,1201,918,870,1937
545,513,7,799,2034,1783,171,327,1588,6,1869,410,174,561,1699,1640,1621,1440,1937,1712,1322
546,174,1869,870,1350,823,1933,1541,1214,99,861,1995,2054,581,7,1781,1581,513,1937,1156,444
547,74,8,1796,1637,498,35,1197,456,357,31,92,1993,861,823,1995,1933,1214,1541,99,870
548,95,403,1143,1725,1749,43,1281,582,712,1118,1512,711,1539,1010,523,1775,1856,109,128,274
549,498,456,74,1637,8,1796,92,357,35,31,1197,1993,1933,823,1214,861,958,444,1541,1995
550,1933,861,1995,823,74,1637,8,444,1214,498,1541,456,35,1197,92,1156,31,1796,357,1993
551,513,2034,1933,7,823,74,1541,171,31,92,861,1581,498,1783,8,1995,799,456,1796,1637
552,168,221,727,1833,14,691,1396,1923,852,1958,1721,1650,1624,1938,1821,719,93,531,1512,1156
553,1783,799,7,2034,174,513,1933,823,1869,327,444,1541,171,1969,1214,1995,861,798,870,1712
554,171,7,799,2034,1783,327,513,1969,205,193,798,571,262,1588,934,156,1384,23,1511,1869
555,2068,791,991,1750,1480,871,944,174,7,799,2034,171,513,1869,1541,1783,528,823,1035,1995
556,1796,74,357,92,1637,456,1581,498,1993,31,8,1197,35,958,2037,1973,1439,1404,44,581
557,1480,2068,1581,1447,591,991,871,944,1750,791,677,861,1624,174,1214,1488,1652,1933,444,1276
558,168,1923,221,1833,14,691,1649,727,1665,93,1624,1961,299,1873,109,1183,712,719,531,575
559,1637,74,1796,456,92,1197,31,8,1993,35,357,498,1009,740,1951,1779,1387,117,1581,958
560,513,799,7,327,2034,1783,171,6,1588,1869,561,1699,410,1640,1621,174,1937,1712,1322,1201
561,498,74,1796,357,92,456,31,8,1197,1637,1993,35,513,958,174,2037,1869,1581,2054,2034
562,7,513,171,799,2034,1783,327,1581,1588,174,410,1869,1796,870,99,1712,498,1781,1937,1201
563,1969,193,171,205,7,571,798,1783,2034,23,1384,794,156,262,1588,1511,195,934,799,1581
564,7,1783,799,1588,171,174,2034,513,327,410,1581,1869,1712,1322,193,1621,561,6,1699,1969
565,513,7,2034,799,171,1783,327,6,1621,1588,561,1640,1699,1440,410,1322,1869,1350,1712,581
566,798,193,1969,1796,205,23,156,1384,934,571,262,794,1581,195,74,1637,357,1511,31,1197
567,74,1637,8,92,456,1796,498,35,1197,357,1447,1993,31,561,591,1581,1699,6,1640,1322
568,7,513,2034,799,171,327,1783,1869,174,1588,410,6,561,1699,116,1640,1621,1201,1322,1332
569,1637,74,456,1197,35,1796,357,8,498,92,31,1993,861,823,1933,1541,1995,1214,444,1156
570,1624,806,691,719,1718,1064,375,871,1684,1692,1018,1581,963,434,531,1480,791,2068,1750,944
571,74,456,1637,1796,92,498,1197,35,357,1993,31,8,958,861,1933,823,1214,581,1541,99
572,74,1637,8,456,92,498,1796,1197,35,31,357,1993,958,861,823,1933,1214,2037,444,1541
573,727,14,221,1833,93,1396,852,749,168,1958,301,1923,1534,403,1961,1183,1703,21,1186,731
574,498,456,74,1637,8,92,1796,357,1197,35,31,1993,958,861,2037,823,1933,1581,1995,1214
575,74,1796,1637,498,92,1197,31,456,8,35,1993,357,1933,861,823,1581,1995,1214,1541,444
576,990,227,861,1276,1322,1844,942,1699,2043,1447,172,2012,1541,1581,1995,1255,1488,1652,6,1933
577,513,7,2034,1783,171,799,74,498,92,1796,327,1637,456,357,8,31,35,1197,1993,1581
578,1933,1995,1541,823,861,1214,444,1156,8,74,35,456,31,1197,1637,498,92,357,1796,870
579,168,1684,227,375,1718,1923,1018,696,691,1624,1938,1064,1342,442,806,298,712,1156,1512,1499
580,74,1637,456,1197,1796,8,92,35,498,31,1993,357,861,1933,823,444,1214,1995,1541,1156
581,1637,74,8,35,1796,92,456,1197,498,31,1993,357,1581,861,1933,444,823,958,1541,1214
582,74,1796,498,8,1637,456,92,357,31,35,1197,1581,1993,958,2054,1350,174,513,1937,561
583,498,74,1796,456,8,1637,92,35,357,31,1197,1993,958,1581,2037,823,861,44,1933,444
584,1440,1699,6,561,1640,1322,1621,405,1350,2054,1583,1022,799,1447,1937,513,1783,327,1969,787
585,1796,1581,1637,92,357,74,456,1993,8,35,1197,498,31,1276,990,1488,1439,1480,1973,806
586,498,456,1796,1581,8,1637,35,357,74,92,174,958,1993,1197,1869,870,31,1933,861,823
587,1869,174,357,74,1796,498,92,456,1197,31,1637,8,35,1993,1567,7,405,698,1915,1284
588,74,92,498,357,1796,456,1637,8,1197,35,1993,31,958,1933,1214,1541,823,1995,861,1156
589,561,591,1322,1447,1640,6,1621,1440,1699,698,1586,1023,1567,475,1869,804,1284,909,298,1032
590,168,1923,1684,712,1725,375,575,1873,948,298,227,224,1718,696,221,1649,1529,1018,1336,731
591,1933,823,1995,861,1214,1541,444,1156,8,74,31,456,35,1197,498,1637,92,357,1796,1993
592,1214,823,1995,861,1541,444,1933,1133,1156,498,8,677,1637,74,1197,1796,456,806,92,31
593,1796,1581,74,357,1637,92,456,1993,498,31,1197,8,35,958,798,1439,1973,2037,1404,44
594,8,1796,357,1637,823,498,456,74,31,35,1197,92,1933,1995,861,1541,1350,2012,1156,1993
595,1796,74,357,498,92,1637,1197,456,8,35,31,1993,1581,2054,1350,958,1937,823,870,1995
596,1581,193,798,1969,205,571,934,1439,23,262,794,1973,156,1404,171,1796,1384,195,1511,1750
597,513,799,327,7,1783,171,2034,6,1640,561,1869,1621,1699,1440,1322,174,1588,1712,1100,1308
598,1796,74,498,456,1197,1637,357,92,31,1581,1993,7,8,513,35,171,2034,1783,1588,799
599,174,1869,1581,561,513,1322,1699,6,1640,1621,7,870,2034,799,2054,498,1440,1783,1796,74
600,74,1796,498,1197,456,1637,92,357,31,35,8,1993,1581,7,958,1783,513,2034,171,799
601,74,357,456,8,1637,498,92,1796,1197,35,1993,31,1933,861,1541,823,444,1995,1581,1214
602,7,799,513,2034,327,171,1869,1783,174,410,1588,1699,6,1640,561,1581,1621,1440,1322,116
603,498,74,1796,456,1637,8,1197,92,357,35,31,1993,958,561,99,870,581,1640,513,1781
604,74,498,456,1637,92,1796,1197,8,31,357,1993,35,1933,861,823,1214,958,1541,444,1995
605,168,1923,221,712,1833,14,691,299,93,727,1649,1938,109,949,1873,489,1286,1958,738,575
606,1749,1381,1512,711,1058,1010,1751,1539,582,1283,1054,1640,1705,1355,1775,1118,1281,1664,1143,738
607,74,1637,8,1197,1796,498,357,35,92,456,31,1993,861,174,1869,1581,1933,1214,99,958
608,1796,74,1637,456,92,1197,35,357,8,498,31,1993,1933,823,861,1214,1541,444,1995,581
609,7,513,799,171,2034,327,1581,1783,1588,1796,498,958,174,74,1869,1350,456,92,2054,410
610,1783,7,513,799,327,2034,171,444,1933,1621,1588,1214,410,44,1541,1869,6,861,823,1640
611,168,1923,727,1833,221,14,691,227,1624,1721,1725,1665,298,1938,442,1183,973,1406,696,1396
612,1796,1581,74,456,1637,1993,498,357,1197,92,31,8,1588,798,35,171,193,958,205,156
613,1796,8,74,456,35,498,1197,1637,357,92,31,1993,1995,1933,861,823,958,1541,1156,1214
614,74,174,498,357,31,1869,1637,92,1796,456,1197,35,561,8,1322,1640,1993,405,6,1440
615,6,561,1699,1640,1322,1440,1621,1869,174,513,1350,1937,799,2054,1783,870,2034,7,171,99
616,1796,498,74,456,357,1637,92,8,35,1197,1993,31,1581,958,2037,2054,1350,870,99,44
617,582,1512,1058,1705,1751,1054,1764,1283,1010,1355,1149,128,43,422,1958,1749,448,1281,712,1806
618,513,2034,7,799,1783,171,327,74,498,456,92,1197,31,1796,357,8,1637,1640,6,1993
619,1581,1796,74,498,92,357,513,8,1637,31,456,7,1197,1993,171,2034,1783,799,958,174
620,74,1796,35,1637,8,498,357,92,456,1197,31,1993,1933,2054,1581,861,99,823,174,1350
621,74,1796,498,1637,92,456,1197,357,31,1993,513,35,2034,171,8,7,1581,799,2054,1783
622,74,1637,357,456,1796,498,92,8,1197,35,31,1993,958,1581,2037,44,581,1933,99,870
623,513,7,799,2034,171,1783,327,1588,410,174,1869,1712,697,6,1621,1350,1937,1719,561,1581
624,727,221,14,1833,93,1396,749,852,168,21,1923,1186,1958,613,301,1061,1961,1534,1703,197
625,99,174,171,7,513,1869,870,2034,799,581,1350,1588,1796,1783,1781,2054,498,958,1712,2013
626,513,327,1783,7,171,799,2034,1869,174,1588,410,1937,1350,498,2037,1712,1640,2054,6,74
627,1796,74,92,1637,357,456,498,31,1197,1993,8,1581,35,958,2034,171,2037,99,581,44
628,727,221,14,1833,93,1396,852,749,168,1923,1958,403,1961,301,21,1183,613,1186,197,1703
629,1637,1276,35,990,1197,31,942,456,8,74,2012,357,888,378,1993,92,1652,236,1796,1488
630,498,74,357,8,1796,92,456,1637,1197,31,35,1993,1869,174,2037,958,861,1350,1933,823
631,561,6,1699,1322,1640,1621,1440,1350,2054,1869,99,697,1937,1781,870,74,174,513,581,498
632,1779,1009,1951,1387,740,117,1480,2068,944,791,1447,591,991,861,1156,1637,444,1750,8,1214
633,1933,719,861,1624,1692,691,1995,823,444,1541,1156,1581,963,1214,2054,434,1796,74,531,99
634,8,456,1637,357,74,1796,1197,498,92,35,31,1993,1933,861,823,1995,1541,444,1061,1214
635,168,1725,1649,221,1923,1833,14,1961,948,1958,1684,227,575,852,738,109,224,1873,691,299
636,74,498,1637,1937,31,1796,1350,174,1197,1869,8,357,2054,92,456,35,7,2034,1993,677
637,1581,1796,1350,2054,74,1937,1637,171,2034,513,498,174,8,7,357,92,35,456,31,1783
638,498,1796,74,1637,92,456,357,8,35,1993,1197,31,958,1581,2037,2054,1350,174,870,1869
639,498,74,456,92,1796,357,1637,8,31,1993,1197,35,958,2037,1581,1869,174,44,513,581
640,7,171,2034,799,1783,327,1588,1581,513,958,410,1621,2037,1969,561,44,1699,798,581,934
641,168,1156,1721,1923,1833,727,221,1684,1958,14,1938,691,575,1214,375,1873,224,1821,1718,1650
642,513,799,2034,174,171,7,1869,1581,498,74,1783,2037,327,6,561,456,1640,1621,92,958
643,677,1133,806,1350,1937,1869,1064,1718,174,375,2054,1684,1018,1796,1581,74,8,1995,31,871
644,168,1342,227,1869,790,1022,852,1665,475,298,1284,1833,696,1712,727,697,442,2059,14,1921
645,1969,262,193,205,156,1869,1384,23,195,1511,794,571,798,799,174,934,7,2034,171,327
646,174,1869,7,513,799,2034,1783,171,327,1588,1350,410,1937,870,1781,99,697,2037,1201,1712
647,513,498,74,456,7,92,799,2034,171,1796,1637,357,6,31,8,1640,1197,1783,327,561
648,74,498,1796,92,8,456,1637,357,1933,31,35,823,1197,861,1993,1214,1541,1995,444,1581
649,591,1447,698,1567,1586,475,804,298,1023,1559,1032,2059,113,1046,1066,68,1284,1144,909,1915
650,1796,74,1197,498,1637,456,8,31,92,35,1993,357,1581,958,1588,174,7,1869,513,870
651,168,221,1833,14,1923,727,691,93,1873,719,575,1624,1958,1649,1665,963,1396,731,224,1938
652,1581,174,1869,1201,1447,513,7,1332,918,2034,870,498,591,8,1933,799,35,2068,456,1796
653,990,942,1276,2012,378,1652,888,1522,236,1488,1770,846,991,1480,1793,1844,2065,422,944,1637
654,168,1156,1684,1721,1923,1214,1933,691,1541,1718,696,1833,1938,1284,375,727,1851,1958,1512,14
655,174,1869,1284,1586,698,804,1023,524,68,475,1342,1932,1144,298,1066,1567,696,1046,1915,916
656,1322,561,1699,1440,1640,6,2054,31,357,92,1937,1621,1637,1350,74,1796,456,1197,35,498
657,1783,799,513,7,327,2034,171,6,1640,1322,561,1699,1621,1440,1937,2054,1350,410,1588,1712
658,799,513,327,7,2034,1783,171,1869,1588,168,2037,410,444,6,1100,1056,1640,965,1156,2013
659,74,8,456,1637,357,498,1796,1197,35,92,1993,31,1933,861,1995,1541,823,444,1581,1214
660,799,7,327,1783,513,1588,410,171,2034,1640,337,1322,1621,561,6,1699,1440,1869,1260,1948
661,799,171,513,2034,1783,7,327,6,1699,561,1640,1588,1621,1440,1322,1581,1712,410,1869,1937
662,1581,498,1796,1637,74,456,92,8,1197,357,31,35,823,861,958,444,1933,513,7,1995
663,8,1637,498,92,74,456,1796,31,35,1197,1993,357,958,861,2037,1995,823,44,1214,1951
664,591,1447,1586,475,698,298,1023,1567,1559,1284,1066,68,804,113,524,1032,1915,2059,1144,1342
665,1796,1637,92,74,8,498,357,456,35,1197,31,1581,1993,958,2054,1350,174,870,581,99
666,2068,791,991,871,1480,1750,944,2043,528,172,1844,594,1793,839,621,1851,422,1581,1035,1255
667,727,14,221,1833,93,1396,852,749,168,1958,301,1923,403,1183,1703,1961,197,1649,613,1721
668,1937,1350,2054,7,852,609,14,1056,697,2012,1948,255,1783,727,410,171,1588,1192,799,440
669,1009,1779,740,1387,1951,117,1637,74,1993,92,1197,456,1796,357,31,35,8,1439,934,498
670,2034,1783,7,799,513,171,327,1621,561,6,1640,1699,1322,1588,1440,410,958,498,2054,1712
671,1796,74,1581,1637,498,92,357,31,8,456,1197,35,958,1993,1937,7,174,2054,1869,1350
672,1214,823,861,1541,1995,444,1156,1933,8,1796,456,498,92,74,357,1637,174,1869,1350,2037
673,74,1796,1637,1197,498,456,92,357,1993,35,31,8,1581,171,958,513,2034,7,1783,799
674,74,1637,1796,498,357,1197,35,8,456,92,31,1993,174,1869,581,99,1581,958,870,561
675,74,498,1796,456,92,357,1197,1637,31,1993,8,35,958,1581,174,1869,513,2037,1933,823
676,561,1322,6,1699,1440,1640,1621,513,1783,799,2034,7,171,2054,1350,327,405,1937,174,1447
677,1796,8,1637,456,35,92,498,74,1197,1993,31,357,861,1214,823,1480,2068,444,1995,791
678,74,8,1796,456,498,1637,92,357,35,1993,1197,31,1581,958,2037,2054,1350,174,99,823
679,7,171,2034,1783,513,799,74,1796,327,1581,958,1937,1588,2054,498,1350,92,1637,561,31
680,1581,513,7,171,2034,1933,1350,823,1541,799,861,1995,99,870,1783,1214,2054,174,1796,444
681,74,1637,8,92,456,1796,1197,498,35,357,1993,31,1447,591,1581,861,1933,823,444,1214
682,74,8,591,357,1637,1796,498,35,1447,1197,92,456,1933,1993,861,1214,31,1541,444,870
683,1796,1581,1637,357,498,74,92,456,8,1197,31,35,1993,174,1869,870,2054,958,581,99
684,74,1637,1197,456,1796,35,92,8,498,31,357,1993,958,861,1933,1214,823,444,1995,1541
685,1796,456,1637,35,74,1197,357,92,498,31,8,1993,1933,823,861,1541,1214,1156,444,1995
686,262,1384,1969,1712,798,156,1869,174,513,193,1440,7,1640,6,205,23,1783,327,1511,171
687,823,1933,861,1995,1214,1541,444,498,1796,31,1156,8,1637,74,35,174,92,456,357,2054
688,74,1796,498,8,1637,357,92,35,456,31,1197,1993,174,1869,1581,561,870,1322,581,99
689,174,513,1869,1783,2034,7,171,799,1712,1581,2054,498,327,1350,1796,6,1588,958,31,1937
690,991,861,823,2068,1214,1541,1995,1156,1933,1624,1480,444,944,871,691,1750,378,791,806,677
691,1783,327,2034,513,1640,1322,171,1440,6,364,1621,1721,7,1699,1958,403,799,1183,166,1775
692,7,799,513,2034,171,327,1783,1588,410,1350,1869,1937,174,2054,1581,2013,823,697,99,1719
693,74,1637,92,357,1796,498,456,8,1993,31,35,1197,1581,958,2037,44,174,581,870,1869
694,1933,823,861,1214,1995,1541,444,1156,1637,74,8,35,1796,1197,498,456,31,92,357,1993
695,561,799,7,498,1322,1783,1699,1621,6,1588,513,1640,171,2034,1796,958,327,1869,410,99
696,513,7,799,2034,171,1783,327,6,1869,1588,561,1621,1640,174,1699,410,1440,1322,1712,1719
697,740,1779,1009,1951,1387,117,1557,1534,912,1405,1529,575,731,474,224,358,1672,200,274,819
698,1796,174,357,498,8,1637,456,74,35,92,1197,1869,31,1581,1993,1933,861,1350,1480,870
699,174,1869,1583,1350,870,1969,405,1781,7,1783,513,2013,1022,799,581,2034,787,99,262,1933
700,1637,74,456,8,498,92,1796,35,1197,31,1993,357,861,1933,823,1995,1214,444,1541,1156
701,74,1796,92,1637,357,456,498,1993,1197,31,1581,35,8,171,2034,958,327,513,1783,7
702,1933,823,1214,1995,861,1541,444,1156,8,35,1637,74,456,1197,498,31,92,357,1796,1993
703,1581,7,513,171,799,2034,1783,327,174,1869,1588,1796,1719,410,74,357,498,456,1097,99
704,1588,7,410,171,1796,1783,193,513,2034,799,174,1581,327,23,205,1969,1480,156,1869,498
705,1276,2012,990,942,378,1652,1488,236,888,1522,1770,846,621,1793,1844,679,1108,2043,2065,759
706,1350,2054,1937,498,174,8,1869,74,1796,456,92,1637,31,1197,35,357,99,870,1993,513
707,1581,74,498,1796,8,1637,456,92,1197,357,35,31,1993,958,174,1869,513,2054,870,1350
708,74,456,1796,1637,498,8,1197,35,92,31,1993,357,1581,1933,958,823,861,1995,444,1214
709,7,513,2034,799,171,1581,1783,327,174,1719,1869,1588,1937,1488,870,99,2012,958,410,942
710,1796,74,1637,456,92,498,357,8,1993,1197,31,35,958,1581,2037,44,861,581,823,99
711,171,7,74,498,1796,513,1197,1783,1588,456,799,2034,357,1637,92,31,1993,410,327,8
712,410,513,1869,174,1588,7,1783,799,171,327,2034,1583,1712,1022,405,1350,6,1699,1342,697
713,174,1869,1284,1586,1915,1023,298,1342,804,68,698,1144,696,995,1932,475,524,113,909,916
714,498,74,8,1637,92,456,174,1581,357,1869,1796,1993,870,31,35,958,1350,1197,2037,823
715,74,456,498,8,357,1637,1796,1197,92,35,31,1993,1581,861,1933,823,1541,444,958,1995
716,1480,791,2068,991,1750,871,944,1933,1995,823,861,1541,444,1581,1214,174,1156,1973,1796,1201
717,1637,74,8,1796,498,456,1197,92,35,31,1933,823,861,357,1581,444,1214,1993,1995,1541
718,1796,74,1637,8,92,498,456,357,31,35,1197,1993,823,861,1214,1933,1995,1541,1581,444
719,1933,1995,823,861,444,1541,1214,1156,1796,456,8,498,74,1637,31,1581,1197,357,92,35
720,1214,861,823,444,1995,1541,1933,1156,1133,677,2068,806,1480,991,1064,1637,871,378,8,1796
721,1796,1637,74,8,35,498,92,456,357,1197,1993,31,2068,1480,991,1750,944,871,791,823
722,727,221,14,1833,93,1396,749,168,852,1923,21,1958,301,1183,1721,1961,1186,1703,613,403
723,1869,174,1284,561,698,1699,298,1322,1023,1440,6,1640,1915,1586,804,1621,524,475,405,1066
724,74,1637,456,498,92,1796,357,31,8,1197,35,1993,1933,861,823,1214,1995,1541,444,958
725,1933,823,1541,1995,1214,861,444,1156,1581,8,456,74,498,31,35,1637,357,92,1796,1404
726,174,7,1869,1581,513,171,799,1783,2034,1796,74,498,327,357,1588,1197,456,1637,870,1937
727,1796,498,456,1637,74,35,1197,8,92,1993,357,31,958,99,581,870,2037,1581,289,823
728,168,1923,691,1624,1833,575,221,14,727,1958,719,1721,1275,1684,1255,528,227,1851,1725,299
729,1796,1588,7,171,498,799,456,513,74,1581,2034,791,1783,31,410,1197,1637,1480,1750,92
730,74,456,498,1637,8,1796,92,357,35,31,1197,1993,958,2037,823,1933,1214,861,44,444
731,174,498,74,1796,8,1637,561,1869,357,92,1197,456,35,6,1993,31,1322,99,1640,1699
732,7,513,171,1783,2034,799,327,1588,1581,1796,74,410,498,456,1197,357,174,1869,1637,31
733,513,7,1969,1783,2034,262,171,799,205,174,1588,156,1869,798,6,1440,327,193,410,1384
734,74,498,92,1637,357,1796,456,8,31,1197,35,1993,958,1933,2037,861,823,1214,1541,1995
735,74,1796,1197,456,1637,498,357,92,35,8,31,1993,958,990,2054,942,581,2037,1276,99
736,95,523,1725,582,912,274,1672,1143,1873,1557,546,1010,819,1281,670,1749,1512,474,43,712
737,8,74,1637,1796,35,498,456,1197,357,92,31,823,1933,861,1995,1993,1214,1541,444,1156
738,513,2034,799,7,1783,327,171,1588,6,410,1640,1621,1541,1322,561,1214,1869,1699,444,697
739,8,456,498,74,35,1637,1796,1197,31,92,1993,357,1933,823,1995,861,1214,1541,444,1156
740,74,1637,92,1197,456,1796,8,31,498,35,357,1993,1214,1933,861,823,444,1541,958,1156
741,1480,871,991,2068,1750,791,944,174,1581,1869,677,1995,823,2043,861,172,1541,1133,1447,1488
742,171,7,2034,799,327,1783,513,193,798,205,1969,571,262,1588,1384,794,23,958,934,581
743,74,1637,1197,8,498,1796,35,456,92,31,357,1993,958,2054,1581,99,1350,1937,581,870
744,8,74,456,1637,498,92,1197,1796,357,35,31,1993,861,1933,823,1995,1541,444,1214,958
745,174,1869,7,327,799,1783,513,2034,171,1588,870,410,581,1781,99,1712,1581,2013,823,1586
746,806,1064,1718,375,1684,1018,1624,871,691,677,1480,719,791,2068,991,1750,944,1133,1581,1692
747,74,1637,1197,35,498,357,456,8,1796,92,31,1993,1567,1869,298,174,1284,475,698,1559
748,823,861,1995,1214,1933,1541,1156,444,456,1197,74,1637,1796,35,8,31,357,92,498,1993
749,74,498,456,92,1796,31,8,1637,357,1993,1197,35,823,861,1869,1214,2037,958,1933,1541
750,1844,2043,1800,422,1793,122,621,1255,1219,1035,679,1851,2065,839,172,905,1108,1898,521,729
751,1214,823,1995,861,1541,1156,444,1933,2068,1480,991,677,1064,806,1447,174,871,944,1133,375
752,561,6,1699,1440,1322,1640,1621,1447,591,1350,405,2054,1583,1869,698,1581,174,713,1783,1022
753,513,7,1581,2034,171,1783,799,1588,327,410,958,1869,99,870,174,444,357,1796,1781,1948
754,1951,740,1009,1387,117,1779,1637,1197,74,31,1796,8,92,35,1993,456,357,498,1557,1405
755,74,1796,498,1637,92,8,456,1197,31,35,357,1993,1581,861,1933,823,958,444,513,1995
756,513,7,2034,799,1783,171,327,6,1588,1640,1869,410,1699,1621,561,1322,1440,174,1937,958
757,168,691,221,1923,719,1624,14,1833,712,1286,434,1649,963,1938,93,1342,727,1958,1692,1665
758,74,1637,1796,92,8,456,1197,498,35,31,357,1993,1581,958,861,561,1933,823,444,1640
759,727,221,14,1833,93,1396,749,852,301,613,1186,21,1061,1192,440,168,609,1923,1255,1703
760,7,513,171,2034,1783,799,327,1588,410,1869,74,1796,498,174,1712,456,958,1197,1581,357
761,74,456,8,357,498,1637,92,1796,1197,31,35,1993,1933,861,823,1541,1995,1214,444,1156
762,174,1869,1581,1480,870,2068,1995,1214,991,944,871,1541,1750,823,1933,861,1488,1350,1937,99
763,74,1637,8,1796,35,1197,456,498,357,92,31,1993,1933,823,861,1541,1995,444,1214,1156
764,174,1869,513,799,7,561,2034,1783,171,1581,6,1712,1699,1440,1621,1640,1322,327,1969,1350
765,1637,74,8,456,1796,92,35,498,1197,1993,31,357,958,861,1581,823,1933,1995,444,1214
766,1058,1512,1751,582,1705,1283,1054,1355,1764,1010,128,1749,43,1281,712,711,1381,1118,1539,1775
767,1933,823,1541,1995,1214,444,861,1156,8,74,35,31,1637,456,498,1197,357,2068,92,1750
768,1624,963,691,1201,434,1332,1447,918,174,1692,1933,498,531,35,1581,719,591,861,8,1869
769,727,1749,1118,1539,93,711,1775,1143,1783,799,153,6,327,1703,221,14,1281,364,1355,648
770,513,7,171,1783,2034,799,327,1588,410,6,1621,1712,1350,1937,561,1699,1201,2054,1640,1581
771,1869,174,1969,262,205,193,1384,156,1022,798,195,571,794,23,799,561,513,1511,2034,405
772,74,498,1796,357,2034,513,1783,456,1637,1197,7,92,799,31,171,35,327,8,1993,1581
773,1350,2054,1937,8,498,1637,74,174,1197,456,1869,1796,513,92,1581,31,35,861,357,870
774,1588,799,1783,410,7,1476,171,513,327,1937,2034,6,1719,958,2037,616,1699,1350,712,2013
775,712,43,168,95,1958,403,1149,1336,2037,1950,289,414,21,1000,1449,1588,582,1665,1814,448
776,168,1640,1699,1440,513,327,6,1322,799,405,561,1022,1447,1583,1332,2034,7,1621,1783,171
777,1725,1856,1534,168,613,475,727,1405,1529,358,909,1672,1186,2059,474,948,670,1192,1144,274
778,74,498,1637,1796,456,1197,357,92,8,31,35,1993,958,1581,2054,1350,99,870,174,581
779,498,74,456,1197,8,1796,1637,357,35,92,31,1993,958,861,99,823,1995,1933,870,1214
780,1796,74,92,357,1637,456,498,8,31,1197,35,1993,1581,958,2037,174,1869,44,99,581
781,8,1796,35,1637,456,498,74,92,1624,1197,691,357,1933,1993,31,444,719,861,1581,823
782,806,1718,1064,1684,375,1018,1624,871,719,691,2068,1581,791,677,1480,944,1750,1692,991,434
783,861,1214,823,444,1933,1995,1541,1796,1156,35,8,1637,74,498,357,456,1197,92,1480,2068
784,168,1684,1923,1718,375,14,1833,1018,221,575,852,1064,227,1624,1958,738,613,696,948,1156
785,1796,1637,357,74,1581,8,456,92,35,1480,1197,1993,498,31,990,1276,2068,1488,871,378
786,1581,1350,1937,1796,2054,74,1064,806,1637,8,677,1718,498,357,35,92,174,31,871,2034
787,357,8,74,1637,1796,498,456,1197,35,92,31,1993,1581,1869,1933,99,870,1781,581,174
788,1588,513,7,171,958,1783,2034,799,410,498,456,1796,1581,327,1621,74,92,357,8,1197
789,861,444,1581,823,1214,1933,806,1995,1541,1156,8,1796,1637,357,1064,35,677,92,1718,498
790,2068,791,871,1750,944,1480,991,1581,1447,1933,591,174,1796,8,1624,823,1541,35,870,444
791,1869,174,7,799,513,2034,327,171,1783,1969,1284,298,410,1915,698,1588,1144,581,205,870
792,1933,861,498,456,823,1995,8,1541,74,1214,1637,357,444,92,1796,35,1197,31,1156,1993
793,1637,1796,8,1197,35,357,92,74,456,31,498,990,861,378,823,1993,2012,806,1995,1933
794,711,1118,1539,1749,1281,1775,1143,799,1381,7,1289,1054,1010,1783,171,1751,327,403,1588,2034
795,74,456,8,498,1637,92,1796,35,357,31,1933,1197,823,1993,861,1214,1541,1995,444,1156
796,74,498,456,357,1637,92,1796,8,1993,31,1197,35,1581,1933,861,823,958,1541,1214,2037
797,861,1933,444,823,1214,1995,1581,1541,8,1637,1156,1796,74,870,35,990,2012,1488,498,1197
798,1796,1637,498,74,456,92,357,35,1197,8,31,1993,958,1581,2054,99,870,581,2037,1350
799,861,1933,823,74,8,1637,1995,456,1214,444,1197,498,35,1796,92,31,1541,1156,357,1993
800,691,1624,719,434,1692,963,861,1933,174,823,2054,1995,1214,444,1869,1350,531,99,1541,2068
801,174,1869,861,1214,498,1933,74,823,1541,444,1995,1637,8,99,357,456,1197,1796,1156,870
802,1581,6,561,1699,1640,1322,7,513,799,1621,171,1783,1440,174,2034,1869,1588,327,870,1796
803,1350,1440,561,6,1322,2054,174,1699,1640,1869,1621,1937,405,99,1583,262,870,861,513,1712
804,498,1588,1796,456,958,74,357,8,92,410,1197,513,7,1637,1783,171,31,1993,561,1621
805,74,8,1796,498,1637,92,456,35,357,1197,31,1993,1933,823,861,1214,1541,1995,444,1581
806,727,221,14,1833,93,1396,168,749,852,1923,1958,128,1721,21,1703,403,1764,1961,301,1186
807,823,1933,1995,1541,861,1214,1156,444,8,456,31,1796,498,357,74,92,35,1637,1197,1350
808,513,2034,7,171,799,1783,327,1588,174,410,1869,99,1350,870,6,1712,1201,581,1581,1781
809,513,799,327,1869,7,2034,171,174,1350,1937,1783,1022,697,1583,1640,405,1699,1712,2037,787
810,174,1869,1588,410,2037,513,581,327,799,1581,2034,7,1712,171,1284,2013,1586,870,99,44
811,1796,74,357,1637,92,456,1993,498,31,8,1197,35,1581,958,581,798,205,1541,861,1933
812,168,1923,1958,712,221,691,1721,1058,1833,738,1684,1512,1938,375,1725,227,1054,299,1718,575
813,301,1183,1721,727,14,1833,221,1058,1923,128,1958,93,1396,403,1705,1764,1054,582,1355,763
814,799,513,2034,171,7,1783,327,1699,1581,6,561,1640,1621,1588,1322,1440,410,1712,174,1869
815,1699,6,1621,1640,561,1322,1440,7,171,513,1581,799,1350,2034,2054,1783,958,1588,870,327
816,1796,74,8,498,456,1637,1197,357,35,92,31,1993,1869,1933,174,823,861,1214,1541,1995
817,1637,74,8,456,498,1796,92,1197,35,357,31,1993,1933,861,823,444,1995,1541,1214,1581
818,799,327,2034,7,1640,171,1699,1783,6,513,1969,156,1869,1440,1621,262,1322,174,1511,195
819,1480,991,677,871,2068,1581,806,791,944,1750,1488,1652,1276,1133,990,1624,1064,378,1275,1108
820,1796,35,456,1637,8,357,1197,92,1933,74,498,31,823,1993,861,1214,1541,1995,1156,444
821,991,1750,2068,1480,944,871,791,1541,1933,1214,2012,823,861,1995,444,1156,591,1447,378,1488
822,1440,1342,561,1640,804,68,1023,475,2059,1322,1699,1869,1032,1567,524,1932,698,298,6,1621
823,513,7,799,2034,171,1783,327,1588,174,1869,6,561,1699,410,1621,1712,1640,1440,1322,697
824,168,14,221,1833,1923,727,1649,1396,93,852,1665,712,299,949,1958,691,1961,738,1542,1183
825,7,513,799,174,1588,2034,171,1869,1783,870,327,99,1581,958,410,581,1781,1796,1712,498
826,1933,1581,1541,1995,823,861,1624,719,513,2034,444,1783,799,1692,7,991,1156,2054,171,944
827,74,1637,1796,456,498,92,1197,35,8,357,31,1993,958,1581,1933,861,581,823,99,2054
828,1480,791,991,2068,871,944,806,677,375,1064,1684,1750,1133,1718,1018,903,1779,1214,1194,378
829,168,1923,1684,227,575,1718,712,375,1018,948,691,1873,224,1938,1624,299,1725,1342,949,1529
830,74,1637,1796,92,1197,8,456,35,31,1993,498,357,958,1581,561,1322,861,1640,823,1447
831,691,1624,2068,719,991,1750,1692,871,791,434,944,1933,861,1480,823,963,1214,1995,444,1541
832,1637,74,35,1796,498,456,8,357,1197,92,1993,31,1581,958,581,2054,870,1350,174,1937
833,513,2034,7,327,1783,171,799,1640,1322,6,561,1621,1699,1440,1588,1869,1937,174,410,2054
834,7,513,1783,2034,171,799,327,1588,410,174,1581,958,498,1869,1796,456,870,1937,99,581
835,727,221,14,1833,93,1396,852,749,1958,168,301,1923,403,197,541,613,1703,1183,1534,1961
836,727,14,221,1833,93,1396,852,749,301,1958,1764,403,1856,1725,1721,613,440,1255,582,1186
837,1933,823,1995,861,1214,1541,1156,444,8,31,74,1197,35,456,498,92,1637,357,1796,1993
838,1796,456,498,8,35,1637,92,74,958,357,1197,1993,31,2037,289,44,1581,823,1933,861
839,799,7,168,513,327,171,1022,405,2034,787,1783,1869,1583,1921,697,227,790,688,1712,1588
840,2034,1783,513,7,171,6,1440,799,74,1640,1948,327,1588,1699,456,410,1350,561,1796,2037
841,2068,991,1750,871,1480,944,791,2043,594,1844,172,1851,122,528,621,521,1581,1793,1898,839
842,1512,1751,582,1705,1010,1764,1283,1058,1054,1355,43,712,422,1898,299,448,109,1149,1281,679
843,727,221,14,1833,93,1396,852,749,168,1923,301,1958,613,21,1703,1961,197,1186,1183,403
844,1581,74,498,35,958,1637,8,1796,513,456,1197,92,31,2034,1783,357,1993,7,1332,799
845,1637,1197,74,357,8,1796,35,31,456,92,498,1993,990,2012,1276,942,378,1488,236,1652
846,799,7,513,171,2034,327,1581,1783,1322,6,1869,174,1699,561,1640,1588,1350,1621,410,1937
847,823,1933,1541,1995,1214,861,74,7,2034,444,1796,174,1197,8,1581,1637,1156,171,513,870
848,1796,74,1637,357,456,92,498,1197,1993,31,8,35,1581,958,581,2037,99,44,2054,870
849,498,74,92,456,357,1993,31,1197,1796,1637,8,1869,513,174,35,1640,1322,2054,6,1350
850,1751,1058,1512,1054,1705,1764,2034,1783,1355,327,1283,799,582,7,171,513,1387,711,1251,1133
851,2068,991,1480,791,1750,871,944,1933,1995,823,1541,861,444,1214,1156,172,174,1581,621,378
852,498,74,1796,92,456,1637,357,31,1197,8,35,958,1993,1581,7,171,513,2034,2037,1937
853,799,1022,168,327,7,405,1783,1583,787,727,513,171,153,2034,1665,1869,1712,852,1372,1118
854,498,1796,958,1637,357,92,74,456,1581,31,1197,8,35,1993,513,2037,171,2054,7,1937
855,1869,174,513,7,2034,799,1783,1581,171,1284,1588,327,498,1796,298,870,1915,698,561,410
856,823,1933,1995,861,1214,1541,444,1156,8,74,456,498,31,92,357,1637,1796,1197,35,1993
857,498,74,92,1637,357,456,1796,31,8,1197,1993,35,958,2037,1581,44,823,1214,1933,2054
858,1995,1933,823,861,1541,1214,1156,444,8,456,74,1796,1197,31,498,35,1637,357,92,1581
859,74,1637,1796,498,456,92,357,8,31,35,1197,1993,958,2037,44,1581,289,1937,2054,1056
860,513,171,7,1783,2034,799,958,1588,327,1581,2054,498,1796,561,1937,456,1621,74,6,357
861,1581,171,7,513,2034,174,1796,1783,799,327,1588,1869,498,870,74,456,92,1637,193,1712
862,806,677,1064,1718,375,1684,1133,1018,1214,1480,903,861,991,1156,444,823,2068,1541,378,944
863,1869,1022,1969,174,1583,262,205,405,513,794,1699,2034,798,1640,116,195,6,193,787,1322
864,1796,74,1637,498,8,92,357,456,35,1197,1993,31,861,99,823,1933,581,1541,1214,444
865,171,1783,2034,799,7,513,561,327,1621,1699,6,1322,1581,1640,958,1588,1440,2054,410,1796
866,727,221,14,1833,93,1396,749,852,168,1923,301,1183,1703,1958,21,1721,1186,403,1961,613
867,168,221,727,14,1833,691,1923,719,852,1624,575,1958,1873,1396,963,1156,1692,731,224,749
868,1480,991,871,2068,944,1750,791,1581,1488,990,1652,378,1276,172,888,942,2012,1793,236,1770
869,74,498,456,357,1796,92,1637,8,1197,31,1993,35,2037,958,1869,1350,174,44,2054,581
870,74,498,357,456,92,1796,1637,8,1993,31,1197,35,2037,958,1581,44,861,823,1933,581
871,806,861,1214,1581,677,1995,444,823,1933,1064,1133,871,375,1480,1718,2068,1541,991,1684,1156
872,727,14,221,1833,93,1396,749,852,301,1923,168,1186,613,1958,1192,1856,21,440,1703,1534
873,1796,74,1637,8,92,456,35,1197,357,498,31,1993,1581,958,174,1869,870,99,713,581
874,498,456,74,357,92,1637,1796,31,8,1197,1993,35,958,2037,1581,1640,6,561,44,1322
875,74,498,456,92,1637,8,1796,31,357,1197,35,1993,823,861,1933,958,1214,1995,2037,1541
876,1951,740,1009,1387,1779,117,1637,1197,74,8,31,1796,92,35,456,1993,498,357,861,1156
877,2034,1783,513,171,7,799,327,1581,1621,1588,6,1712,561,1699,1640,1322,410,958,1440,2054
878,799,513,7,2034,171,1783,327,6,561,1640,1699,1322,1621,1440,1712,405,1332,1201,1022,1583
879,1796,8,1637,35,74,498,806,1064,92,357,456,1197,861,31,823,1214,1995,1718,677,1993
880,7,513,2034,1783,171,799,327,1869,174,1969,444,193,1541,1581,1214,156,1933,205,262,823
881,168,1833,221,14,1725,1923,1721,727,852,1958,299,1396,227,1649,738,1961,109,1183,1938,691
882,1796,1637,35,8,74,1197,92,456,498,357,31,1993,806,1064,1684,691,1718,375,1018,1624
883,1869,174,74,8,498,357,456,92,561,6,31,1640,1637,1796,1993,1322,1699,1197,861,1581
884,74,357,456,498,1796,8,92,1637,1197,31,35,1993,1581,958,1933,1541,823,861,2037,1995
885,1796,74,1637,357,92,456,8,31,1993,1197,35,1581,498,1276,990,1488,958,1652,2012,378
886,677,1133,990,8,806,74,1064,903,1214,375,1684,1637,1796,1276,1541,1933,1488,1197,1718,861
887,8,92,1637,74,456,1064,357,1796,31,498,1197,1718,806,35,990,1993,861,1541,1018,1276
888,74,8,1637,456,498,1796,92,35,1447,1197,591,357,1993,1581,31,561,6,1640,1933,1322
889,513,7,799,1783,2034,171,327,1640,1621,561,1699,1440,6,1322,1350,581,99,1712,1588,697
890,7,513,799,2034,171,1783,1588,1796,498,1350,456,327,74,2054,1937,958,31,410,1637,1197
891,2034,7,1783,799,513,171,327,1581,1588,1948,410,1719,1712,870,1869,174,2054,99,1937,581
892,174,561,1869,1581,1699,513,1322,6,1640,1350,1621,2054,7,1796,498,171,870,799,2034,99
893,1750,2068,871,991,944,1480,791,591,1350,1447,174,2054,870,1581,1586,1869,99,561,804,1284
894,6,1440,1322,7,2034,1699,561,1640,171,1783,513,1621,799,327,205,174,1581,193,1969,262
895,74,498,1796,1637,8,92,456,35,357,31,1993,1197,1869,174,513,99,958,581,7,2034
896,6,1440,1699,561,1322,1640,1621,1783,7,799,513,2034,171,327,1588,174,1869,410,1350,1937
897,1350,1937,2054,513,7,823,171,2034,1581,1995,799,1933,174,1783,870,99,958,1541,1869,861
898,1640,799,327,7,1783,171,513,6,1621,1869,1699,1440,2034,174,1322,561,1588,410,1100,1350
899,806,677,1133,1480,1064,991,1581,871,823,1718,2068,378,1796,791,861,1995,990,944,8,2012
900,7,171,2034,1783,799,327,1581,1588,513,1439,1973,581,193,1869,205,1404,934,23,798,1969
901,1796,74,1637,357,92,456,498,8,31,1197,1993,35,1581,958,823,1214,861,1933,444,1541
902,1951,1779,1009,740,1387,117,1480,944,2068,991,791,1156,1856,1529,172,1064,806,1557,1750,1898
903,727,14,221,1833,93,1396,749,852,301,168,1923,1183,1721,1703,575,1958,731,403,1255,1534
904,1581,1796,8,498,1637,456,74,35,92,357,1197,1993,31,958,1350,2054,561,1624,444,6
905,1933,861,1214,1995,823,444,1541,1156,35,498,8,456,691,1637,1197,74,1796,2068,1624,591
906,1796,8,74,1637,35,498,456,357,92,1214,861,1197,823,1933,1541,1995,444,31,1993,1581
907,1637,8,456,861,35,498,1933,823,1197,74,1796,92,31,1995,1214,357,444,1993,1541,1156
908,727,221,14,1833,93,1396,749,852,1923,301,168,1255,1958,21,679,1764,1183,2043,403,422
909,168,1923,691,221,712,1624,1725,14,1833,1684,575,727,375,1718,1938,719,227,1286,949,489
910,1796,1581,74,171,174,1637,357,7,31,2034,2054,581,498,958,92,456,1197,1869,1783,1948
911,2068,1750,1480,991,791,944,871,1541,1933,823,444,1995,861,1214,1581,1156,174,7,1488,2034
912,1637,1796,74,498,456,31,92,8,35,1197,1581,357,958,1993,2054,1350,1937,513,7,171
913,1796,74,1637,357,31,456,1197,92,498,35,1993,8,1581,581,99,174,958,171,2034,2054
914,513,7,2034,799,171,327,1783,1588,410,1322,1937,6,1699,561,1621,1440,1350,2054,1640,1712
915,1581,498,1796,456,1869,74,174,513,357,8,7,92,1637,870,799,171,99,1350,1197,1783
916,727,14,221,1833,93,1396,749,852,301,1958,1534,575,1923,541,948,21,731,1255,1183,819
917,799,1783,513,7,2034,327,171,6,1640,1699,561,1621,1322,1440,1712,193,205,1588,262,1969
918,1581,2054,1937,1350,116,31,92,1719,958,2037,74,1637,1870,1308,513,2034,1447,1699,357,1201
919,7,513,1783,799,171,2034,327,1588,410,1581,174,1869,1621,1699,1712,561,1937,6,1640,1322
920,1581,1796,8,498,1637,74,1447,92,35,456,861,444,1933,357,591,823,1214,1197,2034,1541
921,174,1869,870,99,1350,1781,1581,1712,581,697,1937,2054,513,498,7,8,713,1201,861,74
922,168,1833,1923,221,1958,14,727,852,1512,1721,1058,1873,712,575,1054,1751,1821,738,1938,691
923,1750,1480,871,791,2068,991,944,591,1447,1586,1581,1350,2054,1567,174,1023,561,804,1712,1699
924,1588,7,171,513,410,1796,2034,1783,799,1581,99,498,870,327,174,74,1869,2054,456,1197
925,823,1933,1995,861,1214,1541,444,1156,174,1796,74,8,1581,35,1637,92,498,2034,31,99
926,691,1624,719,434,531,963,1692,1796,8,35,1637,74,92,456,498,1993,1197,357,31,1581
927,991,2068,1480,1750,791,944,871,1995,378,823,1933,1488,1541,1652,861,444,172,990,1770,1581
928,991,2068,1480,871,1750,944,791,1581,1488,378,1652,1276,2012,990,2043,942,172,1770,1851,621
929,513,7,2034,799,1783,327,171,1588,1937,410,1350,1719,2054,697,2037,1712,6,1948,1056,1322
930,727,14,221,1833,93,1396,852,749,301,1958,168,403,1923,1183,1703,1961,1721,197,1725,128
931,1933,861,1995,1214,823,444,1156,1541,498,8,92,1637,1796,357,31,74,35,1197,174,456
932,1009,1951,1779,1637,740,1387,8,1197,74,31,92,117,456,1796,35,498,1993,357,861,823
933,1350,498,456,1796,174,74,1869,2054,31,8,1637,1937,870,7,357,1197,581,99,35,1588
934,74,1637,456,357,1796,8,498,1197,92,35,31,1993,1581,958,581,1933,99,870,861,823
935,7,171,513,1783,2034,799,1588,327,1581,74,1796,498,1197,410,456,1637,174,1993,958,92
936,456,74,498,1796,1637,92,357,8,31,35,1197,1993,958,1581,2037,1933,823,861,2054,870
937,727,221,14,1833,93,1396,749,852,1923,168,301,1186,613,1958,1192,21,440,1961,1183,403
938,1796,74,92,357,1637,456,8,498,1993,35,31,1197,1581,1214,1541,861,823,444,1933,1995
939,74,1637,1796,35,8,498,1197,456,92,31,357,1993,861,1933,1214,823,1541,444,1995,1156
940,168,1833,14,1725,221,1923,696,1721,1684,727,1284,1958,1342,298,852,1938,227,613,375,1396
941,74,498,357,92,456,1796,8,1637,31,174,1869,1197,1993,35,861,823,1933,1214,2037,1541
942,1581,174,1869,1796,498,74,357,92,1637,513,1933,8,31,7,1197,823,35,444,456,2034
943,1796,456,498,74,1637,357,8,92,35,1197,31,1993,1581,823,1933,861,958,1541,1995,444
944,1796,74,498,1637,456,8,35,1197,92,357,1993,31,1350,2054,1581,958,1937,174,1869,870
945,1844,2043,172,1255,1793,1035,521,422,1851,1219,122,1800,905,621,759,1898,2065,679,839,1108
946,168,691,1624,719,221,963,1923,434,227,1684,727,1833,1938,531,14,1692,1650,1512,1821,949
947,74,1796,1637,456,92,1581,498,357,1993,8,31,1197,35,958,1541,823,1933,1214,1995,444
948,74,456,1637,498,8,92,1796,35,357,1993,1197,31,861,1933,823,1214,1541,1995,444,1581
949,1796,498,74,456,92,8,357,1197,31,174,1993,1637,1869,513,35,2034,7,958,171,2054
950,168,727,221,14,93,1396,1833,712,1703,852,364,1721,1923,949,1539,1958,749,1865,128,1749
951,171,7,799,2034,1783,513,327,561,6,1969,193,205,1699,1621,1640,1581,1588,1322,798,262
952,513,7,2034,171,1783,327,799,1588,1322,6,410,1440,1581,1699,1621,1712,561,1640,174,1350
953,8,74,1796,498,456,1637,92,357,31,1197,35,1993,1581,958,823,1350,2054,2037,1937,861
954,1869,513,6,7,1640,171,799,174,1699,2034,561,1712,1322,1948,1783,327,581,1588,1440,410
955,357,8,74,1796,456,498,1637,92,35,1197,31,1993,1581,1933,861,823,1541,1995,444,99
956,1581,1796,74,357,1637,8,456,92,498,1197,1993,35,31,1404,1973,1439,581,958,99,1869
957,1796,1637,8,35,357,498,92,456,1197,74,1581,1480,2068,1750,31,871,991,1993,944,791
958,1637,1796,74,498,92,357,456,35,1197,8,31,1993,958,1581,2037,2054,1350,44,581,870
959,1637,357,498,1796,8,74,456,35,1197,92,31,1993,1933,823,861,1995,1541,958,1581,444
960,1440,1322,561,1699,1621,513,7,1640,74,799,1783,1350,1796,327,498,2034,958,92,171,2054
961,513,7,799,171,2034,1783,327,1588,6,561,1699,1869,1640,1621,1350,1440,1937,174,410,1322
962,513,7,2034,1783,799,171,327,1588,410,1948,1937,958,2037,823,1869,1581,44,2054,174,870
963,1581,7,174,1869,1588,1796,513,799,171,2034,1783,410,498,697,74,870,99,456,1350,8
964,2034,513,6,1322,7,498,1640,561,799,1783,171,327,1621,1796,8,456,1699,2054,74,958
965,1783,7,513,327,799,1588,1869,171,1581,410,1937,2034,174,958,2054,1350,2037,498,74,1719
966,806,1133,677,1064,1718,1108,2043,375,1844,1793,1275,1851,2065,1684,679,172,621,1018,1480,521
967,513,7,799,171,2034,174,1783,1869,327,870,1581,1781,581,498,99,1712,1588,1350,410,2013
968,1725,1856,1197,74,8,456,1637,35,31,357,92,498,1993,475,1796,1022,298,787,1567,465
969,7,513,171,799,2034,1783,1588,327,410,1581,174,99,870,1869,1350,581,1937,2054,958,1781
970,513,7,327,2034,1869,799,174,171,1783,1712,1699,581,1640,1440,6,1781,697,870,99,2013
971,1796,174,74,513,498,1581,7,1869,561,799,1637,92,697,171,31,8,1197,1993,1588,456
972,1637,74,1009,740,1779,1951,1387,1796,92,1197,456,31,1993,117,357,35,8,498,958,861
973,1750,991,2068,1480,871,1933,1541,791,1995,823,944,861,444,174,1581,1214,1156,1869,870,1350
974,1581,174,1750,2068,1480,791,1869,944,870,1933,991,861,871,1995,823,99,1588,2054,1350,1541
975,1480,2068,991,791,944,806,1064,871,1779,375,903,1684,1718,1624,1750,1018,1951,1009,1133,677
976,357,1796,498,74,1637,1197,456,92,1581,35,31,8,870,7,2034,513,1993,581,1969,205
977,74,561,1322,1640,6,1637,357,1197,498,1796,92,456,31,1699,1440,35,8,1621,1993,1869
978,2034,7,513,171,799,1783,327,1796,74,498,357,1197,1581,92,1637,456,205,31,174,1969
979,861,2068,444,1933,1480,823,1995,991,1214,1156,944,1541,791,1750,871,806,1951,1779,1009,1064
980,2012,942,1276,1652,990,1488,378,1770,236,888,846,1522,1350,2054,991,1750,944,677,1581,1480
981,301,1183,1721,727,221,14,1833,1923,1058,1958,1725,1396,128,93,1856,582,1764,749,403,1512
982,2034,7,171,513,1783,444,799,6,823,327,1933,1541,1640,1322,1621,861,1214,1699,561,1440
983,498,74,861,1214,456,1541,1933,823,1197,1637,444,1796,1995,8,92,357,1993,31,1156,958
984,74,1637,1796,8,35,498,456,92,1197,31,357,1993,823,1933,861,1214,1995,1541,444,1156
985,74,1637,92,1796,456,498,8,31,1197,35,357,1993,958,1581,823,861,1933,2037,1995,1541
986,727,14,221,1833,93,1396,852,749,168,1923,301,1958,1183,21,1721,1703,403,1255,575,197
987,727,14,221,1833,93,1396,852,749,1923,301,168,1958,613,1856,440,1721,403,1183,1186,21
988,1933,823,1541,861,444,1995,1624,1214,1156,1581,719,8,691,1796,1064,1718,35,806,871,456
989,1869,174,799,7,513,171,2034,327,1783,1588,410,870,581,99,1350,405,1781,1699,561,6
990,1796,74,1637,456,498,92,8,35,357,1197,31,1993,1581,958,1933,861,2037,444,823,2054
991,74,1637,456,1796,357,92,498,1197,8,35,31,1993,958,1581,861,1933,1640,581,99,1214
992,1796,74,1637,498,456,8,1197,92,35,1581,357,31,1993,174,1869,958,870,581,1933,7
993,2068,1750,1480,871,944,991,791,1581,174,1933,1995,823,1541,861,1214,1796,444,99,870,1350
994,74,1637,498,456,8,92,1796,1197,35,357,31,1993,174,1869,958,1350,861,1933,581,2054
995,727,14,221,1833,93,1396,852,749,301,1958,1703,1923,1183,403,1721,168,197,1725,1856,613
996,990,1276,942,2012,378,1652,888,1770,236,1488,1522,846,1844,2065,1793,1851,172,2043,991,1255
997,74,1637,456,1197,35,8,498,357,92,1796,31,1993,1933,861,823,1541,1995,1214,444,1156
998,1308,513,2034,116,168,591,7,1869,327,799,1581,613,475,1186,171,1144,1447,255,1712,1022
999,1624,691,1637,719,35,74,92,8,963,1796,1197,456,1692,498,1993,31,357,531,434,861
