0,168,1281,1143,1749,711,1649,1721,1775,788,1961,1975,1667,763,1098,247,1042,1650,1539,301,1325
1,301,1721,1183,109,168,1260,429,1851,727,1923,221,93,299,364,1856,65,1557,998,43,1703
2,727,221,1833,14,93,1396,749,852,1703,1721,1143,712,1923,128,881,1775,1281,77,1725,763
3,823,861,1214,444,1156,1541,1995,1933,357,958,1581,1637,870,74,35,31,498,1869,1993,8
4,498,74,35,456,92,1993,357,31,1197,1637,8,1796,958,1156,861,823,289,1214,444,591
5,31,35,357,74,1637,1993,8,498,456,92,1197,1796,1214,591,1447,958,1156,861,713,823
6,958,357,498,35,74,1993,1637,31,8,456,1197,1796,92,591,1156,444,823,861,1214,1581
7,861,823,1156,1214,444,1541,1933,1995,357,8,35,74,92,498,958,31,1197,1796,1993,1581
8,301,1721,1183,109,168,1703,299,1844,1260,1108,1851,727,128,122,1954,546,1923,1938,1275,1355
9,357,31,1581,444,1214,8,74,1156,92,498,1995,861,1993,1197,1869,1684,1541,174,713,591
10,168,95,1727,153,852,1832,1098,1721,1143,1975,437,1961,539,903,1186,788,1950,1763,749,460
11,727,1833,221,14,93,1396,749,852,1721,1703,881,1143,712,1183,1397,1775,1533,1923,2006,77
12,1064,1684,991,944,1750,791,806,871,1718,1194,1018,227,1438,375,804,2068,1221,444,35,524
13,168,95,1650,788,1961,1042,1281,852,1721,1143,1775,711,1975,903,1749,749,126,1649,489,1763
14,498,2037,74,8,35,92,357,958,44,456,31,1993,1796,1637,1197,174,1581,289,1869,861
15,1447,591,561,1440,2059,1640,1621,1699,6,1322,1559,1932,465,68,1567,1284,113,696,475,1046
16,1684,1624,1718,2068,1750,991,227,944,791,1064,1995,719,871,1480,35,531,806,1214,375,1221
17,168,852,788,1098,1961,1649,763,337,1721,1539,247,2053,460,120,437,1775,1650,977,230,602
18,1058,1512,1705,582,1355,1764,1054,1751,1283,1010,128,448,712,43,2070,738,299,763,414,109
19,740,1779,1009,1951,1387,117,1559,2012,1932,465,561,113,1440,1621,1447,6,696,1699,697,1284
20,591,35,8,357,1933,1447,456,74,1156,861,498,1581,958,1993,1214,1637,1197,1796,444,31
21,1058,1054,1512,1705,582,1355,1764,1283,1751,1010,448,1149,128,414,43,712,1806,299,109,403
22,727,1833,221,14,1396,93,749,852,1721,1703,1183,1923,881,1397,128,1614,1143,1863,77,1856
23,727,221,1833,14,93,749,1396,852,1721,1703,168,403,77,881,582,1143,1775,109,712,1397
24,1058,1054,1764,582,1512,1355,1705,1751,1283,1010,414,448,1149,128,1806,1775,712,43,1281,2070
25,727,221,1833,14,93,749,1396,852,1721,1703,881,1035,582,1844,403,77,1143,1775,1740,521
26,168,1721,128,1650,1961,763,1649,788,1856,727,221,1042,1763,364,95,1186,301,403,749,852
27,727,1833,221,14,1396,93,749,852,1721,1703,1923,712,881,1775,1143,1183,1533,128,1863,1281
28,498,8,1637,1796,74,1197,456,958,35,357,31,1993,861,823,289,444,92,2037,44,1581
29,74,35,498,31,1993,456,1637,8,1197,357,92,1796,591,1447,958,1581,2059,1559,1586,1023
30,1058,582,1512,1054,1355,1705,1764,1751,1283,1010,1149,448,128,43,1775,414,712,109,299,1118
31,1058,1054,1764,582,1512,1355,1705,1751,1283,1010,448,1149,128,414,712,43,2070,1806,738,299
32,727,221,1833,14,93,1396,749,852,881,1721,1844,712,1533,1703,1035,1183,594,43,1143,109
33,31,35,357,74,1637,1993,8,498,456,92,1197,1796,1214,958,591,1156,861,823,1995,1447
34,861,1156,444,823,1541,1214,1933,1995,958,357,1581,591,1637,92,99,870,2037,1447,44,35
35,35,1214,357,1993,92,31,8,861,823,456,498,1637,1796,74,1197,444,1156,1541,1995,591
36,1156,1214,35,357,1995,498,74,8,861,92,456,444,1197,31,823,1637,1796,1541,958,591
37,498,35,357,74,1993,1637,31,8,456,1197,1796,92,958,1156,823,444,1933,1214,861,1541
38,1581,2012,958,591,713,44,1447,35,942,1869,227,1197,2037,1056,31,174,2013,8,1221,870
39,1705,1751,1512,582,1058,1764,1054,1355,1283,1010,128,1149,448,414,1775,712,1381,1143,43,1539
40,498,8,2037,74,1993,35,92,357,958,44,31,456,1796,1197,1637,2013,1581,289,1869,861
41,2012,44,1488,942,1973,74,2037,846,1652,888,958,357,1197,1993,444,990,1276,1404,456,1221
42,1764,1054,448,582,1705,1806,1355,414,1751,1512,1149,1010,1283,1058,738,364,1381,904,648,711
43,168,1856,1961,128,1725,1763,1727,126,1721,1667,763,1281,1042,437,93,1649,95,38,432,1867
44,1705,1751,1512,582,1058,1764,1054,1355,1283,1010,128,1149,448,414,712,43,2070,1806,738,299
45,357,498,35,74,1993,1637,31,8,456,1197,1796,92,861,1214,591,1447,823,1156,958,444
46,168,788,903,1721,1325,1672,460,852,1832,1961,1098,1649,437,1821,1867,1539,247,128,1207,1775
47,944,1750,991,2068,791,871,1480,1447,1684,591,1350,1064,963,1718,1581,1995,2054,1276,806,1018
48,168,95,1721,1042,1961,788,852,1281,437,1650,1832,1667,840,1098,1727,763,1649,711,1749,93
49,1512,1705,1058,582,1054,1355,1764,1283,1751,1010,1149,448,128,43,414,712,299,1806,109,648
50,168,1961,788,95,840,153,128,1721,1649,1975,1725,711,1763,1832,1281,1325,1098,1856,437,1749
51,1512,1705,1058,582,1054,1355,1764,1283,1751,1010,1149,448,128,1775,43,414,712,109,1143,1749
52,301,1721,1183,109,168,128,1703,299,1260,364,1355,727,1954,546,1649,749,582,1923,221,1961
53,301,1721,1183,168,109,763,364,727,1260,546,93,429,1923,299,1961,221,344,579,1703,489
54,301,1721,1183,109,168,299,582,1260,1355,364,1954,727,1923,221,998,763,93,749,1512,1703
55,168,1775,1961,1749,788,711,95,852,1672,1281,1721,1649,153,1098,1539,437,460,1727,539,1143
56,1058,1054,1512,1705,582,1355,1764,1283,1751,1010,448,1149,128,414,712,43,1806,299,403,763
57,740,1779,1009,1951,1387,117,958,1581,1993,1197,2059,1559,1214,498,1023,1973,1933,861,465,2012
58,168,1961,95,788,1672,128,1721,1098,1649,1325,1725,247,1650,1763,711,819,1281,1856,1749,274
59,727,1833,221,14,93,1396,749,852,881,1703,1035,1844,1721,1143,1740,903,1397,1614,594,376
60,740,1951,1387,1779,1009,117,2059,1973,804,1559,1284,465,1933,1214,498,113,958,298,698,861
61,8,35,456,498,1197,74,1637,357,1993,31,1796,92,958,1156,823,444,1933,1214,861,1541
62,168,128,1961,788,95,1721,1649,1832,1727,1042,1281,1763,1856,1725,840,460,432,519,1975,1938
63,1705,1751,1512,582,1058,1764,1355,1054,1283,1010,128,1149,43,448,712,414,2070,299,1806,109
64,35,357,74,498,92,1637,8,1197,1993,31,1796,456,958,289,861,1581,591,713,1156,44
65,1058,1764,582,1512,1054,1355,1705,1751,1283,1010,128,1149,448,414,1775,712,43,1281,2070,1118
66,1684,1624,8,456,44,791,237,1197,1718,74,1064,1018,1973,1133,991,1993,719,31,2012,35
67,1009,740,1779,1951,1387,117,2059,1559,1023,1973,465,1066,1932,804,1933,1214,498,113,958,1342
68,1156,861,823,1214,1541,1995,444,1933,357,8,35,74,92,498,958,31,1197,1796,1993,1581
69,301,1183,1721,168,109,1260,128,299,1703,727,1851,546,523,1938,1355,429,1793,93,1557,1923
70,74,31,35,498,1637,1993,1796,92,456,8,357,1197,713,958,289,2034,2013,1221,1447,691
71,727,221,1833,14,93,1396,749,852,881,1923,1703,1844,712,594,1035,1721,1143,43,1775,759
72,498,35,74,1637,8,456,357,1993,92,1796,1197,31,861,1214,591,1447,823,1156,958,444
73,740,1951,1387,1779,1009,117,1932,1559,1284,465,1567,697,113,1046,846,1586,1480,2068,1522,2059
74,1387,1009,740,117,1779,1951,1913,904,1200,1252,18,1789,817,1665,1821,1863,2037,1384,965,262
75,301,1721,1183,109,299,1260,1577,1703,1355,763,1954,546,582,1923,1961,1938,364,1851,671,224
76,168,1856,1961,788,1649,1650,1725,763,881,95,1721,128,489,523,1672,1975,1832,903,14,1763
77,727,1833,221,14,93,1396,749,852,881,1923,168,1703,594,1035,1844,1721,128,403,1143,1260
78,168,711,1281,1775,1143,1961,1650,1118,1667,749,1856,1749,1721,1832,763,881,1867,1098,437,1649
79,1764,1054,582,1705,1355,448,414,1751,1512,1149,1010,1283,738,1058,1806,1703,364,1381,1351,904
80,31,35,357,74,1637,1993,8,498,456,92,1197,1796,1214,958,591,1156,861,823,1995,1447
81,727,221,1833,14,93,1396,749,852,1721,1703,1183,1923,712,1355,881,43,77,582,1775,109
82,236,1488,1770,378,990,1276,846,2012,1480,1652,1522,888,944,942,2068,1750,1219,1844,791,871
83,727,221,1833,14,93,1396,749,852,881,1923,1703,594,1844,1035,1721,1255,1397,1143,521,1898
84,444,1156,861,823,1933,1214,1541,1995,74,92,357,1637,498,8,35,31,1197,958,1796,1781
85,1447,591,740,1779,1009,1951,1387,117,2059,1559,1586,1023,1973,68,696,1699,465,1144,1066,298
86,727,221,1833,14,93,1396,749,852,1721,1703,1923,881,1183,1533,168,1143,1740,403,337,376
87,1684,1718,1064,8,1197,74,1018,44,2037,1993,456,1973,31,35,375,357,958,806,2012,444
88,168,1650,1856,432,1281,1721,1873,1192,1867,1727,126,299,1763,1405,1961,93,1775,95,1186,711
89,301,1721,1183,109,299,1260,1954,1355,1923,582,763,429,364,1192,1557,523,1703,1186,93,1938
90,1995,444,1541,31,1156,74,1214,357,498,8,1684,1581,823,1993,2012,1197,1718,861,1064,92
91,1058,1054,1512,1705,582,1355,1764,1283,1751,1010,448,1149,128,414,712,43,1806,299,403,648
92,740,1779,1009,1951,1387,117,444,958,861,1993,1197,2059,1156,1214,498,1933,1541,1995,1973,1559
93,357,1214,92,444,1156,35,1995,1541,861,958,823,74,591,1581,1447,456,1933,498,1197,1637
94,357,498,35,74,1993,1637,31,8,456,1197,1796,92,958,861,823,1214,444,1156,1581,1933
95,727,1833,221,14,1396,93,749,852,1703,881,43,712,1143,1721,1775,1281,1614,1397,1533,1355
96,168,95,128,1098,1961,788,1856,1649,763,1721,126,903,539,1186,1281,711,153,1749,1325,166
97,301,1721,1183,109,299,1260,1923,1954,1355,364,1851,1703,65,377,93,43,1283,1938,763,255
98,727,1833,221,14,93,749,1396,852,1721,1703,881,1143,1775,712,1397,1183,941,1923,1614,807
99,727,1833,221,14,93,1396,749,852,1721,1255,881,1035,1703,77,1844,168,594,109,712,1183
100,791,1750,1438,621,1844,944,2068,1108,172,1480,174,991,871,528,1592,1800,1684,1219,905,759
101,74,498,1637,92,357,8,1993,35,1197,1796,31,456,958,44,289,823,444,591,861,1156
102,1447,591,2059,1559,1586,1023,1699,68,696,465,1144,1066,298,1932,804,561,113,1440,1933,1032
103,1156,861,823,1214,1541,1995,444,1933,92,357,8,958,35,74,1637,1197,456,1796,498,31
104,498,35,357,74,8,1637,456,1993,92,1796,1197,31,958,289,1156,591,444,861,823,1214
105,591,444,357,1214,92,1156,958,1447,1541,35,1995,861,823,74,1581,870,456,174,1933,498
106,168,95,1650,1856,539,788,1727,153,1721,903,247,437,1098,1961,1883,881,1763,120,840,1832
107,31,35,357,74,1637,1993,8,498,456,92,1197,1796,591,1447,1214,958,1156,1581,861,823
108,1684,1718,1064,1197,1018,1993,74,1973,375,35,31,958,806,456,2012,444,1637,1404,861,1439
109,727,1833,221,14,1396,93,749,852,1703,1721,881,1923,712,1775,1863,1183,1533,1749,1614,43
110,168,95,1143,1775,1749,1325,711,1281,1649,1961,1832,1061,1721,1098,1667,763,1427,1539,1118,840
111,498,35,357,74,8,1637,456,1993,92,1796,1197,31,958,861,1156,289,823,1214,444,591
112,168,788,1721,128,38,1667,1961,1649,763,1832,1042,1763,1098,1325,1938,519,648,1650,1727,153
113,727,221,1833,14,1396,93,749,852,1703,1721,881,1183,1533,1143,990,942,236,403,337,77
114,1993,74,357,1637,35,8,92,498,1197,1796,456,31,958,861,823,1214,289,444,1156,1581
115,740,1009,117,1387,1214,1951,444,1933,823,1779,1156,1995,697,1541,1684,1821,1789,861,591,529
116,1684,1718,1064,1018,806,375,1133,677,1624,8,456,1197,74,1692,531,1993,31,35,691,434
117,357,498,35,74,1993,1637,31,8,456,1197,1796,92,591,1447,561,1699,1214,958,1869,1156
118,727,1833,221,14,1396,93,749,852,1703,1721,1183,881,1923,1844,1533,594,1397,1035,1614,1255
119,791,1750,1783,1438,944,2068,1480,174,172,991,871,1551,621,1684,1844,1592,759,513,918,2034
120,35,1214,357,1993,92,31,8,861,823,1933,456,498,1637,1796,74,444,1581,1197,1156,1995
121,727,221,1833,14,93,1396,749,852,881,1721,1703,712,77,1143,1183,1533,807,1863,1614,990
122,1637,35,1993,357,498,456,31,1197,74,92,8,1796,1214,1156,958,823,591,1541,1995,861
123,289,498,74,357,456,8,35,92,1637,31,1993,1796,1197,958,1581,591,861,1056,44,1447
124,498,35,74,357,456,1637,1993,92,8,1197,31,1796,958,1156,289,861,823,1214,444,591
125,168,852,1649,1721,788,1961,1703,1975,1650,903,648,1325,1667,763,1539,1763,1042,1775,301,711
126,727,1833,221,14,1396,93,749,852,1721,1703,1183,1923,1143,43,712,881,1775,1281,1533,546
127,727,1833,221,14,1396,93,749,852,1703,1721,1183,881,43,712,1775,1614,1397,2006,1923,1355
128,31,35,357,74,1637,1993,8,498,456,92,1197,1796,591,1447,1214,958,1156,1581,861,713
129,168,95,788,1856,1763,1098,1721,1727,903,437,1961,1883,1186,840,460,1281,852,1975,1775,1042
130,1133,677,1624,8,456,1197,74,1692,531,1718,1684,1993,31,35,357,958,719,434,1637,1221
131,31,1637,92,8,74,456,1197,1993,357,35,1581,861,1796,1995,1624,444,498,791,691,991
132,1512,1705,1058,582,1054,1355,1764,1283,1751,1010,1149,448,128,43,414,712,299,1806,109,763
133,1721,1183,301,168,109,299,377,1923,727,65,763,489,93,749,221,364,1703,429,546,2006
134,498,35,74,1993,92,1637,8,357,31,1197,1796,456,591,861,444,1156,823,1447,1214,958
135,1214,823,861,444,1156,1541,1995,1933,357,8,35,74,1796,498,1197,1637,92,456,31,958
136,301,1721,1183,109,1260,299,1703,1355,1938,546,582,255,1873,1961,763,429,1557,1923,364,523
137,301,1183,1721,168,109,1260,128,299,1703,727,1851,1938,546,255,489,1873,1355,1793,93,1923
138,357,1214,92,444,1156,35,1995,1541,861,958,823,74,591,1581,1447,456,1933,498,1197,1637
139,1721,1183,301,109,168,1961,749,727,1649,221,546,1923,712,763,65,93,299,1557,43,364
140,727,1833,221,14,93,1396,749,852,881,1721,1703,712,1183,1844,1533,1143,594,1035,1863,1923
141,727,1833,221,14,93,1396,749,852,881,1703,1721,1844,594,1143,1255,1614,712,1397,1035,1923
142,168,852,788,437,1727,602,727,126,1042,247,749,1397,1867,648,344,210,1650,1098,1721,1921
143,1058,1764,582,1512,1054,1355,1705,1751,1283,1010,128,1149,448,414,1775,712,43,1281,2070,1118
144,1064,1684,991,944,1750,791,806,871,1718,1194,1018,227,1438,375,2068,1221,444,35,2012,1541
145,168,95,852,1042,1961,1672,788,1721,128,1649,1650,1281,1098,840,819,903,727,1727,832,711
146,301,1721,1183,168,109,727,429,1260,1923,546,65,93,299,364,344,221,1272,998,579,1703
147,1009,740,1779,1951,1387,117,1559,465,561,113,1440,1621,1447,6,1699,2012,1284,696,1322,1586
148,168,1281,1749,1856,788,437,711,93,852,1143,1775,1727,881,1539,126,1042,1961,120,1721,1650
149,174,1869,1995,444,861,823,1214,1637,1581,35,1541,227,1993,74,357,1933,958,1156,498,591
150,301,1721,1183,109,299,1260,1703,255,1355,1938,1954,1923,546,582,1873,1961,763,364,224,1289
151,95,1923,1010,881,1355,1649,582,1283,1961,711,1512,1705,1281,1764,1751,1054,763,93,1856,1381
152,168,274,95,1672,301,763,128,1557,1961,1721,1649,1405,788,489,474,1650,546,126,1856,912
153,1512,1705,1058,582,1054,1355,1764,1283,1751,1010,1149,448,128,414,1775,712,1143,43,1539,1118
154,301,1721,1183,109,1260,299,429,65,1355,1923,364,1557,1954,523,579,1703,93,1283,1938,1851
155,1993,74,357,1637,35,8,92,498,1197,1796,456,31,958,861,823,1214,444,1156,1581,1933
156,727,1833,221,14,93,1396,749,852,1703,1721,1183,881,1923,43,712,1775,1397,1355,1255,1143
157,1705,1751,1512,582,1058,1764,1283,1054,1355,1010,128,1149,448,414,712,43,2070,1806,738,299
158,1009,740,1779,1951,1387,117,1559,1932,465,113,697,2068,1284,1046,1586,2059,1567,804,1023,995
159,1009,740,1779,1951,1387,117,1559,465,113,2012,1284,1586,2059,804,475,1932,1973,68,1342,696
160,1684,1718,1064,375,1018,806,1133,677,1624,8,456,1197,74,1692,531,1993,31,35,691,434
161,727,1833,221,14,1396,93,749,852,1703,1721,1183,881,1923,712,1143,43,1775,1397,1614,1260
162,861,1156,1214,823,444,1541,1933,1995,357,958,1637,92,1993,74,1197,8,498,35,31,456
163,1156,861,823,1214,1541,1995,444,1933,92,357,8,958,35,74,591,1637,1197,456,1796,498
164,727,1833,221,14,1396,93,749,852,1703,712,881,1721,128,1775,77,1751,990,1355,1614,1665
165,301,1721,1183,168,109,1260,364,429,727,763,65,93,1923,299,1557,1275,579,998,221,590
166,1684,375,1064,1718,1018,806,1133,677,1624,8,456,1197,74,1692,531,1993,31,35,691,434
167,168,1961,128,1721,788,95,1667,1649,763,126,1856,1832,1098,1405,727,1325,749,460,1727,1865
168,1512,1705,1058,582,1054,1355,1764,1283,1751,1010,1149,448,128,43,414,712,299,1806,109,749
169,1512,1705,1058,582,1054,1355,1764,1283,1751,1010,1149,448,128,414,1775,712,1143,43,1539,1118
170,31,35,357,74,1637,1993,8,498,456,92,1197,1796,1214,958,591,1156,861,823,1995,1447
171,74,498,35,8,1637,31,92,1796,1993,456,1197,357,1214,1156,958,823,591,289,1995,861
172,861,1156,1214,823,444,1541,1933,1995,357,74,35,92,958,8,1197,31,1637,1993,498,1796
173,444,1156,1214,1933,2012,861,1581,1439,1541,1995,1197,498,1973,1221,1993,74,804,237,35,31
174,727,1833,221,14,93,749,1396,852,1721,1703,881,1143,1775,712,1183,1923,1260,807,1355,1614
175,1058,1764,582,1512,1054,1355,1705,1751,1283,1010,128,1149,448,414,712,43,2070,1806,738,299
176,168,95,128,1961,93,1281,852,1856,1650,711,126,763,1721,1405,1098,539,1672,912,1775,1667
177,861,1214,1156,444,823,357,92,8,1541,498,1995,1637,1197,74,958,35,1933,1796,31,1993
178,168,128,1961,95,788,1749,1650,711,1672,1281,1143,1042,1721,1649,1775,1727,1763,819,1923,1725
179,799,7,2034,171,1783,327,513,410,1588,753,918,1042,1921,1950,790,1696,1712,697,733,1948
180,727,221,1833,14,1396,93,749,852,1721,1703,881,712,1035,1923,1844,1533,236,1183,109,1775
181,727,1833,221,14,93,1396,749,852,1703,1721,881,168,1923,128,1183,1856,1751,489,1665,738
182,444,1214,1156,823,1541,861,1995,1933,74,498,92,1637,8,357,1197,35,958,456,1993,1796
183,1009,740,1779,1951,1387,117,2059,1586,1973,1447,591,1699,1559,465,298,68,804,561,113,1933
184,727,221,1833,14,1396,93,749,852,1721,1703,881,1355,712,1923,1035,1844,990,1533,1183,236
185,1009,740,1779,1951,1387,117,1559,2012,1932,465,561,113,1440,1621,1447,6,696,1699,697,1284
186,727,1833,221,14,93,1396,749,852,881,1703,1923,1721,1844,594,1397,1143,1255,128,1035,422
187,727,221,1833,14,93,1396,749,852,1703,1721,712,881,1143,1775,1183,1533,109,990,77,1281
188,301,1721,1183,168,109,1260,364,727,763,429,93,1923,299,1557,1275,579,489,221,1703,1851
189,498,35,74,357,456,1637,1993,92,8,1197,31,1796,958,289,1156,591,444,861,823,1214
190,498,35,74,357,456,1637,1993,92,8,1197,31,1796,958,289,1156,591,444,861,823,1214
191,727,221,1833,14,93,1396,749,852,1703,1721,168,712,1923,881,77,128,1143,1775,1183,1856
192,498,1637,74,35,1993,31,92,8,357,1796,1197,456,1214,823,1156,591,958,1541,861,444
193,1009,740,1779,1951,1387,117,2059,1559,1023,1973,465,1066,1932,804,1933,1214,498,113,958,1342
194,1009,740,1779,1951,1387,117,1559,465,561,113,1440,1621,1447,6,1699,2012,1284,696,1322,1586
195,727,221,1833,14,93,1396,749,852,881,1703,712,1923,1512,1721,1143,128,168,403,1355,1740
196,591,357,1214,92,444,1156,958,1447,35,1995,1541,861,823,74,1581,456,174,1933,498,1197
197,1058,1512,1705,582,1355,1764,1054,1751,1283,1010,128,43,448,712,299,109,738,2070,763,337
198,727,221,1833,14,93,1396,749,852,1721,1703,1183,1923,712,881,1143,43,1863,1775,109,1614
199,727,221,1833,14,93,1396,749,852,1721,1703,1923,881,1183,1533,128,403,168,1143,1751,807
200,95,1010,582,1705,1512,1856,1923,1751,1283,1054,711,1764,93,168,1649,1355,1961,763,1449,749
201,74,498,35,8,1637,31,92,1796,1993,456,1197,357,1214,823,1156,591,958,1541,861,444
202,168,1727,1832,852,247,749,1396,437,2053,126,1821,1042,1938,1867,93,2002,1650,788,344,1098
203,168,1749,1281,1143,711,1539,1727,1775,1856,1118,1725,437,1961,1042,95,1721,1650,881,1649,1634
204,168,1281,1650,95,852,711,1143,1539,1775,1975,1727,1749,1832,1042,539,1649,432,1098,474,1381
205,31,35,357,74,1637,1993,8,498,456,92,1197,1796,1214,591,958,1156,861,823,1995,1447
206,357,1214,92,444,1156,35,1995,1541,861,958,823,74,591,1447,1581,456,1933,498,1197,1637
207,727,221,1833,14,93,749,1396,852,1721,1703,582,77,881,1775,1143,168,109,712,1183,1923
208,498,74,35,1637,92,8,1993,456,1197,31,357,1796,1214,1156,958,823,591,1541,289,1995
209,740,1951,1387,1779,1009,117,561,1621,1440,6,113,1284,1559,465,1511,1447,1699,2012,696,1586
210,168,95,788,1721,1961,128,126,749,1856,840,1281,763,1727,1667,1763,1098,1650,1775,1042,1649
211,171,7,2034,513,1783,327,799,1588,410,1581,99,6,1201,753,561,1712,1699,174,405,1440
212,740,1951,1387,1779,1009,117,1932,1559,1284,465,1567,697,113,1046,2068,846,1586,1480,1522,2059
213,168,1775,788,128,1749,1650,1961,711,95,1923,1281,1721,539,852,1672,1539,437,1727,153,1143
214,1058,1512,1705,582,1355,1764,1054,1751,1283,1010,128,448,712,43,2070,738,299,403,763,1336
215,991,1750,2068,1447,791,944,1480,591,871,1221,1350,697,963,2054,227,1915,870,1995,113,174
216,1156,861,823,1214,1541,1995,444,1933,92,357,8,958,35,74,591,1637,1197,456,1796,498
217,498,1637,74,35,1993,31,92,8,357,1796,1197,456,861,1214,591,1447,823,1156,958,444
218,727,221,1833,14,93,1396,749,852,1721,881,1703,168,1577,1740,376,1143,712,1183,77,1923
219,498,35,74,1637,1993,1197,8,456,92,1796,31,357,861,1214,591,1447,823,1156,958,444
220,740,1009,1387,1779,1951,117,1559,1284,465,113,2012,1586,2059,804,475,1932,1973,68,1342,1384
221,740,1009,1387,1779,1951,117,1322,6,561,1621,1440,1640,113,1284,1559,465,794,1447,1699,156
222,498,1637,74,35,1993,31,92,8,357,1796,1197,456,591,1447,1156,1933,444,861,823,1214
223,74,498,35,31,1637,92,8,1993,456,1197,357,1796,1214,1156,958,823,591,289,1995,861
224,727,221,1833,14,93,1396,749,852,881,1721,712,1703,1183,77,43,1143,109,1397,1856,337
225,823,861,1214,444,1156,1541,1995,1933,357,958,1637,92,1993,74,1197,8,498,35,31,456
226,727,221,1833,14,93,1396,749,852,168,881,1721,1703,1183,1397,128,1856,337,1614,1923,77
227,168,128,1961,763,1749,1775,1281,1727,1649,711,1650,1856,437,852,1143,364,1539,1721,247,1975
228,727,221,1833,14,93,1396,749,852,1703,1721,881,1923,1183,712,1143,43,738,109,1775,1397
229,301,1183,1721,168,109,1703,299,1283,727,429,1260,1938,546,489,1355,128,93,1923,998,364
230,31,35,357,74,1637,1993,8,498,456,92,1197,1796,1214,958,591,1156,861,823,1995,1447
231,168,128,1098,1727,852,903,437,153,1763,1721,1961,1325,1649,1667,763,1405,1539,1762,1867,788
232,498,1637,74,35,1993,31,92,8,357,1796,1197,456,861,1156,823,1214,591,444,1541,1995
233,727,221,1833,14,93,1396,749,852,1923,168,1703,881,1721,128,1397,403,1751,1614,582,77
234,31,35,357,74,1637,1993,8,498,456,92,1197,1796,591,1447,1214,958,1156,1581,861,561
235,1440,1621,561,2054,6,1350,1937,1699,1322,1308,1588,227,787,1581,1869,713,918,1640,1712,99
236,861,1214,1156,823,444,35,357,74,1541,498,1933,92,1995,1637,8,1197,1993,31,1796,456
237,1058,1512,1705,582,1355,1764,1054,1751,1283,1010,128,1775,448,712,43,1281,1118,2070,1143,738
238,1721,1183,301,109,168,1923,727,221,93,299,489,364,1856,65,43,1703,763,429,749,546
239,1156,861,444,1541,823,1214,1995,1933,357,74,92,8,498,958,1197,35,1993,31,456,1796
240,791,1750,1438,944,2068,1480,174,172,991,871,1551,621,1684,1844,1592,759,2065,918,1898,1219
241,498,1637,74,35,1993,31,92,8,357,1796,1197,456,591,1447,1156,444,1933,861,823,1214
242,861,823,1156,1214,444,1541,1933,1995,92,357,8,958,35,74,591,1637,1197,456,1796,498
243,1156,861,823,1214,444,1541,1995,1933,357,35,8,498,1796,1637,92,74,958,591,1581,1197
244,301,1721,1183,109,1260,429,763,65,1923,299,364,1851,579,1557,93,590,1703,168,1449,817
245,727,221,1833,14,93,1396,749,852,1721,1703,881,1183,1397,1143,168,1856,128,1923,337,77
246,944,1750,2068,991,791,871,1480,1447,1684,1350,591,963,444,1064,434,1718,691,1581,861,1541
247,168,95,358,274,852,1961,1405,1042,788,128,1098,763,1856,1650,1649,1873,546,126,523,819
248,168,788,1727,1832,648,1938,2053,247,337,1950,602,727,1042,126,1268,77,852,344,1971,1650
249,168,1749,1775,1961,788,711,95,1649,1281,852,1721,1098,903,1856,1143,1539,126,153,763,1763
250,74,498,1637,958,92,357,8,1197,1993,35,1796,31,456,861,289,823,2037,591,444,44
251,1156,861,823,1214,444,1541,1995,1933,357,8,958,498,35,92,74,31,1637,1993,1197,1796
252,168,1721,1281,274,523,474,903,1672,711,546,1557,912,95,358,1520,819,1961,1405,1649,301
253,1764,1054,448,582,1705,1355,414,1751,1512,1149,1010,1283,1806,1058,738,364,904,1551,609,1703
254,727,221,1833,14,93,1396,749,1721,852,1703,1183,1923,168,712,1355,403,1512,77,881,582
255,1156,1214,35,357,1995,498,74,8,861,92,456,444,1197,31,823,1637,1796,1541,958,591
256,1156,861,1214,823,444,1541,1933,1995,357,498,1197,1637,8,92,958,35,31,74,1993,1796
257,727,1833,221,14,1396,93,749,852,1703,1721,881,1183,1923,712,1143,43,546,1775,1397,1614
258,727,221,1833,14,93,1396,749,852,881,1721,1703,712,77,168,1143,1183,1533,128,807,1923
259,31,35,357,74,1637,1993,8,498,456,92,1197,1796,591,1447,1214,958,1156,1581,861,713
260,1058,1764,582,1355,1512,1054,1705,1751,1283,1010,128,1149,43,448,712,414,2070,376,1577,299
261,1156,444,861,1541,1214,823,1933,1995,357,1581,1684,1637,92,958,1781,591,99,870,174,571
262,168,1961,1405,788,1672,95,274,358,128,1721,1649,1856,1725,1186,912,763,1098,247,1325,1650
263,168,1721,153,852,1727,788,1763,903,437,519,337,1961,1649,763,1098,648,1042,1188,1539,460
264,301,1721,1183,168,1954,109,299,429,1260,727,998,1923,65,1355,93,364,221,1703,579,1283
265,727,1833,221,14,93,749,1396,852,1703,881,1721,1397,1775,712,1614,1923,1533,1355,474,1183
266,1512,1705,1058,582,1054,1355,1764,1283,1751,1010,1149,448,128,414,1775,712,1143,43,1539,1118
267,740,1779,1009,1951,1387,117,1559,2012,1932,465,561,113,1440,1621,1447,6,696,1699,697,1284
268,1684,691,1624,8,456,791,237,1197,1718,74,1064,1018,1973,1133,991,1993,531,719,31,2012
269,727,221,1833,14,93,1396,852,749,1721,1740,712,1703,881,1183,43,77,109,1143,1111,1397
270,301,1721,1183,109,1703,299,1283,1260,1954,1923,546,1938,1355,364,1577,65,1272,93,579,763
271,498,8,74,1993,2037,35,92,357,958,44,31,456,1796,1197,1637,2013,174,1581,289,1869
272,31,35,357,74,1637,1993,8,498,456,92,1197,1796,591,1447,1214,958,1156,1581,861,823
273,1058,1054,582,1512,1355,1705,1764,1751,1283,1010,414,448,1149,1806,128,1775,712,43,1118,1281
274,740,1009,444,117,1387,1214,1951,1933,823,1779,357,1156,1995,697,1541,1684,733,8,817,1789
275,1721,1183,301,109,546,65,1923,299,1557,364,1534,429,1672,93,1703,763,489,168,474,1961
276,168,711,1281,1539,1775,95,1721,1143,1118,1381,788,852,881,1727,1856,1749,903,247,1650,1832
277,1156,861,823,1214,1541,1995,444,1933,74,92,357,1637,498,8,958,35,31,1197,1796,1993
278,301,1721,1183,109,1283,582,1954,1355,1703,299,429,1260,1512,1923,546,1938,763,344,364,65
279,301,1721,1183,109,1954,1703,299,1355,1260,1938,1923,582,546,763,429,344,364,1961,1272,93
280,1058,1054,1764,582,1512,1355,1705,1751,1283,1010,448,1149,128,414,712,43,2070,1806,738,299
281,727,1833,221,14,1396,93,749,852,881,1703,1923,712,1721,1775,1749,1143,1381,128,1281,1260
282,35,357,74,498,92,1637,8,1197,1993,31,1796,591,456,1447,958,289,861,1581,713,1156
283,591,561,1621,1640,1447,1699,1440,6,1322,1581,713,99,35,1350,2034,1869,1783,2059,1624,174
284,591,561,1699,1440,1621,1640,1447,6,1869,1322,958,1581,1783,2054,1350,174,870,513,171,99
285,740,1779,1009,1951,1387,117,444,958,861,1993,1197,2059,1156,1214,498,1933,1541,1995,1973,1559
286,168,763,95,1961,912,1649,539,128,1405,489,1098,1856,1650,126,1832,1721,1207,523,903,881
287,727,221,1833,14,93,1396,749,852,881,168,1703,1721,1577,1143,1740,1111,903,128,376,1614
288,74,498,35,8,1637,31,92,1796,1993,456,1197,357,1214,1156,958,823,591,289,1995,861
289,168,1961,1749,788,1143,1281,763,301,711,1539,1775,749,1856,1118,1649,881,1725,126,128,1042
290,35,31,74,1993,357,1197,2012,1637,456,8,942,1796,1624,92,1276,498,1684,1652,691,1221
291,1588,410,1783,1581,327,799,7,513,171,2034,1712,1100,99,1350,1937,227,1781,753,1585,581
292,1764,1054,448,582,1705,1355,414,1751,1512,1149,1010,1283,1806,1058,738,1703,364,904,1551,1065
293,823,861,1156,1214,444,1541,1933,1995,357,92,8,498,1637,1197,74,958,35,1581,1796,31
294,1684,1718,1624,2068,944,991,791,1064,871,172,35,528,1750,806,375,1592,1221,1219,1018,861
295,1869,174,1581,870,227,958,918,44,2059,1511,2037,1781,99,581,1870,1712,1567,475,571,1308
296,31,35,357,74,1637,1993,8,498,456,92,1197,1796,1214,591,1447,958,1156,861,823,1995
297,301,1721,1183,109,1703,299,1355,763,1260,1938,582,546,429,1923,364,1954,1961,344,93,489
298,301,1183,1721,168,109,1260,727,1108,128,299,1703,1938,1255,546,255,489,1873,1355,429,1793
299,357,498,35,74,1993,1637,31,8,456,1197,1796,92,1214,1156,958,823,591,1541,289,1995
300,1156,861,823,1214,1541,1995,444,1933,357,8,1197,958,591,1581,1637,498,35,2068,1993,92
301,944,991,791,1750,2068,871,1480,591,1447,1581,1684,2054,227,1718,1018,1438,1350,1064,1221,1995
302,1058,1764,582,1512,1054,1355,1705,1751,1283,1010,128,1149,448,414,1775,712,43,1281,2070,1118
303,727,221,1833,14,93,749,1396,852,1721,1703,881,990,1775,1143,236,77,1740,712,1183,942
304,727,221,1833,14,93,1396,749,852,1703,712,1923,128,881,1721,1775,77,1649,1751,168,1355
305,168,128,1650,1961,95,1721,1649,1672,1042,1727,1281,1763,727,2053,840,1867,432,523,519,1634
306,168,1749,1775,1650,1961,711,1281,1143,128,1539,519,1856,1118,1667,1721,1325,763,1832,1725,1727
307,740,1009,1387,1779,1951,117,1322,6,561,1621,1511,1440,1640,794,113,1284,1559,465,156,1447
308,727,221,1833,14,93,1396,749,852,1721,1703,881,1923,1183,1143,1740,403,1260,1577,376,77
309,1156,861,444,823,1214,1541,1995,1933,357,1637,958,92,591,1447,35,1581,8,498,525,99
310,958,74,498,1637,92,357,8,1197,1993,35,1796,31,456,289,44,2037,1581,1869,174,861
311,498,1637,74,35,1993,31,92,8,357,1796,1197,456,740,861,1779,1009,1951,1387,1214,117
312,861,1156,444,1933,1214,823,1541,1995,357,92,8,498,1197,1637,1581,74,958,35,1796,31
313,498,1637,74,35,1993,31,92,8,357,1796,1197,456,1214,1156,958,823,591,1541,1995,861
314,498,1637,74,35,1993,31,92,8,357,1796,1197,456,861,1214,1156,823,591,444,1541,1995
315,727,1833,221,14,93,1396,749,852,1721,881,1703,1844,594,1397,1143,1255,712,1183,1035,422
316,74,357,1637,498,35,92,8,456,1993,1796,1197,31,591,289,1447,958,1581,861,1056,44
317,727,1833,221,14,1396,93,749,852,1703,1721,881,1143,1923,712,1775,1749,1281,1118,1183,1381
318,301,1721,1183,168,109,1954,429,299,1260,727,1923,998,1355,93,1856,364,65,221,1703,1283
319,740,1951,1387,1779,1009,117,990,2012,1522,1932,1559,1284,465,1567,888,697,113,846,1046,1586
320,301,1721,1183,109,1923,1260,546,429,299,364,1577,344,1272,93,579,1703,763,489,168,1961
321,740,1951,1387,1779,1009,117,561,2059,113,1440,1621,465,1284,1586,6,298,1973,1447,591,804
322,727,221,1833,14,1396,93,749,852,43,712,1703,1721,1355,1183,128,1512,881,1751,77,582
323,74,498,35,8,1637,31,92,1796,1993,456,1197,357,1214,1156,958,823,591,289,1995,861
324,168,1098,788,1721,1763,1727,1832,1325,1961,1649,763,460,1938,602,210,1975,247,1650,120,840
325,727,1833,221,14,1396,93,749,852,881,1721,1703,712,1143,1183,1533,807,1863,1614,1923,43
326,357,35,1637,31,74,1796,498,92,456,8,1993,1197,591,1214,958,1447,1156,1581,861,823
327,168,95,852,1727,153,1667,788,247,1650,1832,437,1098,1961,1042,1938,903,840,120,602,539
328,1684,1718,1064,1018,806,35,375,74,357,1993,1197,1637,1133,31,677,1796,92,8,498,456
329,804,298,1221,35,444,2012,1541,1783,1066,1995,1447,1023,1581,524,1480,465,2059,791,1100,1586
330,498,35,74,1993,92,1637,8,357,31,1197,1796,456,591,861,444,1156,823,1214,958,1447
331,31,35,357,74,1637,1993,8,498,456,92,1197,1796,1214,958,591,1156,861,823,1995,1447
332,727,221,1833,14,93,749,1396,852,1721,1703,881,1577,1740,1143,77,1775,376,236,712,1183
333,301,1721,1183,109,429,763,1260,1923,65,299,364,93,590,579,1703,168,1449,489,546,749
334,1721,1183,301,168,109,1703,299,727,546,489,93,1923,65,364,429,221,763,377,1961,852
335,168,95,1721,1650,1961,1856,788,763,1649,1098,912,14,727,1667,1042,489,474,1763,301,126
336,727,1833,221,14,93,1396,749,852,1721,1703,881,712,1183,43,1533,128,1397,1775,1923,1143
337,1156,861,823,1214,1541,444,1995,1933,357,591,958,8,1197,1581,174,1869,1637,498,35,713
338,727,221,1833,14,93,1396,749,852,1721,1703,1923,1183,77,712,1355,1512,881,168,128,43
339,498,1637,74,35,1993,31,92,8,357,1796,1197,456,1214,823,1156,591,958,861,444,1995
340,168,95,852,274,364,1281,247,671,912,1727,1649,126,1042,1650,648,1775,519,474,711,437
341,861,1156,444,823,1214,1995,1541,1933,958,1637,357,591,498,92,35,1197,8,1581,870,1447
342,727,221,1833,14,93,1396,749,852,1721,1703,712,1143,1923,881,1183,109,1775,168,1863,77
343,301,1721,1183,168,109,749,364,727,1260,1923,1272,546,763,429,93,299,344,221,489,1961
344,727,221,1833,14,93,749,1396,852,1721,1703,1255,1844,881,1035,521,1800,679,77,582,1775
345,1637,74,35,92,1993,1197,1796,456,31,357,8,498,1156,823,1214,958,1995,861,444,1541
346,727,221,1833,14,1396,93,749,852,1721,1703,881,712,1143,1923,1775,1649,1281,1740,1749,1183
347,1637,35,1993,357,498,456,31,1197,74,92,8,1796,861,1214,823,1156,591,1447,958,444
348,301,1721,1183,109,1283,1512,1260,546,582,1355,299,1703,429,1961,1938,763,1557,1923,364,523
349,301,1721,1183,109,1703,299,429,1283,1260,1938,546,1355,1923,364,1058,65,1954,344,93,763
350,1058,1764,582,1355,1512,1054,1705,1751,1283,1010,128,43,1149,448,712,1775,414,109,1281,2070
351,861,1156,444,823,35,1214,357,74,498,1541,92,1933,1637,8,1197,1993,1995,31,1796,456
352,168,1721,788,1098,1727,1672,1961,1649,852,1667,1325,1042,763,1520,1832,1207,1539,247,1405,1775
353,727,1833,221,14,1396,93,749,852,881,1703,1923,712,1775,1721,1749,1143,43,1844,594,1381
354,301,1721,1183,109,1703,299,1260,1938,546,1355,429,1923,364,1954,344,93,579,763,489,168
355,1156,1214,35,357,1995,498,74,8,861,92,456,444,1197,31,823,1637,1796,1541,958,591
356,727,1833,221,14,93,1396,749,852,881,1923,1703,128,1844,712,1035,1751,1512,1721,1649,43
357,301,1721,1183,109,582,1260,1355,299,763,1923,364,1851,1954,579,1512,1703,65,93,590,1283
358,1058,1054,1512,1705,582,1355,1764,1283,1751,1010,414,448,1149,1806,128,1775,712,1143,43,1539
359,727,221,1833,14,93,1396,749,852,1703,1721,881,712,1923,236,1775,990,1183,1533,942,77
360,727,1833,221,14,93,749,1396,852,881,1703,1721,1143,1397,1923,1614,1260,1183,1255,2025,77
361,727,221,1833,14,93,1396,749,852,1703,1721,881,1923,1183,712,1355,1740,1143,43,109,77
362,301,1721,1183,109,1283,1512,1260,546,582,1355,299,1703,763,1961,1938,1923,364,1851,1954,1592
363,168,1721,788,1961,1649,763,38,1763,1832,1042,364,852,519,648,1650,1727,727,126,1867,749
364,823,861,1214,444,1156,1541,1995,1933,357,92,8,498,1637,1197,74,958,1581,35,1796,31
365,1637,74,35,92,1993,1197,1796,456,31,357,8,498,823,1214,1156,958,861,444,1541,1995
366,861,444,1156,1933,823,1214,1995,958,1541,1581,44,571,2037,1781,870,289,227,1588,156,1969
367,301,1721,1183,168,109,1923,1577,376,93,364,763,727,1260,749,546,1272,299,221,489,1961
368,168,95,788,1650,1856,1832,1098,247,1961,489,364,903,1727,852,1042,432,1325,1867,1649,126
369,35,357,74,498,92,1637,8,1197,1993,31,1796,456,591,958,289,861,1447,1581,174,1869
370,1764,1054,582,1705,1355,448,414,1751,1512,1149,1010,1283,1058,1806,738,364,1381,904,711,609
371,168,95,1042,788,1961,437,1098,1649,852,1727,364,460,1775,1721,1281,1650,247,711,2053,1634
372,1684,691,1624,8,456,44,791,237,1197,1718,74,1064,1018,1973,1133,991,1993,531,719,31
373,168,95,301,788,437,153,1961,1042,1098,1832,1650,1938,1775,1649,711,93,1281,38,539,763
374,498,74,35,1637,1993,92,8,357,31,1197,1796,456,861,1214,591,1447,823,1156,958,444
375,168,1721,903,852,1727,1832,1867,432,247,1883,1961,1207,912,120,2053,474,1821,1763,1649,1975
376,1009,740,1779,1951,1387,117,2059,1586,1973,1447,591,1699,1559,465,298,68,804,561,113,1933
377,861,823,1156,1214,444,1541,1933,1995,1637,357,958,498,92,35,1197,8,591,1684,74,1447
378,944,1750,2068,991,791,871,1480,1581,591,227,1447,1350,1684,2054,1221,2012,713,1201,963,74
379,1058,1054,1764,582,1355,1512,1705,1751,1283,1010,448,1149,128,43,414,712,2070,1806,299,109
380,301,1721,1183,109,299,1260,1923,1954,1355,364,1851,579,1703,93,1938,763,255,489,429,168
381,1133,677,1624,8,456,1197,74,1692,531,1718,1684,1993,31,35,357,719,434,1637,1221,861
382,498,1637,74,35,1993,31,92,8,357,1796,1197,456,1214,1156,958,823,591,1995,861,444
383,444,861,1156,1214,823,1541,1933,1995,357,958,92,1197,498,74,8,1637,35,1581,1993,31
384,31,35,357,74,1637,1993,8,498,456,92,1197,1796,1214,591,1447,958,1156,861,713,823
385,727,1833,221,14,1396,93,749,852,1721,1703,1183,1923,712,881,1143,43,1775,1863,1614,1397
386,168,95,1650,1975,852,247,364,1143,539,1883,1098,1281,1961,1763,437,1775,1042,1867,344,1749
387,168,1961,1775,1721,1672,523,1749,749,358,711,788,274,1405,1650,819,912,1649,1281,128,247
388,727,1833,221,14,93,749,1396,852,1721,1703,881,1143,1775,712,1183,1923,1260,807,941,1355
389,8,35,456,498,1197,74,1637,357,1993,31,1796,92,958,1156,823,444,1933,1214,861,1541
390,35,456,498,1796,92,31,1637,1197,74,357,8,1447,1993,227,958,1581,591,2037,2059,1097
391,727,221,1833,14,93,749,1396,852,1721,1703,403,582,881,77,1740,1143,1397,1775,1614,109
392,95,1010,582,1705,1751,1512,1923,1111,1283,1054,1764,1856,1449,403,93,1355,763,749,1381,1775
393,799,7,2034,171,1783,327,513,410,1588,753,1921,918,1042,1950,790,1948,1696,1712,120,697
394,1652,942,2012,1488,1276,1770,888,846,1684,378,1522,691,1624,8,456,791,236,1197,44,1718
395,1156,1214,35,357,1995,498,74,8,861,92,456,444,1197,31,823,1637,1796,1541,958,591
396,168,1961,1856,763,1649,1042,1725,1650,1727,1098,1281,1721,1832,1667,1325,1749,749,1873,95,539
397,1156,823,861,1541,444,1214,1995,1933,357,35,74,958,1447,31,591,498,1581,1993,8,1783
398,727,1833,221,14,93,749,1396,852,1721,1703,881,990,1775,1143,77,582,1614,403,109,712
399,942,2012,1276,1684,378,1652,691,1624,8,1488,1770,456,791,236,1197,1718,1522,74,1064,846
400,168,128,788,1927,1721,364,1961,1832,1649,903,247,763,1325,437,1975,1650,1727,852,840,1186
401,727,221,1833,14,93,1396,749,852,1923,1703,712,881,1512,1721,128,1143,43,1397,1355,109
402,727,221,1833,14,93,1396,749,852,1923,1703,1775,712,168,881,1721,1143,43,711,109,1649
403,727,1833,221,14,1396,93,749,852,1703,1721,1183,881,43,712,1143,1775,1614,1397,1355,1923
404,861,1156,1214,823,1933,444,1541,1995,958,357,35,498,74,1581,8,456,92,1197,591,1637
405,1009,740,1779,1951,1387,117,1559,1932,465,113,697,2068,1284,1046,1586,2059,1567,804,1023,995
406,1512,1705,1058,582,1054,1355,1764,1283,1751,1010,1149,448,128,414,712,43,1806,299,763,403
407,168,1749,1961,1539,1281,95,788,1727,852,1118,1143,711,1775,1856,1649,539,1098,1042,763,1721
408,727,1833,221,14,93,1396,852,749,1721,881,1035,1703,903,1844,77,1397,1143,109,712,1183
409,35,357,74,498,92,1637,8,1197,1993,31,861,1796,823,591,456,958,1214,444,289,1156
410,727,221,1833,14,1396,93,749,852,1703,1721,881,1183,128,403,1143,1751,582,337,77,1740
411,357,498,35,74,1993,1637,31,8,456,1197,1796,92,1214,1156,958,823,591,1541,289,1995
412,1156,861,444,1541,1214,823,1995,1933,357,92,8,498,1637,1197,74,1581,958,35,1796,31
413,727,1833,221,14,1396,93,749,852,1721,1703,1183,1923,881,1533,1143,807,128,1397,1281,77
414,727,1833,221,14,93,1396,749,852,881,1721,1255,1035,712,77,1703,1844,1183,43,109,168
415,861,1156,444,823,1214,1995,1541,1933,498,958,8,357,74,35,92,456,1637,1197,31,1581
416,727,221,1833,14,1396,93,749,852,1703,712,881,1512,1721,128,1143,43,403,1355,1775,109
417,74,357,35,1197,1993,1637,1796,92,498,1156,31,1581,861,1214,823,8,1684,456,1624,1995
418,168,819,1281,274,1721,523,912,474,1557,1672,1520,711,358,852,546,95,575,1405,788,903
419,31,35,357,74,1637,1993,8,498,456,92,1197,1796,591,1447,1214,958,1156,561,1581,861
420,168,95,1961,1672,788,1721,128,1649,1098,1650,1832,1042,1856,852,274,519,474,903,1763,489
421,861,444,1214,1933,1156,823,1541,1995,357,958,8,1637,498,35,1197,1581,92,1993,1588,410
422,727,221,1833,14,93,749,1396,852,1721,1703,881,1035,1844,168,1775,1143,738,109,712,1183
423,31,35,357,74,1637,1993,8,498,456,92,1197,1796,1214,591,1447,958,1156,861,823,1995
424,861,1156,1214,444,1933,1995,1541,823,1447,958,1637,357,591,498,92,35,1197,8,870,74
425,498,35,1637,357,8,456,74,31,92,1993,1197,823,1156,958,1796,1214,1541,1995,861,1933
426,168,95,788,1727,539,1856,364,1143,93,437,1098,1961,1938,1042,1721,1650,1111,881,247,749
427,498,8,2037,74,1993,35,92,357,958,44,31,456,1796,1197,1637,2013,174,1581,289,1869
428,1750,991,2068,1480,944,791,871,444,1156,1684,1995,861,1064,823,357,1541,591,1197,1718,1350
429,740,1779,1009,1951,1387,117,1559,2012,1932,465,561,113,1440,1621,1447,6,696,1699,697,2068
430,498,1637,74,35,1993,31,92,8,357,1796,1197,456,861,1156,1214,823,591,444,1933,1541
431,1721,1183,301,109,168,93,299,14,763,727,1923,221,1396,749,364,1703,403,429,489,1725
432,168,95,128,1650,1961,1856,763,1649,852,93,903,1721,523,126,1281,1763,1672,1667,648,1186
433,727,221,1833,14,93,1396,749,852,1721,1703,881,712,1923,1143,1183,168,109,1740,1775,77
434,791,1750,621,1844,1438,422,1800,528,172,944,1592,521,2068,1108,1480,729,174,991,679,1219
435,861,1156,823,1214,444,1541,1933,1995,357,8,498,92,74,1637,35,31,1993,1796,1197,456
436,168,1961,1749,788,1143,852,1281,1727,711,1539,763,749,1856,126,1649,881,1725,1775,1098,128
437,357,498,35,74,1993,1637,31,8,456,1197,1796,92,591,1447,1214,958,1156,1581,861,823
438,357,1214,92,444,1156,35,1995,1541,861,958,823,74,591,1581,1447,456,1933,498,1197,1637
439,1058,1764,582,1512,1054,1355,1705,1751,1283,1010,128,1149,448,414,712,43,2070,1806,738,299
440,823,861,1214,444,1156,1541,1995,1933,1581,958,1637,357,591,498,1447,92,35,1197,8,1588
441,727,221,1833,14,93,749,1396,852,1703,881,1721,1775,1740,403,1143,582,77,109,712,1397
442,74,498,35,31,1637,92,8,1993,456,1197,357,1796,1214,1156,958,823,591,289,1995,861
443,727,221,1833,14,93,749,1396,852,1703,1721,1355,712,881,1143,1775,990,1183,1533,109,77
444,357,498,35,74,1993,1637,31,8,456,1197,1796,92,958,1156,444,823,861,1214,1933,1995
445,740,1779,1009,1951,1387,117,591,1447,2059,1586,1973,1559,1699,465,298,68,804,561,113,1933
446,168,128,1721,852,788,1667,274,358,437,1672,247,1961,1405,1649,1727,1098,763,460,1763,912
447,1624,1995,444,991,823,1156,861,963,434,1214,1750,944,2068,1541,1581,719,1933,531,791,1692
448,727,1833,221,14,93,1396,749,852,1721,881,1703,1844,594,1143,1614,712,1397,1183,1035,1255
449,1214,1995,1156,444,823,861,1933,357,1581,8,1541,31,35,498,92,1637,74,1197,456,1796
450,301,1721,1183,168,109,299,1260,727,1355,429,93,489,1923,364,1954,1703,221,579,1938,763
451,727,1833,221,14,1396,93,749,852,881,1703,1143,1923,712,1721,1844,1775,594,1035,1260,1281
452,31,35,357,74,1637,1993,8,498,456,92,1197,1796,1214,591,1447,958,1156,861,713,823
453,1447,591,561,1621,1640,1699,1440,6,1322,958,1581,74,918,2059,35,357,227,31,1350,804
454,168,788,128,153,1721,1763,437,519,1938,364,1832,1961,38,1649,903,763,1098,1325,247,1975
455,727,221,1833,14,93,1396,749,852,1721,1703,712,1775,1143,1923,881,1533,1281,1183,109,1740
456,168,95,1961,763,1856,437,1727,1539,1725,788,711,613,1775,1186,749,1749,1649,1207,852,1098
457,861,1156,823,1214,444,1541,1995,1933,357,8,35,74,1796,498,1197,1637,92,456,31,958
458,74,357,1637,498,35,92,8,456,1993,1796,958,1197,31,289,2037,44,1581,861,591,823
459,301,1721,1183,109,1577,763,1260,1923,546,429,299,364,1740,1111,344,1961,1272,93,579,1703
460,861,444,1156,1214,1541,1995,823,1933,357,92,8,498,1637,1197,870,1581,74,1781,958,99
461,168,1749,95,711,1725,648,1775,1281,1381,128,1539,1856,1650,788,1721,1961,1672,1118,1143,519
462,727,221,1833,14,93,1396,749,852,1721,1703,1183,1923,712,881,43,1397,109,1775,168,299
463,498,958,35,8,74,1637,1796,357,456,1197,1993,31,92,591,1581,1869,289,227,2037,174
464,357,498,35,74,1993,1637,31,8,456,1197,591,1796,92,1156,444,823,861,1447,1214,1933
465,301,1721,1183,168,109,1260,759,1108,364,727,1649,1793,546,1961,763,93,1923,299,1275,579
466,1684,1624,8,456,1197,1718,74,1064,1018,1133,1993,531,31,35,806,691,357,958,719,963
467,823,861,1214,444,1156,1541,1995,1933,357,958,8,1637,498,35,1197,1581,92,1993,74,456
468,498,35,74,456,357,1637,1993,92,8,1197,31,1796,958,591,289,1156,1933,444,861,823
469,1058,1512,1705,582,1355,1764,1054,1751,1283,1010,128,448,712,43,2070,738,299,763,414,109
470,1869,31,1637,357,74,870,444,174,227,1581,35,1995,1214,92,823,1197,958,1796,2037,861
471,168,128,852,1961,95,903,1042,1325,1832,153,1649,1867,727,1762,1775,1098,840,839,711,1035
472,168,1721,523,1672,95,1961,1520,93,1649,788,274,1557,575,546,2053,474,1873,1281,1529,1667
473,727,221,1833,14,93,749,1396,852,1721,1703,881,1035,77,582,1844,1143,1775,168,109,712
474,1637,498,74,35,1796,357,8,92,31,1993,1197,456,861,958,591,1214,1156,444,823,1447
475,301,1183,1721,168,109,1283,582,1355,1703,364,299,727,429,1260,1512,546,1938,763,128,93
476,799,7,2034,171,1783,327,513,410,1588,753,1921,918,790,1948,1696,1712,120,697,1789,1913
477,1512,1058,1054,1705,1764,582,1751,1355,1283,1010,448,1149,128,414,712,43,2070,1806,738,299
478,301,1721,1183,109,1260,763,1923,299,364,1851,579,65,590,93,1703,489,429,255,168,546
479,168,1042,1961,1098,1649,437,128,1775,95,1721,539,1650,711,1856,364,1821,881,788,1281,1923
480,498,1637,74,35,1993,31,92,8,357,1796,1197,456,861,1214,591,1447,823,1156,958,444
481,740,1009,117,1387,1951,1779,200,697,1789,210,591,817,1873,1821,1391,1619,896,977,1665,1863
482,727,221,1833,14,93,1396,749,852,1721,712,1703,881,1183,43,1533,109,1614,77,1397,990
483,727,1833,221,14,93,1396,749,852,1703,43,712,881,1143,1721,1775,1503,1355,1281,109,582
484,727,221,1833,14,93,749,1396,852,1721,1703,881,403,1143,1397,1740,1183,1923,1614,168,1725
485,1637,35,1993,357,498,456,31,1197,74,92,8,1796,861,1214,823,1156,591,1447,958,113
486,35,1214,357,1993,92,31,8,861,823,456,498,1637,1796,74,1197,444,1156,561,1541,1869
487,31,35,357,74,1637,1993,8,498,456,92,1197,1796,591,1447,1214,958,1156,1581,861,713
488,327,7,2034,171,799,513,1783,410,1588,753,918,1042,1921,1950,1696,790,377,1712,1506,1101
489,301,1721,1183,109,168,299,1260,1954,1923,727,998,1355,221,489,93,364,1703,65,377,43
490,168,1721,95,763,711,1961,1281,1923,1649,788,128,1672,1650,1856,523,903,1832,881,1667,489
491,740,1951,1387,1779,1009,117,1559,1284,465,113,1586,2059,804,2012,475,1932,1973,68,1342,1913
492,740,1009,117,1387,1214,1951,444,1541,1933,823,1779,1156,1995,697,1789,1684,1133,210,414,861
493,727,221,1833,14,93,1396,749,852,1703,1721,1183,881,1923,1397,1614,403,903,77,582,1255
494,727,1833,221,14,93,749,1396,852,1721,1703,881,1577,1143,1740,1183,1923,376,807,1260,1533
495,1581,35,31,357,1995,2012,1637,74,227,1993,444,92,8,1197,1541,1156,1214,498,942,1796
496,861,1156,1214,823,1933,444,1541,1995,357,8,1581,1637,498,958,1197,35,92,74,1993,591
497,301,1721,1183,109,299,1954,1260,1355,582,1923,763,429,364,1557,523,579,1703,93,1938,1851
498,861,1156,1214,823,444,1541,1933,1995,357,35,498,1197,1637,8,31,92,1993,74,958,1796
499,301,1721,1183,109,299,168,1260,1954,429,1923,727,1355,221,489,93,364,1557,65,523,1703
500,861,1214,1156,444,1933,1995,1541,823,357,74,498,35,958,1637,8,1993,92,1796,1197,31
501,727,221,1833,14,1396,93,749,852,1703,712,881,1512,1721,128,43,403,1355,1775,109,582
502,727,221,1833,14,93,1396,749,852,1703,1721,881,1143,712,1923,1577,1740,376,1118,1111,1775
503,168,1961,788,95,1649,1721,763,1856,128,1725,1832,1186,1667,1763,1042,1098,1405,1325,749,1938
504,35,74,357,1993,1197,2012,1637,31,942,1796,1624,92,1276,8,498,1684,378,456,1652,691
505,727,221,1833,14,93,749,1396,852,1721,1703,881,1035,1844,236,168,1775,521,990,109,712
506,727,221,1833,14,93,1396,749,852,1721,1703,1183,1923,712,1143,1740,881,43,1111,109,1775
507,301,1721,1183,109,299,1260,1703,579,1954,546,1923,1938,1355,364,1851,1577,671,224,1272,122
508,35,1214,357,1993,92,31,8,861,823,456,498,1637,1796,74,1197,444,1156,561,1995,591
509,168,95,852,1763,903,788,1650,1721,153,1727,437,1098,1975,1961,1042,460,840,1832,539,247
510,1624,2012,1770,991,1652,2068,1750,236,378,444,942,963,861,434,1488,990,1221,1995,1276,1581
511,357,498,35,74,1993,1637,31,8,456,1197,1796,92,591,1447,561,1440,1699,1621,1214,958
512,591,1447,2059,1559,861,1586,174,1023,1869,713,958,1699,68,696,465,1144,918,1066,298,1932
513,168,95,1281,1749,711,1649,247,1098,1727,1143,1961,852,1650,903,1721,1775,763,1539,1763,840
514,168,95,788,1961,1727,301,126,437,1098,711,539,1649,1281,1650,881,1749,613,763,852,1938
515,301,1721,1183,1355,582,1283,1260,1764,109,1512,1054,1058,546,299,1703,1010,1705,1938,255,1873
516,727,221,1833,14,93,1396,749,852,881,1923,1703,128,712,1512,1721,1143,43,1751,1355,109
517,727,221,1833,14,93,1396,749,852,881,1923,1703,1721,903,403,1397,1614,582,77,1183,1255
518,1156,861,823,1214,1541,1995,444,1933,357,1637,35,31,958,74,1993,92,8,1197,591,1581
519,301,1721,1183,109,299,1954,1260,1923,1355,429,364,1557,523,579,1703,93,1938,1851,763,255
520,31,35,357,74,1637,1993,8,498,456,92,1197,1796,1214,958,591,1156,861,823,1995,1447
521,301,1721,1183,168,109,429,1260,727,1923,65,93,299,364,1856,221,998,579,1703,763,749
522,727,221,1833,14,93,1396,749,852,1721,1703,881,712,1923,1035,1844,236,1533,1649,1183,1775
523,168,1281,95,1749,788,711,1961,1042,852,1143,1775,1727,1539,1938,1649,1721,1650,93,437,539
524,301,1721,1183,168,109,364,763,1260,727,93,1923,299,489,65,590,998,221,579,1703,429
525,168,95,1856,1725,1961,1721,881,788,763,1281,301,749,1649,1727,840,247,1749,1650,1186,1923
526,727,221,1833,14,93,1396,749,852,1923,1703,43,712,881,1721,1355,1775,109,582,77,546
527,861,1156,1214,823,444,1933,1541,1995,1637,357,958,498,92,35,1197,8,591,1447,74,31
528,35,31,74,1993,357,1197,1637,456,8,1796,92,498,1684,1624,227,1718,1064,1995,1018,1133
529,227,1221,444,35,2012,1541,1995,1350,1581,1480,791,31,1993,730,1156,378,1559,1194,1637,74
530,1512,1705,1058,582,1054,1355,1764,1283,1751,1010,1149,448,128,414,712,43,1806,648,299,1336
531,727,221,1833,14,93,1396,852,749,881,1721,712,1035,1703,1740,1844,1183,43,77,109,376
532,823,861,1214,444,1156,1541,1995,1933,958,1581,591,1869,357,1447,99,1637,92,174,1781,870
533,168,1721,128,1650,1961,95,1649,1763,1672,523,1281,749,912,727,1775,1042,1098,301,763,711
534,301,1721,1183,168,109,1703,1954,299,727,1260,1923,546,1938,1355,429,128,93,344,364,221
535,727,1833,221,14,1396,93,749,852,1703,128,712,881,1751,1512,1721,43,990,403,1355,1775
536,727,1833,221,14,1396,93,749,852,1721,1703,881,1923,712,1143,1183,1775,128,1355,2006,1614
537,301,1183,1721,168,109,1703,299,1283,727,1260,546,1938,1355,128,93,1923,998,364,1954,65
538,727,221,1833,14,93,1396,749,852,1703,1721,43,712,1183,881,1143,1775,1533,109,1281,990
539,727,221,1833,14,93,749,1396,1721,852,1703,1183,1923,1355,712,128,1512,77,881,582,1143
540,357,498,35,74,1993,1637,31,8,456,1197,1796,92,591,1156,444,823,861,1214,958,1933
541,357,498,35,74,1993,1637,31,8,456,1197,1796,92,1214,1156,958,823,591,1541,1995,861
542,301,1721,1183,109,299,1260,1703,255,1938,1954,1923,546,1873,1355,364,579,224,1272,1289,93
543,740,1009,117,1387,1951,1779,1948,697,960,1696,197,1789,539,591,977,1346,1853,1665,1619,1821
544,1156,861,823,1214,444,1541,1995,1933,357,1581,8,958,498,35,92,74,31,1637,1993,1197
545,357,498,35,74,1993,1637,31,8,456,1197,1796,92,958,861,823,1214,289,444,2037,1156
546,498,1637,74,35,1993,31,92,8,357,1796,1197,456,861,1214,591,1447,823,1156,958,444
547,861,1156,1214,823,1933,444,1541,1995,92,357,8,958,35,74,591,1637,1197,456,1796,498
548,1721,1183,301,109,168,93,1923,763,727,221,14,299,749,489,364,1856,65,43,1703,429
549,31,35,357,74,1637,1993,8,498,456,92,1197,1796,591,1447,1214,958,1156,1581,861,713
550,727,221,1833,14,93,1396,749,852,1703,1721,1923,881,128,168,1863,1183,1533,1751,1614,77
551,444,357,1214,92,1156,1541,35,1995,861,958,823,74,591,1447,1581,456,1933,498,1197,1637
552,727,221,1833,14,93,749,1396,852,1721,1703,881,77,763,1143,1775,168,712,1183,1923,1725
553,740,1779,1009,1951,1387,117,591,1447,2059,1586,1973,1559,1699,465,298,68,804,561,113,1933
554,727,1833,221,14,93,1396,749,852,881,1923,1703,594,1035,738,1844,1721,128,403,1143,521
555,1637,35,1993,357,498,456,31,1197,74,92,8,861,1156,1796,823,1214,444,1541,1995,1933
556,727,1833,221,14,1396,93,749,852,1721,1703,1923,881,1183,1533,1143,1863,807,1614,1921,1281
557,1058,582,1512,1054,1355,1705,1764,1751,1283,1010,1149,448,128,43,1775,414,712,109,1118,299
558,327,7,2034,171,799,513,1783,410,1588,918,753,268,1921,1696,790,1913,1712,1506,1101,697
559,799,7,2034,171,1783,327,513,410,1588,918,753,1921,790,1696,1712,697,1017,1948,1913,801
560,823,861,1214,444,1156,1541,1995,1933,357,8,92,35,74,1637,1197,498,31,456,1796,1993
561,861,1156,1214,823,1933,444,1541,1995,591,958,1447,357,1637,92,1581,525,35,8,498,1781
562,727,221,1833,14,93,1396,749,852,881,1703,376,1740,712,1577,1111,1923,1721,1143,77,1775
563,727,1833,221,14,1396,93,749,852,1703,1721,881,1923,712,1143,1775,1183,1614,807,1260,43
564,958,1581,591,1447,357,92,1214,1637,1796,35,861,8,174,74,498,1937,31,823,1869,2054
565,727,221,1833,14,1396,93,749,852,1703,1721,1355,1183,712,582,403,128,1764,1512,1054,881
566,301,1721,1183,109,168,364,1260,1289,727,1649,1923,749,546,221,1961,763,1272,1793,93,299
567,444,35,1156,1995,1541,1214,357,2012,861,74,1581,1439,1637,31,823,1933,1197,498,1973,1221
568,168,95,788,1749,1961,1042,1281,1143,711,1923,1775,1856,763,1098,1118,749,128,539,1634,1649
569,444,1214,1541,1156,823,861,1995,1933,74,92,357,1637,498,8,35,31,1197,1796,591,1993
570,727,1833,221,14,93,749,1396,852,1721,1703,881,1143,1183,1397,1923,1614,1260,807,1255,2025
571,861,1156,1214,823,1933,444,1541,1995,357,8,1197,92,1581,31,35,498,1637,74,456,1796
572,1009,740,1779,1951,1387,117,2059,1973,1559,465,804,1933,1214,498,113,958,298,1284,698,861
573,727,1833,221,14,1396,93,749,852,1703,1721,881,1923,712,1143,1775,1183,1614,1260,43,807
574,357,498,35,74,1993,1637,31,8,456,1197,1796,92,861,1214,591,1447,823,1156,958,444
575,1156,861,1541,444,1214,823,1995,1933,357,35,74,958,1447,31,591,1581,1993,8,1783,1637
576,31,35,357,74,1637,1993,8,498,456,92,1197,1796,1214,958,591,1156,861,823,1995,1447
577,727,1833,221,14,1396,93,749,852,1703,1721,881,1183,1143,1923,712,43,1844,1118,1775,128
578,327,7,2034,171,799,513,1783,410,1588,753,918,1921,1696,790,1712,1506,1101,1913,697,1948
579,727,221,1833,14,93,1396,749,852,881,1721,1703,1844,1035,1183,1255,1533,1397,679,168,594
580,1447,591,2059,1559,1284,1932,465,68,1567,113,696,475,1046,1066,804,995,1440,1699,1023,1586
581,727,221,1833,14,93,1396,749,852,1721,712,1703,881,1183,77,109,1740,1143,1863,1923,376
582,791,1750,1438,944,2068,1480,174,172,991,871,1551,621,1684,1844,1592,759,918,1219,1221,378
583,168,1856,1961,1649,95,1721,1725,788,763,840,128,93,1832,1667,1042,126,1281,1186,38,437
584,301,1721,1183,168,109,1703,1954,299,1283,727,429,1260,1923,546,998,1938,1355,128,93,344
585,727,221,1833,14,1396,93,749,852,881,1703,712,1143,1923,1721,1775,1281,128,168,1740,1749
586,168,788,1856,95,852,711,126,1281,1775,1961,1749,1351,1649,1865,839,727,128,602,437,93
587,168,95,128,788,1961,1856,1042,126,763,1649,1281,1098,247,1650,1775,301,711,1346,437,613
588,1512,1705,1058,582,1054,1355,1764,1283,1751,1010,1149,448,128,414,712,43,1806,299,648,403
589,727,221,1833,14,93,749,1396,852,881,1703,1721,1775,990,1143,77,168,712,942,1923,1649
590,861,1156,823,1214,444,1541,1933,1995,357,35,498,1197,1637,8,31,92,1993,74,958,1796
591,727,1833,221,14,1396,93,749,852,1703,1923,712,881,1721,1143,43,1397,1775,128,1614,1355
592,591,357,1214,92,444,1156,958,1447,35,1995,1541,861,823,74,1581,456,174,1933,498,1197
593,498,1637,74,35,1993,31,92,8,357,1796,1197,456,1214,1156,958,823,591,1541,1995,861
594,357,498,35,74,1993,1637,31,8,456,1197,1796,92,1214,1156,958,823,591,1541,1995,861
595,444,357,1214,92,1156,1541,35,1995,861,958,823,74,591,1447,1581,456,1933,498,1197,1637
596,31,35,357,74,1637,1993,8,498,456,92,1197,1796,1214,591,1447,958,1156,861,823,1995
597,727,1833,221,14,1396,93,749,852,1703,1721,1183,881,1533,1143,1614,1397,1923,1921,1281,1665
598,444,861,1156,1541,823,1995,1214,1933,1581,958,1637,357,591,498,1447,92,35,1197,8,870
599,1156,1214,35,357,1995,498,74,8,861,92,456,444,1197,31,823,1637,1796,1541,958,591
600,168,1775,1961,95,1281,1749,788,711,1042,1143,1721,128,1325,1649,840,852,1118,903,1832,1098
601,727,221,1833,14,93,1396,749,852,881,1721,712,1703,1183,43,77,1143,109,1111,1577,1397
602,727,221,1833,14,93,749,1396,852,1721,1703,881,1740,1143,77,1775,376,236,712,1183,903
603,357,498,35,958,74,1993,1637,31,8,456,1197,1796,92,861,823,289,1214,444,1156,713
604,944,1750,991,2068,791,871,1480,591,227,1447,1684,1581,1221,2012,1064,963,1770,531,1718,1624
605,301,1721,1183,109,1954,1923,1703,299,1260,1938,546,1355,429,364,1577,1272,93,763,489,168
606,168,1961,1649,1763,128,1650,1856,126,1721,881,763,1281,95,523,1634,788,460,437,93,1397
607,1581,1869,958,861,823,444,44,581,1447,2037,1214,1156,591,99,1995,1783,1541,2013,498,2034
608,498,1637,74,35,1993,31,92,8,357,1796,1197,456,1214,1156,958,823,591,1995,861,444
609,95,1010,582,1705,1512,1856,1923,1751,1283,1054,1764,93,1355,763,1449,749,1381,1775,1961,881
610,35,1156,958,1447,92,1214,591,357,31,1995,498,74,8,861,456,444,1197,823,1637,1796
611,168,128,1281,763,1961,1143,1775,1749,1649,711,1118,1207,1856,364,1381,881,1721,437,1975,1667
612,727,1833,221,14,1396,93,749,852,881,1721,1703,1183,1844,594,1533,1143,1255,1397,1035,1923
613,727,221,1833,14,93,749,1396,852,881,1703,1035,1844,1721,1775,990,1143,582,77,903,109
614,1009,740,1779,1951,1387,117,2059,1973,1559,465,804,1933,1214,498,113,958,298,1284,698,861
615,823,861,444,1156,1541,1214,1995,1933,958,498,357,92,8,74,1637,1197,1796,35,870,1993
616,168,1961,1649,763,1775,1749,437,95,128,1727,711,1539,1856,1832,1867,881,1325,1721,912,1207
617,740,1951,1387,1779,1009,117,591,1447,561,2059,113,1440,1621,465,1284,1586,6,298,1973,804
618,168,1961,788,128,1856,95,539,437,153,763,1042,1649,840,1667,1098,1832,1775,1325,711,1938
619,727,221,1833,14,93,1396,749,852,881,1923,1703,43,712,1740,1721,1143,1397,738,376,109
620,168,1143,1721,1749,128,1961,95,711,1281,1649,1775,881,749,153,1118,1763,1650,1325,763,1272
621,444,1156,861,1933,823,1214,1541,1995,357,1637,958,74,35,31,1993,92,8,1197,591,498
622,498,74,35,456,1993,357,31,1197,1637,92,8,1796,861,1214,591,1447,823,1156,958,444
623,727,1833,221,14,93,1396,749,852,881,168,1703,1035,1844,1721,1577,1255,594,1143,1740,1111
624,861,1156,1214,823,1933,444,1541,1995,357,35,1197,1637,8,31,498,92,1993,74,958,1796
625,727,1833,221,14,93,1396,749,852,881,1721,1703,712,77,1143,1183,168,1856,128,1923,43
626,498,8,1637,1796,74,1197,456,35,357,31,1993,861,92,591,1447,823,958,1156,444,713
627,74,498,1637,92,357,8,1993,35,958,1197,1796,31,456,861,44,2037,1581,289,823,444
628,1684,691,1624,8,456,44,791,1197,1718,74,1064,237,1018,1133,2037,991,1993,531,719,31
629,74,498,35,8,1637,31,92,1796,1993,456,1197,357,1214,1156,958,823,591,1541,289,1995
630,727,1833,221,14,93,1396,749,852,1703,1721,881,1183,1923,1844,1533,1143,1397,128,1863,1035
631,727,221,1833,14,93,1396,749,852,881,1923,1703,1844,594,1035,1721,1143,1898,521,990,1111
632,1684,8,456,44,1197,1718,74,1064,791,1018,1973,991,1993,31,35,2068,806,871,357,958
633,95,1010,582,1751,1054,1705,1512,1923,93,1283,711,1764,1856,1649,403,168,1355,1961,763,1449
634,168,711,1961,95,788,1721,1749,126,1143,602,1539,1775,1281,153,1098,1650,1649,881,437,93
635,168,1042,95,1649,1721,788,1961,1650,301,840,903,763,1763,648,1775,519,1098,711,437,2053
636,727,1833,221,14,93,1396,749,852,881,1923,1703,1844,594,1035,1721,1143,1898,521,403,1260
637,727,221,1833,14,93,1396,749,852,881,1721,1035,712,1703,1844,1183,77,109,1740,1143,594
638,958,174,227,1581,1973,1439,99,1869,456,1404,870,581,730,18,44,2013,35,1770,1100,1509
639,301,1721,1183,109,1355,582,299,763,1260,1764,1923,364,1954,1512,1703,65,1241,590,93,579
640,727,1833,221,14,1396,93,749,852,1703,1721,881,128,990,1143,1183,1533,1751,236,1665,1614
641,740,1009,1387,1779,1951,117,2059,1973,804,1559,1284,465,1933,1214,498,113,958,298,698,861
642,301,1721,1183,168,109,1954,364,299,1355,1260,1923,727,582,763,429,489,93,749,221,1703
643,31,74,357,35,2012,1637,1197,942,1796,92,1993,498,1684,456,1624,1652,1221,1488,791,1276
644,1684,806,1718,1064,1018,375,1133,677,942,2012,1276,871,691,378,944,531,1652,1624,8,1488
645,1009,740,1779,1951,1387,117,444,958,861,1993,1197,2059,1156,1214,498,1933,1541,1995,1973,1559
646,168,1775,1281,95,128,1749,1143,711,1961,1118,1721,437,1098,247,1832,1650,840,539,1649,1539
647,498,8,591,1637,1796,74,1197,456,1447,35,958,357,31,1993,444,861,823,92,1541,1156
648,301,1183,1721,168,109,1703,299,1283,727,429,1260,546,65,1938,1355,128,93,1923,998,364
649,740,1951,1387,1779,1009,117,444,958,861,1993,1197,2059,1156,1214,498,1933,1973,1541,1995,804
650,95,1010,582,1705,1751,1512,1923,1111,1283,1054,1764,1856,1449,403,93,1355,763,749,1381,1775
651,561,1447,1440,591,1699,1621,1640,6,1869,1322,1937,958,2054,1350,174,1581,2034,1783,2059,227
652,861,1214,1156,444,823,357,1581,1541,92,31,8,1197,1995,35,1637,74,498,1783,456,1796
653,727,1833,221,14,93,1396,749,852,881,1721,1703,712,1183,43,1397,128,952,1923,1775,1255
654,168,95,1856,763,1961,1727,1923,711,788,539,840,1649,1281,1667,1775,1098,247,1832,1650,1042
655,1058,1764,582,1512,1054,1355,1705,1751,1283,1010,128,1149,448,414,712,43,2070,1806,738,299
656,31,35,357,74,1637,1993,8,498,456,92,1197,1796,591,1447,1214,958,1156,1581,861,823
657,727,221,1833,14,93,1396,749,852,1703,1721,1923,881,128,1863,1143,1740,1183,1856,1111,1751
658,74,498,35,8,1637,31,92,1796,1993,456,1197,357,1214,823,1156,591,958,1541,861,444
659,727,1833,221,14,1396,93,749,852,1703,1721,1183,1355,712,881,1143,1775,43,1533,77,582
660,74,31,35,498,1637,1993,1796,92,456,8,357,1197,713,958,289,227,2034,2013,1509,888
661,498,1637,74,35,1993,31,92,8,357,1796,1197,456,591,1447,1156,444,861,823,1214,1933
662,1684,1064,1718,1018,806,375,1133,677,1624,8,456,1197,74,1692,531,1993,31,35,691,434
663,74,498,1637,92,357,8,1993,35,958,1197,1796,31,456,861,289,823,2037,444,591,44
664,168,1961,126,1650,1832,1098,1727,1721,711,460,95,1649,1281,539,1867,301,881,1749,788,432
665,727,1833,221,14,1396,93,749,852,1703,1721,881,1183,1923,1844,1397,1533,1143,1863,1035,1614
666,823,861,1156,1214,444,1541,1995,1933,357,958,1637,74,92,1796,8,498,35,31,1993,1197
667,823,861,1214,444,1156,1541,1995,1933,357,92,8,74,498,35,1197,958,1637,31,1796,1993
668,31,35,357,74,1637,1993,8,498,456,92,1197,1796,591,1447,1214,958,1156,1581,861,561
669,498,74,35,1637,1993,31,1197,456,92,8,1796,357,861,1214,591,1447,823,1156,958,444
670,727,221,1833,14,93,1396,749,852,881,1721,1703,1035,1844,1183,168,1533,1143,1740,1397,594
671,727,1833,221,14,1396,93,749,852,881,1703,1923,712,1721,1775,128,1749,1614,1533,43,1355
672,727,1833,221,14,93,1396,749,852,1721,168,881,1703,1035,1844,1255,594,1183,679,1397,1800
673,1009,740,1779,1951,1387,117,1559,465,561,113,1440,1621,1447,6,1699,1284,696,1322,1586,1640
674,168,128,1143,1042,1749,1961,95,711,1281,1721,1325,1775,1649,1867,1832,1111,1118,727,1098,1427
675,861,1156,1214,444,1933,1995,1541,823,357,35,498,1197,1637,8,31,92,1993,74,958,1796
676,168,95,1961,788,1721,1042,1539,912,749,1975,1832,852,727,1650,403,648,474,1775,1557,1649
677,727,1833,221,14,1396,93,749,852,1703,1721,881,1183,1923,1844,594,1143,1863,1397,128,1035
678,168,1961,95,1650,1721,1281,852,1649,903,247,749,1775,1098,1042,840,763,711,93,1883,460
679,168,95,788,1856,1098,1650,1721,153,364,539,1975,1961,489,881,903,602,120,1763,247,1281
680,727,1833,221,14,93,749,1396,852,1721,1703,881,1775,1143,712,1183,1381,1923,1118,941,1533
681,1684,1624,8,456,1197,1718,74,1064,1018,1133,1993,531,31,35,806,691,357,958,719,963
682,74,498,35,8,1637,31,92,1796,1993,456,1197,357,1214,1156,958,823,591,289,1995,861
683,357,498,35,74,1993,1637,31,8,456,1197,1796,92,1214,1156,958,823,591,1995,861,444
684,727,1833,221,14,93,1396,749,852,881,1721,1703,1844,1035,1183,594,1143,759,1397,1856,1111
685,1764,1054,448,582,1705,1355,414,1751,1512,1149,1010,1283,1806,1058,738,364,904,648,1650,1775
686,727,221,1833,14,93,1396,852,749,881,1703,1035,712,1740,1844,43,1721,376,109,1143,77
687,727,1833,221,14,93,1396,749,852,881,1721,1703,1183,1844,594,1397,1533,1143,1255,128,1035
688,727,1833,221,14,93,1396,749,852,1703,712,881,1721,43,109,1143,77,1614,128,1397,990
689,35,74,498,357,1637,92,8,1993,1197,456,31,1796,958,289,1156,1933,444,861,823,1214
690,861,1156,1214,823,444,1541,1933,1995,1581,1637,357,498,958,92,591,35,1197,8,1781,870
691,727,221,1833,14,93,1396,749,852,1721,1703,1183,1923,712,881,1533,43,1775,109,546,1614
692,861,1156,823,444,1214,1541,1933,1995,958,498,1581,92,357,74,8,1796,1637,1588,870,44
693,727,221,1833,14,93,1396,749,852,881,1035,1721,712,1703,1533,1844,1183,77,109,1143,594
694,727,1833,221,14,93,1396,749,852,881,1703,712,1721,1143,77,903,128,168,990,1923,1533
695,727,221,1833,14,93,1396,749,852,1721,1703,712,881,77,1143,1183,128,1856,1614,2006,43
696,1684,1064,1718,1018,806,375,1133,677,1624,8,456,1197,74,1692,531,1993,31,35,691,434
697,727,221,1833,14,93,1396,749,852,881,1721,1703,1183,1397,903,128,1856,337,1614,168,1923
698,168,95,788,1856,1650,1961,1672,1721,128,474,1725,763,38,126,613,575,519,1763,912,1649
699,727,1833,221,14,1396,93,749,852,1721,1703,1923,712,881,1183,1775,128,1863,1355,2006,1614
700,1652,942,2012,1488,1276,1770,888,846,1684,1522,691,1624,8,456,44,378,791,236,1197,1718
701,31,35,357,74,1637,1993,8,498,456,92,1197,1796,1214,958,591,1156,861,823,1995,1447
702,168,95,1042,788,1650,1856,1721,1098,1111,1961,539,648,881,840,1832,1975,1971,489,749,247
703,942,2012,1276,1684,378,1652,691,1624,8,1488,1770,456,791,236,1197,1718,1522,74,1064,846
704,168,1961,128,95,1721,1649,1856,788,763,126,1667,727,1098,1405,1042,1186,749,852,460,1725
705,727,1833,221,14,93,1396,749,852,1721,881,1703,1143,1183,1921,807,1614,1923,1533,77,903
706,740,1009,1387,1779,1951,117,1559,2059,1046,1023,1932,1973,804,524,1066,1284,465,1567,1933,697
707,1637,498,74,35,1796,357,8,92,31,1993,1197,456,591,958,1447,1214,1869,1156,1581,861
708,74,498,35,31,1637,92,8,1993,456,1197,357,1796,1214,1156,958,823,591,1541,289,1995
709,168,1961,711,1649,1749,95,788,903,1042,1650,1721,763,1143,1281,852,1856,138,1098,1775,437
710,168,95,1721,763,1961,1649,788,128,1923,126,840,1856,1042,881,1667,1281,1832,1975,1650,301
711,498,35,1637,357,8,456,74,31,92,1993,1197,823,1156,958,1796,1214,1541,1995,861,289
712,498,1637,740,1993,1951,1387,31,1779,1009,1197,1796,74,35,92,8,456,117,958,357,113
713,727,221,1833,14,1396,93,749,852,1703,1721,1183,712,881,43,109,1775,1614,77,236,990
714,727,1833,221,14,1396,93,749,852,881,1703,1143,1923,712,1721,1844,1775,594,1035,1281,1260
715,168,95,128,1961,763,1721,1649,788,1856,1763,437,1098,840,1867,903,1405,519,711,1351,1281
716,1684,691,1624,8,456,44,791,237,1197,1718,74,1064,1018,1133,991,1993,531,719,31,2012
717,727,1833,221,14,1396,93,749,852,1721,1703,1183,1923,43,712,881,1533,1775,128,1397,1749
718,740,1009,117,1387,1951,1779,200,1948,697,1789,1268,197,960,1696,539,591,977,1346,1853,1984
719,444,823,1214,1156,861,1995,1541,1933,1581,958,1637,357,591,498,92,35,1197,8,74,1447
720,74,357,1637,498,35,92,8,456,1993,1796,1197,31,289,591,958,1581,1447,861,2037,44
721,727,1833,221,14,1396,93,749,852,881,1721,1703,712,1183,43,1397,1614,546,1923,1775,1255
722,301,1183,1721,168,109,763,1703,364,299,1355,727,1260,582,546,1938,93,429,128,1923,1954
723,727,1833,221,14,93,1396,749,852,1721,1703,881,1397,712,1183,1614,1923,1775,1533,2006,474
724,727,221,1833,14,93,1396,749,852,1721,1703,881,1923,990,128,1143,236,1276,1183,942,1533
725,168,1281,1042,95,1749,1143,1727,788,711,1961,1649,1775,763,1098,1539,1721,301,1650,247,1118
726,168,1650,1042,1961,519,1832,128,1721,749,1325,1405,93,1775,1649,1098,95,1763,711,763,2006
727,31,35,74,357,1993,1197,456,1637,1796,8,92,498,861,1156,823,1684,1624,1214,1995,227
728,740,1009,117,1387,1951,1664,1779,697,1789,210,817,591,1619,977,1665,1252,249,145,1806,1440
729,357,498,35,74,1993,1637,31,8,456,1197,1796,92,1214,823,1156,591,958,1541,861,444
730,498,74,35,1637,92,8,1993,456,1197,31,357,1796,1214,1156,958,823,591,289,1995,861
731,8,35,456,498,1197,74,1637,357,1993,31,1796,92,958,1156,823,444,1933,1214,861,1541
732,1637,498,74,35,1796,357,8,92,31,1993,1197,456,591,1214,958,1447,1869,1156,1581,861
733,942,2012,1276,378,1684,1652,691,1624,8,1488,1770,456,236,791,237,1197,1718,1522,74,1064
734,727,221,1833,14,93,749,1396,852,1721,1703,1183,1923,1143,712,1355,881,43,109,77,1775
735,357,498,35,74,1993,1637,31,8,456,1197,1796,92,1214,1156,958,823,591,1541,1995,861
736,301,1721,1183,109,299,1260,1954,1923,1355,364,1851,579,1703,65,93,43,1283,1938,763,429
737,791,1750,1438,621,1844,944,2068,1108,172,1480,174,991,871,528,1592,1800,1684,1219,905,759
738,1637,74,35,92,1993,1197,1796,456,31,357,8,498,823,1214,1156,958,861,444,1995,1541
739,168,274,546,1405,1867,852,1727,1520,301,358,432,1650,711,247,519,1873,523,819,1672,1281
740,168,95,1961,1856,93,763,1539,881,852,1649,1207,1186,1775,1721,1650,711,539,247,437,1281
741,861,1156,1214,823,1933,444,1541,1995,1581,958,1637,357,1447,591,498,92,35,1197,8,74
742,301,1721,1183,109,1260,546,299,1703,1283,429,65,1938,1355,1557,1923,364,523,1954,274,579
743,31,35,357,74,1637,1993,8,498,456,92,1197,1796,1214,591,1447,958,1156,861,561,713
744,1637,74,35,92,1993,1197,1796,456,31,357,8,498,823,1214,1156,958,861,444,1541,1995
745,1588,1783,799,7,2034,171,410,327,513,1581,99,1201,753,918,1332,1712,174,1869,1781,1921
746,498,1637,74,35,1993,31,92,8,357,1796,1197,456,591,1447,1156,444,861,823,1214,1933
747,727,221,1833,14,93,749,1396,852,1703,881,1721,1775,990,403,1143,582,77,109,712,942
748,727,221,1833,14,93,1396,749,852,1703,1721,1143,712,1923,128,1740,881,1775,1281,77,1381
749,168,1650,1832,1961,1721,95,247,1649,1865,912,1098,1042,474,1763,763,749,489,852,460,1727
750,168,95,1042,788,1961,749,852,1856,763,881,1098,437,839,128,539,1775,1923,1649,1821,1539
751,168,1650,95,437,1975,852,539,1539,1649,1832,1775,711,247,1281,1098,763,403,1961,523,1763
752,168,1975,1867,1325,301,1856,1721,1832,1186,881,1042,1650,437,1405,1961,1207,1775,1539,95,711
753,727,221,1833,14,93,1396,749,852,1703,1721,881,128,1143,1281,712,1749,1923,1118,1775,77
754,301,1721,1183,109,1260,429,763,1923,299,364,1851,65,1557,93,1703,1449,489,255,168,817
755,740,1009,1387,1779,1951,561,117,1322,1621,1699,6,1640,2059,1440,113,465,1284,1586,298,1973
756,727,221,1833,14,93,749,852,1396,1721,1703,77,881,168,582,403,1397,1775,109,712,1183
757,327,7,2034,171,799,513,1783,410,1588,753,1921,918,1696,790,1948,1506,1712,1101,120,1913
758,1637,498,74,35,1796,357,8,92,31,1993,1197,456,1214,958,1156,1581,861,591,1447,823
759,168,95,1143,1749,1649,301,153,1721,711,1281,788,1961,1975,1775,1727,763,1539,1763,840,1650
760,861,1156,1214,823,444,1541,1933,1995,357,8,498,958,35,92,74,31,1637,1993,1197,1796
761,168,1727,1649,1098,1961,1650,1975,1721,1325,903,247,1789,763,711,1763,1281,95,840,1749,788
762,35,1156,958,1447,92,1214,591,357,31,1995,498,74,8,861,456,444,1197,823,1637,1796
763,31,35,357,74,1637,1993,8,498,456,92,1197,1796,1214,591,1447,958,1156,861,823,1995
764,727,1833,221,14,1396,93,749,852,1703,1721,1143,1923,712,881,1775,1183,1118,1863,1614,1281
765,727,1833,221,14,1396,93,749,852,1703,1721,881,1183,1923,1844,594,1143,1863,1397,1035,1614
766,727,221,1833,14,93,1396,749,852,1703,1721,712,1923,128,1740,881,77,1143,1111,1725,1775
767,74,31,35,498,1637,1993,1796,92,456,8,357,1197,713,958,327,289,1624,227,799,513
768,727,1833,221,14,1396,93,749,852,1721,1703,1183,1923,1143,43,712,881,1775,1281,1533,1381
769,727,221,1833,14,93,749,1396,852,881,1703,1035,1844,1721,1775,1143,1397,990,168,109,712
770,727,1833,221,14,93,1396,749,852,881,1721,1703,712,1183,43,1844,594,1143,1397,128,1035
771,168,1281,1143,711,95,1721,1775,1961,153,788,1975,301,1749,1649,1667,1727,602,763,1539,247
772,31,35,357,74,1637,1993,8,498,456,92,1197,1796,1214,591,1447,958,1156,561,861,713
773,301,1721,1183,109,299,1260,1355,763,1954,582,1923,364,1851,579,1703,93,1938,429,168,489
774,727,221,1833,14,93,1396,749,852,881,1721,1703,1183,1143,1111,1577,1397,1614,1923,807,376
775,727,221,1833,14,93,749,1396,852,1721,1703,881,1355,712,1923,1143,1183,109,77,582,1775
776,727,1833,221,14,93,1396,749,852,881,1703,1923,1721,990,1143,942,903,1488,1665,1533,888
777,31,35,357,74,1637,1993,8,498,456,92,1197,1796,1214,591,1447,958,1156,861,713,823
778,168,128,788,1721,153,519,337,1961,1649,1727,903,763,1405,1763,38,437,1832,166,1975,852
779,168,1721,95,1649,788,1961,1975,1650,840,852,903,1832,1667,1281,763,1042,648,301,1634,1727
780,740,1009,117,1387,1214,1951,444,1933,823,1779,1156,1995,697,1541,1684,210,1789,861,591,817
781,168,1098,1727,1883,1763,602,688,1268,1975,788,1921,539,616,247,613,1042,126,1397,2002,1938
782,727,221,1833,14,93,1396,749,852,1721,168,1703,712,881,77,1143,1183,1856,1111,128,1614
783,727,221,1833,14,93,749,1396,852,1721,1703,881,77,168,1143,1775,236,712,1183,1923,763
784,168,1961,128,1649,788,1721,1856,763,852,1763,437,93,903,727,1667,1042,1186,95,1867,840
785,1058,1764,582,1355,1512,1054,1705,1751,1283,1010,128,1149,43,448,712,414,2070,299,337,1806
786,727,221,1833,14,93,1396,852,749,168,1703,881,1721,1740,1397,1143,77,1614,109,712,1923
787,861,823,444,1156,1541,1214,1995,1933,958,498,92,1581,357,74,8,870,1796,1781,1637,713
788,444,861,1156,1933,823,1214,1541,1995,357,958,8,1197,591,1637,498,35,1447,1581,1993,92
789,727,221,1833,14,93,1396,749,852,881,1721,712,1703,1035,1533,1844,1183,594,43,1143,109
790,168,852,1775,95,788,1961,1143,1281,1721,903,1649,1672,711,1749,1325,153,1650,1098,1763,1856
791,740,1951,1387,1779,1009,117,1559,2059,1046,1023,1932,1973,804,524,1066,1284,465,1567,1933,697
792,498,1637,74,35,1993,31,92,8,357,1796,1197,456,861,1214,591,1447,823,1156,958,444
793,991,944,1750,871,791,1194,1350,227,2068,1018,1221,35,444,1447,1684,2012,1541,1995,846,591
794,727,221,1833,14,1396,93,749,852,1721,1703,881,1355,712,1923,1035,1844,1533,1183,77,582
795,727,221,1833,14,93,1396,749,852,1721,1703,881,712,1923,1143,168,1740,1775,1183,77,738
796,1637,498,74,35,1796,357,8,92,958,31,1993,1197,456,1581,44,861,591,1156,444,289
797,168,1961,95,364,788,763,126,1856,1649,881,1098,437,460,1186,539,1281,1721,1650,301,711
798,727,1833,221,14,93,1396,852,749,1844,1721,1255,881,1035,1703,903,77,679,1397,594,759
799,2012,444,1993,1581,1197,1156,1439,1214,861,498,1541,1995,942,1933,227,1973,870,1796,1221,74
800,444,861,1214,823,1156,1541,1933,1995,357,1684,1581,1750,8,1637,35,498,2068,1480,1197,991
801,31,35,74,357,1993,1197,456,1637,1796,8,92,498,1581,861,823,1156,1684,1624,1214,1995
802,740,1009,1387,1779,1951,117,1322,6,561,1621,1440,1640,1932,1559,113,1284,1567,465,697,794
803,727,1833,221,14,1396,93,749,852,1703,881,1721,128,990,403,942,1751,1614,1397,1665,1533
804,74,357,1637,498,35,92,8,456,1993,1796,1197,31,958,289,1156,444,823,1214,861,1933
805,498,35,74,357,456,1637,1993,92,8,1197,31,1796,958,1156,861,289,823,1214,444,591
806,35,498,1993,456,1637,74,92,8,357,1796,1197,31,958,591,823,861,1581,1156,289,444
807,1705,1751,1512,582,1058,1764,1054,1355,1283,1010,128,1149,448,414,712,43,2070,1806,738,299
808,727,221,1833,14,93,1396,749,852,1721,1703,881,1355,712,1923,1143,1183,109,77,582,1740
809,35,74,357,1993,1197,1637,31,1796,92,8,498,1684,456,1624,227,1718,1064,1995,1018,1133
810,958,861,591,1581,1156,444,823,1214,35,1541,1995,498,8,74,713,357,1447,1637,1993,44
811,168,1650,1856,1832,126,1061,1721,1763,1405,1961,1186,95,1325,1649,247,128,1725,788,1873,613
812,591,1447,561,35,74,31,1621,357,1993,1640,1699,958,1637,498,1581,1440,92,1197,6,8
813,727,221,1833,14,93,749,1396,852,1721,1703,168,881,77,1775,763,712,1183,1923,1649,1355
814,168,1961,95,1749,788,1143,1281,711,852,1649,437,1775,1098,128,539,1042,1923,1539,1721,1650
815,74,498,35,8,1637,31,92,1796,1993,456,1197,357,1214,823,1156,591,958,1541,861,444
816,1637,498,74,35,1796,357,8,92,31,1993,1197,456,958,1214,1156,1581,861,591,1447,823
817,861,1156,1214,823,444,1541,1933,1995,92,357,8,958,35,74,1637,1197,456,1796,498,31
818,498,1637,74,35,1993,31,92,8,357,1796,1197,456,861,1214,591,1447,823,1156,958,444
819,168,1961,95,727,1649,128,1042,1098,763,852,1865,1727,1856,126,1867,1650,247,903,1832,749
820,168,1281,153,711,1721,301,1749,788,1143,1961,1775,1975,1727,1539,1042,1650,1938,1649,1763,93
821,1058,582,1512,1054,1355,1705,1764,1751,1283,1010,1149,448,128,43,414,712,299,1806,109,749
822,1750,991,2068,1480,944,791,871,1684,1064,444,1018,357,1197,861,1541,591,1438,1718,1156,1350
823,444,1156,861,1933,823,1214,1541,1995,357,8,498,958,35,92,74,31,1637,1993,1197,1796
824,74,498,35,8,1637,31,92,1796,1993,456,1197,357,1214,1156,958,823,591,1541,289,1995
825,168,1832,1721,788,1938,1727,1961,1649,763,1098,1042,1763,1539,460,344,432,1975,1775,840,1667
826,357,35,1637,31,74,1796,498,92,456,8,1993,861,1156,1197,444,958,1214,823,591,1933
827,1058,1054,582,1512,1355,1705,1764,1751,1283,1010,414,448,1149,1806,128,43,1775,712,109,299
828,74,357,1637,498,35,92,8,456,1993,1796,1197,958,31,289,1581,861,591,823,44,1056
829,498,74,35,1637,1993,31,1197,456,92,8,1796,357,861,1214,591,1447,823,1156,958,444
830,498,1637,74,35,1993,31,92,8,357,1796,1197,456,861,1156,823,1214,591,444,1541,1995
831,861,1156,823,444,1214,1541,1995,1933,1581,1637,357,498,1783,958,92,35,1197,8,2034,74
832,727,221,1833,14,93,1396,749,852,1721,1703,712,1923,881,1143,168,1740,1775,1183,77,1649
833,1156,1214,35,357,1995,498,74,8,861,92,456,444,1197,31,823,1637,1796,1541,958,591
834,727,221,1833,14,93,1396,749,852,1721,1703,881,712,1923,77,1143,128,168,1775,1183,1751
835,727,221,1833,14,93,1396,749,852,1703,1721,881,712,1923,1749,1775,1143,77,1183,1381,1111
836,498,74,31,35,1993,8,357,1637,92,1796,456,1197,591,1447,958,1581,823,2059,444,713
837,168,1650,1961,128,1539,519,749,1856,1721,1832,881,1325,763,1867,1725,1667,1098,437,1775,1042
838,861,1156,1214,823,1933,444,1541,1995,958,357,1581,1637,92,525,35,8,498,1781,870,1993
839,168,1961,95,788,126,301,711,1281,437,1042,1775,1098,1650,1832,539,1649,1749,881,93,489
840,740,1951,1387,1779,1009,117,561,1621,1440,6,113,1284,1559,465,1511,1447,1699,2012,696,1586
841,727,221,1833,14,93,1396,749,852,1703,1721,881,1740,712,1577,1923,1111,1143,376,77,1775
842,498,1637,74,35,1993,31,92,8,357,1796,1197,456,861,1156,823,1214,444,1541,591,1995
843,301,1721,1183,109,1260,299,1703,1355,546,582,1961,1938,763,429,1557,1923,364,523,1954,579
844,31,35,357,74,1637,1993,8,498,456,92,1197,1796,591,1447,1214,958,1869,1156,1581,861
845,861,1156,823,444,1214,1541,1995,1933,1581,1637,357,958,498,92,35,1197,591,8,870,74
846,74,1637,498,1993,31,958,1796,1197,8,35,456,92,357,289,2037,44,861,591,444,823
847,861,1214,1156,444,823,357,92,8,1541,498,1995,1637,1197,74,958,1581,35,1933,1796,31
848,1721,1183,301,168,109,546,727,299,1703,474,65,523,274,93,1672,1557,1923,364,224,1534
849,944,991,1750,791,2068,871,1480,1684,1447,1350,591,444,1064,357,1718,691,861,1541,1197,1156
850,168,1961,95,128,788,301,763,126,1649,1856,1667,38,1832,1650,1042,1938,519,153,489,1727
851,357,1214,92,444,1156,35,1995,1541,861,958,823,74,591,1581,1447,456,1933,498,1197,1637
852,35,357,74,498,92,1637,8,1197,1993,31,861,1796,823,456,591,958,1214,444,289,1156
853,727,1833,221,14,93,749,1396,852,1721,1703,881,1775,1143,712,1183,1381,1923,1118,1533,1355
854,35,74,357,1993,1197,1637,31,1796,1624,92,8,498,1684,456,691,1221,791,1438,227,1718
855,944,1750,991,2068,871,791,1480,1447,591,1276,1770,1221,1932,1652,1684,378,1522,2012,524,1032
856,1721,1183,301,109,299,546,1703,43,377,1923,1873,1961,763,2025,224,712,364,65,93,489
857,861,444,1156,1933,823,1214,1995,1541,958,1581,591,1447,870,174,1783,357,1056,1781,2037,1588
858,1156,861,823,1214,1541,444,1995,1933,958,357,35,498,591,74,8,456,92,1197,1637,1581
859,861,1214,1156,444,823,357,1541,498,8,1995,1637,92,1581,74,958,870,1197,99,35,1933
860,168,95,1961,1650,852,1721,1856,788,749,1649,763,1098,912,1775,474,1763,1186,711,403,247
861,823,861,1214,444,1156,1541,1995,1933,357,92,958,8,35,74,1637,1197,1796,498,31,591
862,1447,591,561,1440,1640,1621,1699,6,2059,1322,1559,1932,68,113,475,465,1066,804,995,1586
863,301,1721,1183,109,299,1260,1923,1355,763,1954,582,364,1851,1703,1192,93,1938,255,489,429
864,727,1833,221,14,93,1396,749,852,1703,881,1721,1143,77,109,712,1397,990,1775,1533,1923
865,1156,861,823,1214,1541,1995,444,1933,498,1637,958,8,357,74,35,92,456,1197,31,1581
866,740,1779,1009,1951,1387,117,1559,2012,1932,465,113,697,1284,1046,1586,2068,2059,1567,804,1023
867,357,498,35,74,1993,1637,31,8,456,1197,1796,92,861,1214,591,1447,823,1156,958,444
868,727,221,1833,14,93,1396,749,852,881,1721,1703,1183,168,1143,128,337,1923,807,1577,376
869,740,1951,1387,1779,1009,117,2059,1973,804,1559,1284,465,1933,1214,498,113,958,298,698,861
870,861,1156,1214,823,444,1541,1933,1995,357,92,8,498,1197,1637,1581,74,35,1796,31,1993
871,31,35,74,357,1993,1995,1156,1197,1637,456,92,8,1581,444,1796,861,498,823,1541,991
872,74,357,35,1197,1993,1637,1796,92,498,31,1581,1214,861,823,8,1156,1684,456,1624,1995
873,168,1650,1961,1649,881,1867,1832,128,1727,1281,1721,749,1873,1325,1749,1405,1098,95,711,763
874,168,95,903,1961,1856,1650,852,1832,1727,437,153,763,1667,1281,840,1649,881,126,1867,93
875,727,221,1833,14,1396,93,749,852,1703,1721,1183,881,1143,1725,1614,403,1397,1856,337,77
876,1684,691,1221,1624,791,227,1718,1064,1995,1018,719,1480,991,531,963,1750,2068,806,1194,1438
877,727,221,1833,14,93,749,1396,852,1721,1703,881,168,403,1143,1397,1740,1183,1923,1614,1751
878,1194,991,1064,1750,444,1684,35,2068,1156,1995,1541,871,791,1018,806,1718,944,1214,357,1480
879,168,1961,1856,1775,788,1749,1721,1650,1405,1672,711,274,358,1281,1143,1649,648,128,763,1727
880,168,852,1727,788,437,1098,1961,460,1938,1042,1721,247,1650,1186,1775,840,749,1281,1667,1975
881,35,31,74,1993,357,1197,1637,456,8,1796,92,498,1684,1624,227,1718,1064,1995,1018,1133
882,168,1961,95,788,301,1727,437,1856,1649,852,1042,763,881,1281,1650,93,1789,1867,727,126
883,498,74,35,1637,1993,456,1197,92,8,1796,31,357,958,1156,861,823,289,1214,444,591
884,498,1637,74,35,1993,31,92,8,357,1796,1197,456,861,1156,823,1214,591,444,1541,1995
885,727,1833,221,14,1396,93,749,852,1703,1721,1923,712,881,1143,1775,1863,1183,128,1614,1281
886,1684,1624,8,456,1197,1718,74,1064,1018,1133,1993,531,31,35,806,691,357,719,963,1637
887,498,74,35,1637,1993,92,8,357,31,1197,1796,456,1214,1156,958,823,591,1995,861,444
888,168,1721,1775,95,1961,788,1143,1649,1281,711,126,1856,1749,1098,1325,1042,763,1405,539,1667
889,35,498,74,1637,456,1993,8,357,1197,1796,31,92,958,289,1156,591,444,861,823,1214
890,168,1650,903,1143,95,1975,852,1281,1325,1775,711,247,1749,1721,1427,1763,1672,1961,819,2053
891,727,1833,221,14,1396,93,749,852,881,1721,1703,712,1183,43,1844,594,1143,1255,1614,1397
892,168,1721,788,274,1832,38,1672,247,1405,358,1938,1961,1042,912,474,1325,1649,852,128,1650
893,727,221,1833,14,93,1396,749,852,881,1923,1703,1844,168,1035,1721,1255,1397,521,759,1800
894,168,1961,1721,95,788,1649,126,1856,1098,763,1111,1405,1042,852,460,1832,903,1727,1865,1325
895,498,35,357,74,8,1637,456,1993,92,1796,1197,31,958,289,1156,591,444,861,823,1214
896,1637,498,74,35,1796,357,8,92,31,1993,1197,456,1156,958,1214,823,861,591,1995,289
897,357,74,498,35,92,1637,8,1993,31,1796,1197,456,958,289,591,861,1581,1447,174,1869
898,301,1721,1183,168,109,1703,1954,299,1283,727,429,1260,1923,546,65,1938,1355,128,93,364
899,301,1721,1183,168,109,1260,1108,727,429,1255,1793,546,65,93,1923,299,364,1557,1275,579
900,301,1721,1183,168,109,299,429,1260,727,65,1355,489,93,1923,998,364,1954,1703,221,579
901,31,74,1637,1993,8,35,498,456,357,92,1197,1796,958,1214,591,1156,861,823,1995,1447
902,357,498,35,74,1993,1637,31,8,456,1197,1796,92,1156,958,444,823,861,1214,1933,1995
903,168,95,1961,912,1649,852,1405,126,1281,1098,1856,903,1721,523,1727,763,1650,1667,1763,1672
904,727,221,1833,14,93,1396,749,852,881,1703,712,1923,1035,1751,1844,1512,1721,1649,128,990
905,727,1833,221,14,1396,93,749,852,881,1703,1923,1721,1844,594,1143,1255,1397,1035,1260,1533
906,168,1961,95,1721,93,1727,437,788,1281,1856,1649,539,1667,1111,763,1098,1749,1832,1042,711
907,727,1833,221,14,93,1396,749,852,881,1721,1703,712,1183,43,1397,1143,128,1923,1775,1255
908,301,1721,1183,109,1260,299,1703,1938,546,255,1873,1355,429,1557,1923,364,523,1954,579,224
909,227,804,298,1221,35,444,1447,1350,2012,1541,1066,465,1995,113,591,1023,1581,524,1480,1509
910,861,1156,1214,823,444,1541,1933,1995,357,92,498,8,1637,1197,1581,74,870,958,35,1796
911,727,221,1833,14,1396,93,749,852,1721,1703,881,1923,1035,1844,236,990,1183,1533,1143,403
912,861,1214,1156,823,444,1541,1933,1995,357,92,8,498,1637,1197,74,1581,958,35,1796,31
913,7,799,171,1783,2034,1588,327,513,1581,1440,410,1699,99,1640,581,561,1322,6,870,1712
914,1764,1054,448,582,1705,1806,1355,414,1751,1512,1149,1010,1283,1058,738,364,1381,904,1913,1650
915,444,861,1156,823,1214,1541,1995,1933,357,8,92,35,74,1637,1197,498,31,456,1796,1993
916,168,95,1961,274,1405,788,358,128,1856,546,1098,1649,523,1873,1325,1672,1520,912,763,1650
917,740,1951,1387,1779,1009,117,1559,958,1581,1973,1993,1197,2059,1023,1214,1046,498,1342,2012,1932
918,301,1721,1183,109,168,1260,364,1923,727,221,763,429,93,299,749,1557,1192,1275,489,1703
919,727,221,1833,14,93,749,1396,852,1721,1703,881,1775,1143,712,1183,1725,77,1614,1533,1740
920,168,93,788,749,1727,247,1186,403,648,1921,437,210,126,1192,602,613,1042,1833,344,1650
921,35,31,74,1993,357,1197,1637,456,8,1796,1624,92,498,1684,691,1221,791,1438,227,1718
922,168,95,1961,128,763,1649,247,1650,1405,1856,912,1721,126,1667,1672,364,1186,852,788,749
923,74,31,35,498,1637,1993,1796,92,456,8,357,1197,713,958,289,227,2034,2013,1221,1447
924,1009,740,1779,1951,1387,117,958,1581,1993,1197,2059,1559,1214,498,1023,1973,1933,861,465,2012
925,740,1779,1009,1951,1387,117,2059,1559,1586,1023,1973,1447,591,68,696,1699,465,1144,1066,298
926,1764,1054,448,582,1705,1806,1355,414,1751,1512,1149,1010,1283,1058,738,364,1381,904,711,1065
927,727,221,1833,14,93,1396,749,852,881,1721,1035,712,1703,1844,77,1533,1183,109,337,594
928,498,74,35,8,1637,92,1993,1796,456,1197,31,357,1214,823,1156,591,958,1541,861,444
929,444,357,1214,92,1156,1541,35,1995,861,958,823,74,591,1447,1581,456,1933,498,1197,1637
930,301,1721,1183,1961,168,109,364,1260,1649,727,429,546,763,1793,93,1923,299,65,1557,489
931,168,1961,1721,1856,852,95,437,788,763,1281,749,1649,903,1727,1098,1883,1775,1763,1186,711
932,35,31,74,1993,357,1197,1637,456,8,1796,92,498,1684,1624,1221,791,1438,227,1194,237
933,1684,1718,806,1018,1064,375,1133,942,677,1488,2012,871,378,944,1652,1624,1276,456,1522,44
934,498,8,1637,1796,74,1197,456,591,35,357,31,1993,1447,92,958,1156,1581,861,1214,823
935,727,221,1833,14,93,1396,749,852,1703,1721,881,1923,1183,128,1397,403,903,738,337,1751
936,301,1721,1183,109,299,1260,1923,1355,763,1954,582,364,1851,1703,1192,93,1938,255,489,429
937,591,1447,561,1621,6,1699,1440,2059,1869,918,861,1350,804,174,934,1511,713,1933,794,1023
938,168,1961,95,128,1650,788,1672,1721,1649,1727,1098,460,1763,1281,711,1856,840,519,274,819
939,498,1637,74,35,1993,31,92,8,357,1796,1197,456,1156,591,444,861,823,1214,958,1933
940,74,35,357,1637,498,31,1197,1993,92,8,1796,456,289,958,1581,861,44,591,2037,713
941,727,1833,221,14,1396,93,749,852,881,1703,1923,43,712,1721,1143,1775,128,1397,1873,1355
942,168,95,852,1721,1961,763,1649,1042,788,128,1856,1281,903,727,1667,126,1727,1405,840,1763
943,168,903,95,852,1975,153,1721,1042,1650,1111,1961,1763,1883,1098,881,247,1832,489,437,1281
944,727,221,1833,14,93,749,1396,852,1721,1703,881,168,403,1183,738,1923,1751,582,77,1614
945,861,823,1156,1214,8,444,1541,1933,357,35,498,1995,74,92,31,1197,1637,456,1993,1796
946,727,221,1833,14,93,1396,749,852,1721,881,1844,1703,1035,594,77,1143,1614,109,712,1183
947,1764,1054,582,1705,1355,448,414,1751,1512,1149,1010,1283,1058,1806,738,1381,364,904,648,1650
948,498,1637,74,35,1993,31,92,8,357,1796,1197,456,591,1447,1156,444,861,823,1214,1933
949,301,1721,1183,1355,109,582,1283,1764,1703,1010,299,1054,763,1260,1938,1512,546,1705,1923,364
950,168,852,788,437,364,1961,1649,1727,763,1098,460,1042,1721,247,1775,1650,727,840,1281,128
951,1764,1054,448,582,1705,1355,414,1751,1512,1149,1010,1283,1806,1058,738,364,904,1272,1551,1650
952,168,788,1961,1649,763,1098,128,1042,1721,364,852,460,247,1650,1061,1727,1867,749,602,1667
953,1684,1718,1064,375,806,1018,677,1133,1624,456,237,1197,74,991,791,8,528,903,1993,1973
954,498,74,35,8,1637,92,1993,1796,456,1197,31,357,1214,823,1156,591,958,861,444,1995
955,727,1833,221,14,1396,93,749,852,1703,1721,712,881,990,77,1775,1183,1533,1665,236,942
956,727,1833,221,14,1396,93,749,852,1703,1721,1183,43,712,881,1775,128,941,1614,1397,2006
957,31,35,357,74,1637,1993,8,498,456,92,1197,1796,591,1447,1214,958,1156,1581,861,823
958,727,221,1833,14,93,749,1396,852,1721,1703,881,1143,77,582,1775,903,109,712,1183,1397
959,168,788,95,1961,852,1143,763,1281,1775,711,749,1856,126,1649,1207,1749,727,539,1098,128
960,727,221,1833,14,93,1396,749,852,1721,1703,1183,881,1923,128,1397,903,738,1856,337,1751
961,168,95,1961,1667,788,1098,1649,126,1856,763,1405,519,1832,1042,1865,38,852,153,602,903
962,301,1183,1721,168,109,1260,546,128,299,1703,1283,727,1851,1938,1355,1793,93,1923,998,364
963,727,1833,221,14,1396,93,749,852,1721,1703,1183,1923,712,881,43,1397,1775,128,1614,2006
964,727,221,1833,14,93,1396,749,852,881,1703,712,1035,1844,1721,1143,109,77,168,594,128
965,498,1637,74,35,1993,31,92,8,357,1796,1197,456,1214,1156,958,823,591,1995,861,444
966,727,1833,221,14,1396,93,749,852,1703,712,881,1721,1143,1775,43,990,1355,1614,109,582
967,740,1779,1009,1951,1387,117,1559,2012,1932,465,113,697,2068,1284,1046,1586,2059,1567,804,1023
968,727,221,1833,14,93,1396,749,852,881,1035,1721,712,1703,1533,1844,1183,109,1740,1143,594
969,168,852,1650,95,432,1042,1281,1867,1727,1775,1649,711,437,474,1961,1763,519,1143,2053,344
970,727,221,1833,14,1396,93,749,852,1703,1721,1183,881,1143,1614,403,1725,1397,1856,337,77
971,168,95,1749,1143,1281,1727,788,301,711,1961,437,1649,1775,763,1539,1098,1042,1721,1650,337
972,168,1650,1856,1763,1098,1727,1721,1961,95,539,881,460,788,1832,840,1975,247,1281,489,120
973,1684,1718,1064,1018,806,375,1133,677,1624,8,456,1197,74,1692,531,1993,31,35,691,434
974,727,221,1833,14,93,1396,749,852,1721,1703,712,1923,881,77,1143,128,168,1775,1183,1863
975,168,95,788,1727,1856,1832,539,1098,437,1961,1938,840,1281,852,153,1950,1763,1775,1042,1650
976,498,1637,74,35,1993,31,92,8,357,1796,1197,456,861,1156,823,1214,591,444,1541,1995
977,727,221,1833,14,1396,93,749,852,1703,712,881,1143,1721,43,1775,109,77,403,1397,1281
978,727,221,1833,14,93,1396,749,852,881,1703,712,1721,168,1143,109,77,128,1923,1577,376
979,727,221,1833,14,93,749,1396,852,1721,1703,881,77,763,1143,1775,236,712,1183,903,1923
980,1869,1783,591,1588,174,1447,99,870,1581,410,7,171,581,513,713,327,799,1201,1350,113
981,498,35,357,74,8,1637,456,1993,92,1796,1197,31,958,289,1156,591,444,861,823,1214
982,301,1721,1183,168,109,364,1260,727,1649,546,1961,763,1793,93,1923,299,489,65,1108,998
983,727,1833,221,14,1396,93,749,852,1721,1703,1183,1923,1143,43,712,881,1775,1397,1281,1533
984,1684,1581,861,1624,1718,1995,991,444,1064,791,35,528,823,806,375,1156,1592,1214,1219,1018
985,168,1721,1961,95,788,1649,301,1672,1856,1667,763,1650,1832,1042,1763,474,852,460,648,912
986,168,1961,95,788,128,1042,1649,247,819,1672,1098,1867,437,852,727,1650,364,1775,1281,711
987,727,221,1833,14,93,1396,749,852,1703,1721,881,712,1923,236,1775,990,1183,1533,77,1488
988,727,221,1833,14,93,1396,749,852,881,1703,712,1923,1721,1143,1355,1740,109,582,77,1775
989,1721,1183,301,168,109,727,299,1703,546,523,93,1557,1923,364,224,429,221,763,1534,474
990,727,221,1833,14,93,1396,749,852,1703,1721,881,1183,1923,594,168,1035,1844,1143,521,1111
991,727,221,1833,14,93,1396,749,852,1703,1721,712,1923,881,1775,1143,77,1183,1381,1533,1281
992,727,221,1833,14,93,1396,749,852,1721,1703,1183,881,1923,1856,128,1143,1725,1397,738,337
993,444,1156,861,823,1214,1541,1933,1995,357,35,498,74,8,958,456,92,1197,1637,1581,31
994,740,1951,1387,1779,1009,117,1932,1559,1284,465,1567,697,113,1046,2068,378,846,1586,1522,2059
995,168,1042,1749,1867,95,1281,711,1143,1775,1975,852,1832,1649,1883,1098,1427,460,437,1727,763
996,357,498,35,74,1993,1637,31,8,456,1197,1796,92,1581,958,861,823,44,591,1214,444
997,31,35,357,74,1637,1993,8,498,456,92,1197,1796,1214,591,1447,958,1156,861,823,1995
998,168,1042,1961,126,1727,1281,749,301,1098,1749,437,1186,93,95,1649,1721,539,1650,711,881
999,8,35,456,498,1197,74,1637,357,1993,31,1796,92,958,289,1156,823,444,1933,1214,861
