0,1541,1933,444,1214,1995,861,823,1156,456,958,31,8,35,74,1993,1796,92,1447,1197,2054
1,1534,1520,65,274,523,1405,819,912,1529,474,358,731,224,1447,1557,1873,670,948,575,1621
2,727,1833,221,14,1396,93,852,749,1281,1703,1749,1118,1512,582,1539,1740,301,1283,1381,711
3,168,973,2034,1507,1325,171,7,1336,799,1783,197,952,1232,95,1665,949,1954,1975,1684,718
4,444,1973,1541,1439,1995,1404,823,2013,1156,1214,991,861,1480,1933,2068,958,1581,871,944,791
5,1197,74,498,31,8,456,357,35,1796,92,1993,1637,1214,444,861,823,1541,1933,958,1156
6,1061,21,2054,2013,1492,44,1937,1814,1697,1056,1567,1350,1066,1284,174,2059,1559,1927,909,1022
7,456,31,498,8,74,1796,1637,1993,92,35,1197,357,289,958,44,1995,2037,444,1022,1056
8,168,95,541,852,1512,1954,973,1507,2053,1727,1725,1056,1325,166,949,912,648,1705,1315,1427
9,1214,444,861,1541,823,1933,1995,1156,1197,1350,92,8,456,2013,31,1637,289,2054,1993,1796
10,375,1018,1684,677,806,1133,1064,1480,1718,991,236,871,1652,791,2068,942,378,1522,1750,1770
11,410,1350,174,1783,171,1588,2054,591,1869,1937,1447,513,327,799,7,2034,870,99,1284,1581
12,1541,444,1995,1933,823,861,1156,958,1214,456,35,8,1796,1993,1197,498,92,289,31,1637
13,1869,174,99,870,1588,1783,581,410,1350,2034,2013,1712,1541,327,1933,697,2054,1995,1937,7
14,582,1054,1283,1058,1705,1355,1010,1512,1764,1751,414,448,1149,1806,1539,1775,1281,1833,1749,1721
15,410,1783,1206,513,799,2034,327,1056,440,1712,949,174,171,613,483,790,1921,918,1937,960
16,1721,301,1183,109,1649,727,763,1958,852,128,299,712,1775,1833,1539,403,1111,1118,1054,221
17,740,1779,1387,1009,1951,117,1274,1449,1770,949,1188,44,891,1971,2037,153,817,1585,960,1650
18,1581,1541,1995,444,1869,174,1350,410,870,1783,1156,1712,2054,823,171,2013,99,1588,525,1937
19,301,1721,1183,727,1283,582,1054,1764,221,763,1751,1961,1958,1010,1058,1775,128,1649,1512,1749
20,727,1833,221,14,93,1396,749,852,1058,1740,1749,1281,1577,376,582,1539,1381,711,1355,1703
21,582,1054,1283,1058,1010,1705,1751,1355,1512,1764,414,448,1149,1806,1281,1833,1721,1539,221,1042
22,117,1387,1009,1779,740,1951,444,1995,1933,1214,823,1541,1064,1684,1018,31,1156,806,861,375
23,823,1214,1995,1541,1933,1350,444,861,1156,1581,174,958,2054,870,1770,1522,1869,1781,2012,1652
24,174,410,1588,1869,2034,1541,99,513,1783,870,1322,7,1350,2013,327,171,1097,799,2054,1712
25,677,1133,1214,92,456,823,444,31,74,35,498,8,357,861,1993,375,1541,1018,1770,1197
26,1350,174,1869,1284,2054,524,113,1447,804,1937,444,1567,995,909,1144,1541,2059,1933,918,591
27,727,1833,221,14,93,1396,852,749,1281,582,1118,128,1058,1749,1512,1775,1751,1054,1539,711
28,8,456,823,35,92,444,1541,1214,861,1933,1156,958,74,1796,498,1197,1995,289,31,1637
29,1869,1541,174,444,2054,861,1156,410,1350,1933,1214,713,823,1995,1781,1588,2013,958,1719,1097
30,1449,1971,171,718,1634,799,648,609,414,1200,440,109,807,1950,2034,1856,513,1400,442,1614
31,375,823,1018,8,1214,806,1995,456,1541,1933,1581,1522,1439,958,236,1350,74,444,1718,861
32,582,1058,1054,1010,1705,1512,1764,1355,1751,1283,414,448,1149,1806,1539,1281,1833,1749,168,711
33,2043,122,1255,1844,1108,1898,1275,759,1219,528,1592,839,422,621,594,1800,679,905,172,1851
34,410,1588,1783,870,2034,513,99,1781,581,7,327,799,1719,262,171,934,1969,195,205,2037
35,2054,1350,1937,958,713,1640,1712,1621,1719,1699,1933,1581,1322,1541,918,823,2037,174,790,965
36,168,1325,1507,1054,171,1406,1621,2034,1058,949,1975,1512,197,952,799,6,7,95,1533,582
37,1869,698,113,475,174,99,1144,171,870,327,410,696,2013,581,1621,1066,298,1350,1440,1781
38,8,35,456,1197,1796,92,74,958,498,31,357,1993,1637,444,289,1541,1933,1447,591,1156
39,7,1156,513,799,1588,2034,410,444,861,1783,1511,327,171,2054,1350,2037,99,713,1933,1097
40,301,1183,1721,1961,763,299,109,727,1649,1958,128,712,1775,1833,1539,93,403,1111,1118,1286
41,444,861,1214,1156,823,1933,1995,1541,958,289,1350,456,1581,713,2037,1719,35,498,8,965
42,582,1058,1054,1010,1705,1355,1512,1764,1751,1283,414,448,1149,1806,1281,1833,1539,168,991,711
43,1640,1699,561,1440,1322,6,1621,1712,410,1350,1719,870,799,1869,1097,2034,1588,289,174,1921
44,582,1283,1054,1058,1705,1010,1751,1355,1512,1764,414,448,1149,1806,1833,1281,1721,1539,221,991
45,171,1783,2034,7,327,513,799,1588,410,1869,1214,174,870,1350,444,405,1712,1541,1581,790
46,806,2012,1718,846,1770,1064,375,888,236,1488,991,1652,1684,1133,942,1018,378,2068,1522,1750
47,456,35,1796,8,1197,1993,498,92,31,1637,74,357,958,1350,2054,861,1214,823,1541,444
48,582,1058,1054,1010,1705,1355,1512,1764,1751,1283,414,448,1149,1806,1539,1281,1833,1749,711,738
49,1951,1779,740,1009,1387,117,1950,1910,698,38,788,807,132,1664,2037,432,1351,1207,881,1933
50,117,1387,1009,1779,740,1951,444,1995,1933,1214,823,1541,1018,31,1156,1064,861,944,44,1684
51,1541,1214,861,1933,444,1995,823,1156,958,31,456,92,1637,2054,498,35,1993,289,74,713
52,991,1480,944,871,791,2068,1750,591,1447,1712,1973,1439,870,2013,697,99,1350,1404,172,1793
53,839,759,1592,2043,528,1898,729,621,594,905,1793,1275,521,1255,1851,1219,1844,122,172,1108
54,1064,677,1133,1214,806,823,1018,375,444,861,1684,1156,1933,1770,1995,888,8,1652,870,378
55,174,1541,861,823,1995,1156,444,1214,1933,958,870,1869,99,1350,2054,1712,713,2013,2037,44
56,591,1447,1621,1699,1640,561,1322,1869,6,174,1440,1781,113,289,99,1719,44,475,1870,1350
57,117,1387,1009,1779,740,1951,1933,1684,944,444,871,31,861,806,1018,1064,375,1197,1480,677
58,991,1350,1869,174,591,791,1447,944,2068,1750,871,2054,1480,870,1712,1781,99,1937,227,1973
59,791,991,1480,1750,871,944,2068,1447,1973,591,1439,236,1350,68,227,1023,1932,846,942,2013
60,1064,677,1133,861,1214,806,823,92,1018,375,444,1541,31,8,1684,1156,1933,456,1770,1796
61,727,221,1833,14,1396,93,852,749,1281,1749,1577,1283,1856,376,582,1058,1539,1740,128,1721
62,168,197,852,1200,1727,1056,1315,541,1325,1665,973,91,1954,1336,949,1507,1372,95,2070,1975
63,1350,444,1541,1214,861,823,1937,2054,1781,1933,1869,2013,1995,1156,1783,1640,513,1144,2034,113
64,8,456,1350,74,861,1993,2054,1197,1214,823,1541,1796,444,1933,958,31,357,92,35,1637
65,1779,117,740,1009,861,357,1387,1197,1214,1951,92,74,31,1993,444,1995,498,823,35,1933
66,582,1054,1283,1058,1010,1705,1512,1764,1751,1355,414,1149,448,1806,1539,1775,1833,1281,1749,1118
67,117,1779,1951,1009,740,1387,444,1995,1933,1214,823,1541,31,1156,1869,861,44,958,35,1197
68,289,1781,1350,2054,870,713,99,958,1581,581,2037,444,2013,697,1995,861,1937,1933,1541,1796
69,1541,444,1995,1214,861,823,1933,1156,958,1796,2054,1197,456,1350,498,1937,31,92,35,74
70,727,1833,221,14,1396,93,749,852,1705,1058,582,1355,1751,1283,1512,1281,1703,1749,376,1764
71,171,799,7,513,1783,327,2034,410,1588,1350,1719,174,790,2013,2054,1781,44,1097,1712,870
72,1010,582,1058,1054,1705,1355,1512,1764,1751,1283,414,448,1149,1806,1281,1833,1539,711,1042,944
73,2012,942,888,1652,823,1214,378,1770,846,74,1488,1541,990,444,1995,1522,236,8,1783,713
74,1214,823,1933,1350,2054,1541,444,861,1995,1156,1937,289,1719,1781,1581,1509,35,99,1796,92
75,991,1480,944,871,791,2068,1750,591,1447,1712,1214,1973,1439,2013,1350,870,1581,697,99,823
76,1541,861,1933,444,1995,1214,823,1156,958,31,35,456,92,74,8,1796,1993,498,1637,289
77,958,456,289,35,1796,8,1197,498,1993,92,1541,31,44,1933,1637,74,444,2037,357,861
78,444,1350,1214,861,1541,1156,823,1933,1995,1447,591,2054,456,8,35,1796,74,1581,92,2013
79,1214,823,1933,1350,2054,1541,444,861,1995,1156,1750,791,871,1937,289,1781,1719,236,1973,1439
80,727,1833,221,14,93,1396,749,852,582,1577,1749,376,1283,1281,1751,1058,1539,1703,1512,1740
81,1541,1214,861,1933,444,1995,823,1156,958,289,1350,456,35,498,8,713,1719,1197,92,1993
82,498,74,456,357,92,8,31,35,958,1197,1993,444,1796,1637,1214,289,2037,861,823,1541
83,444,861,823,1933,1156,1995,1214,1541,456,35,1796,958,8,1197,1993,289,498,92,31,1637
84,168,171,799,1325,1783,327,7,2034,1954,513,1056,1320,1440,1665,949,197,973,579,1232,1336
85,174,1322,1869,1567,1559,1284,804,99,1969,697,794,262,1440,1621,1781,298,113,581,1032,68
86,2037,958,289,44,35,456,1796,8,498,74,1197,174,92,31,357,444,1541,1993,1869,1933
87,582,1283,1054,1058,1705,1010,1751,1355,1512,1764,414,448,1149,1806,1539,1721,1775,1833,1281,1749
88,861,357,1933,1197,444,1214,92,74,31,1993,1995,498,823,35,44,958,456,1541,1156,8
89,727,1833,221,14,1396,93,852,749,582,128,1281,1058,1749,1283,1118,1539,1775,95,1705,1751
90,582,1283,1054,1058,1010,1705,1751,1512,1355,1764,414,1149,448,1806,1539,1775,1833,1281,1749,1118
91,861,1214,444,1156,1933,1995,823,1541,456,1197,35,8,1796,958,498,92,1993,31,1637,74
92,174,1869,1350,870,1581,804,1783,513,410,713,171,799,524,1588,1995,958,916,1567,1214,1284
93,727,1833,221,14,93,1396,852,749,301,1721,128,1281,1749,1058,582,291,483,1192,1054,1512
94,727,1833,221,14,1396,93,852,749,1281,128,582,1283,1118,1058,1749,1512,1751,1355,1054,1705
95,727,1833,221,14,93,1396,852,749,1740,1856,1577,376,582,128,1749,1281,1283,1058,1054,1751
96,727,1833,221,14,93,749,1396,852,1577,582,1281,1740,1703,128,1512,376,1381,1749,711,1856
97,301,1721,1183,727,763,128,1961,1958,299,1725,1649,109,1856,712,1749,93,1396,1539,376,221
98,456,35,1796,8,1993,1197,498,92,31,1637,74,357,958,1214,289,861,1541,1933,444,1156
99,727,1833,221,14,93,1396,749,852,1577,582,1281,1740,128,376,1381,1749,1856,1539,1118,1703
100,727,1833,221,14,93,1396,852,749,1577,1740,376,301,582,1283,1958,1749,1281,1054,1499,1751
101,958,456,444,35,1541,8,1796,1993,1197,1214,823,861,498,92,289,1933,31,1637,44,1156
102,861,1214,74,1197,823,444,1995,1156,31,1933,1541,357,456,8,117,35,92,498,1796,1951
103,289,8,35,1796,456,958,1197,498,92,74,444,31,357,1541,1637,1933,1993,1995,1156,861
104,168,1325,171,7,1954,95,1727,1507,852,1725,2034,1449,1961,973,1975,912,1783,799,166,327
105,944,1522,903,1480,1652,1684,1018,991,236,791,1064,806,2012,990,1194,1750,942,2068,378,871
106,1214,861,444,1156,1933,1995,823,1541,958,31,456,92,1637,2054,2013,498,35,1993,289,713
107,727,1833,221,14,93,1396,749,852,1577,582,1749,1740,1281,1539,1058,1751,376,1512,1381,711
108,727,1833,221,14,1396,93,749,852,128,582,1703,1281,1512,376,1749,1721,1705,711,1283,1539
109,1350,1869,174,327,171,697,799,2034,1783,1781,513,7,1621,1699,6,1440,410,99,1640,713
110,1350,410,1783,1869,2054,1937,1206,1781,513,799,2034,174,440,327,918,1192,1712,1056,99,697
111,410,171,1783,1869,174,2034,1588,7,327,513,870,1781,99,799,581,787,1322,405,1621,1712
112,174,1869,1322,2013,99,1440,1621,870,1969,1781,561,798,1699,787,6,262,1640,1995,1712,1156
113,727,1833,221,14,1396,93,852,749,1281,582,1283,128,1058,1749,1512,1054,1705,1118,1751,712
114,236,1522,846,1652,378,1770,942,1488,2012,990,1276,888,905,122,2043,1851,729,521,759,1439
115,1541,861,823,1995,1156,444,1214,1933,958,525,846,1719,1097,1488,1581,2012,1439,591,1937,1522
116,799,1783,7,171,513,327,2034,410,1588,1621,1440,6,1640,1322,1699,174,1100,790,2054,2002
117,582,1010,1058,1054,1764,1705,1355,1512,1751,1283,414,448,1149,1806,1281,1833,1539,168,711,1042
118,1541,1995,861,444,1214,823,1156,1933,958,456,713,498,35,289,92,1993,8,965,1350,2054
119,727,1833,221,14,93,1396,749,852,1749,1281,1703,1539,1381,1512,582,1740,301,1283,711,448
120,1796,8,1197,456,92,35,31,498,1637,1993,74,357,1350,591,1447,2054,289,1640,1581,1937
121,444,1541,2037,1869,289,1995,44,958,174,1214,1796,35,1156,1933,456,861,92,2054,823,31
122,958,1796,456,8,35,1993,1197,498,92,31,1637,74,357,1214,444,1541,2054,1350,823,861
123,1951,1779,740,1009,1387,117,38,1588,914,410,698,1948,132,1516,2037,1763,1351,1207,1933,788
124,168,1783,171,7,2034,1954,1325,1289,197,1132,513,327,799,852,541,442,1000,949,1336,1975
125,236,1522,846,1652,378,1770,1684,942,1488,1064,2012,806,1718,990,1276,375,1018,888,1133,1439
126,1133,375,1064,677,1018,1684,1718,806,1108,2043,839,1214,1851,729,122,823,905,1898,444,31
127,823,1522,591,846,378,1214,888,870,942,791,1439,2012,991,444,1781,236,1770,2013,1480,1995
128,1018,1652,1770,375,1718,2012,1064,888,806,1522,1684,236,1276,378,942,1214,990,1133,846,677
129,582,1010,1058,1054,1764,1705,1512,1355,1751,1283,414,448,1149,1806,1281,1539,1833,1865,168,1749
130,1022,174,787,1583,1869,1322,405,99,870,1621,1781,2013,581,1699,6,1640,262,1440,799,1712
131,991,871,2068,1770,1480,846,944,791,1488,2012,1750,1522,888,236,990,942,378,1439,1652,729
132,582,1058,1054,1010,1705,1355,1512,1764,1751,1283,414,448,1149,1806,1539,1281,1833,1749,711,1503
133,1447,591,1284,1869,1066,1023,870,475,174,1342,995,696,524,1559,2059,1567,1032,698,68,227
134,727,1833,221,14,93,1396,749,852,376,1577,582,1281,1740,1512,1703,301,1749,1958,1705,711
135,1869,174,513,870,327,1588,410,2034,7,799,1350,713,1783,99,2013,444,804,171,697,1781
136,1058,582,1054,1010,1283,1512,1705,1764,1751,1355,414,1149,448,1539,1806,1281,1775,711,1749,1143
137,806,375,1064,1718,1684,1018,991,871,1750,677,791,1480,1133,944,2068,236,1652,942,378,1522
138,1539,1381,1775,1749,1118,711,1281,1143,727,128,1865,221,168,1923,1058,1833,712,1958,738,440
139,8,456,1796,31,74,35,92,1197,498,1993,1637,357,958,1214,289,861,1541,1933,444,1156
140,1058,582,1054,1283,1010,1751,1764,1512,1705,1355,414,1149,448,1806,1281,1833,1539,221,14,1721
141,1214,444,1933,861,1995,1156,1197,1796,823,1541,35,92,456,958,31,498,8,74,591,1447
142,444,823,861,1933,1214,1541,1156,1995,1197,31,74,456,35,117,8,92,498,1796,357,713
143,456,1796,958,8,498,74,2037,1197,35,92,31,357,1993,2054,1541,1637,289,1350,1214,44
144,444,1541,1933,1350,1214,1640,861,823,1322,1995,174,561,1156,1869,1440,6,289,1567,804,1937
145,1064,1133,375,1018,1684,806,677,1214,1718,823,456,444,31,1973,74,871,35,8,791,357
146,1541,1214,861,1933,444,1995,823,1156,958,31,2054,1350,92,1796,289,35,498,357,1993,1719
147,1214,861,444,1156,1933,1995,823,1541,958,456,1350,35,8,1197,2054,289,92,2037,1796,1993
148,1718,1018,1064,1684,375,806,1480,991,791,823,8,2068,677,871,1350,691,1750,944,434,1214
149,991,791,1480,1750,944,871,2068,1214,444,591,861,227,1447,1933,823,1973,174,1439,1350,1509
150,591,1447,444,1995,1933,117,1214,823,1541,31,1156,1869,1951,861,1779,174,44,958,35,1197
151,378,846,1652,236,1522,1488,1770,942,990,2012,1276,888,905,759,2043,122,1108,594,1851,1793
152,1350,2054,1869,1937,410,174,1783,1588,2034,870,171,2013,942,1712,99,1522,1488,513,236,7
153,1541,861,444,823,1156,713,1350,1933,1214,2054,1995,958,2037,1581,965,44,1937,1719,1781,1056
154,861,444,1214,1541,823,1933,1995,1156,1018,31,942,375,1718,846,498,1993,1064,456,74,1197
155,1621,1447,1322,1699,1869,1440,174,1640,68,1350,6,561,1284,1046,1066,804,465,1932,591,1586
156,1010,582,1058,1764,1751,1054,1283,1705,1512,1355,414,1281,1539,1833,1865,1806,738,1749,1149,448
157,1779,117,740,1009,1387,1951,1933,31,444,1197,944,861,1018,1133,1064,677,375,871,1993,1214
158,171,1783,799,327,1588,7,2034,513,410,2054,174,1937,697,1350,1869,949,1921,1400,1206,541
159,582,1054,1058,1283,1010,1705,1355,1512,1751,1764,414,448,1149,1806,1281,1833,1721,1539,221,1042
160,301,1721,1183,1725,763,1961,299,1649,109,1958,1856,712,1740,1775,403,43,128,1111,1449,93
161,582,1058,1054,1010,1705,1355,1512,1764,1751,1283,414,448,1149,1806,1539,1281,1833,1749,711,1503
162,444,1541,1933,1995,823,861,958,1156,1214,456,289,35,1796,8,1993,1197,498,92,31,1637
163,1064,677,1133,1214,806,1018,92,375,823,444,31,1684,456,8,74,861,498,1993,1541,1770
164,1480,991,1750,871,2068,1684,1064,806,944,791,375,1018,1718,1133,236,1439,729,1214,2012,1488
165,8,456,1541,1933,1995,1214,958,74,444,861,823,2054,1197,1993,1796,1156,31,357,92,35
166,727,221,1833,14,93,1396,852,749,1281,1749,128,1856,582,1577,376,1058,1539,1118,1740,1381
167,1541,1214,444,861,823,1156,1995,1933,958,1973,1439,498,713,456,1404,1719,791,1522,74,1770
168,1350,1322,1621,1937,1640,1783,410,1541,2054,870,561,799,1156,1588,171,861,1440,1699,99,513
169,1133,677,1214,92,823,444,31,456,8,74,861,498,375,1993,1541,1018,1770,1197,1796,1995
170,498,8,1197,1796,92,357,456,31,1637,35,74,1993,958,1214,289,861,1541,1933,444,1156
171,444,1541,1156,861,823,1995,1933,1214,1350,2054,174,1869,1581,1937,958,965,1509,2037,1719,1781
172,375,1064,1018,1684,1718,677,806,1133,871,791,991,1750,2012,944,1439,1770,2068,888,378,691
173,861,456,8,1214,74,35,498,1637,1796,92,1993,823,444,1995,1156,1197,289,31,357,1933
174,1214,1541,861,958,444,1156,823,1995,1933,1350,1796,289,2054,713,2012,74,92,44,2037,888
175,1541,1869,1350,1588,410,1156,1214,444,1933,327,174,2054,861,1581,7,1995,99,870,799,2034
176,958,456,35,1796,8,1993,1197,498,92,1541,31,1637,1933,74,444,357,861,289,1156,1995
177,958,289,35,2037,44,456,74,92,31,444,1796,1541,1933,8,861,1197,1993,1156,498,1995
178,410,171,1783,513,1588,327,799,2034,1350,7,174,1937,2054,1322,99,870,1712,1201,1781,262
179,456,8,1796,74,92,35,498,357,31,1197,1993,289,1637,958,561,6,44,1640,1186,2037
180,1214,92,456,823,444,31,74,35,498,8,357,861,1993,1541,1197,1796,1995,1637,1156,958
181,582,1054,1283,1058,1705,1010,1355,1512,1751,1764,414,448,1149,1806,1539,1775,1833,1281,1749,1721
182,1010,582,1058,1054,1705,1355,1512,1764,1751,1283,414,448,1149,1806,1281,1539,1833,738,1749,1865
183,498,8,1197,1796,92,357,456,31,1637,35,74,1993,958,1214,289,861,1541,1933,444,1156
184,1214,823,1933,1350,591,1447,2054,1541,444,861,1995,1869,1156,174,1937,289,1719,1781,1581,113
185,582,1054,1283,1058,1705,1010,1512,1355,1764,1751,414,448,1149,1806,1539,1775,1833,1281,1749,1721
186,8,456,35,92,1796,958,74,498,1197,1541,444,289,1995,1933,31,1637,1993,1156,1640,1447
187,7,513,1783,2034,327,1325,171,1449,799,2070,949,1634,1619,166,344,1332,1400,684,1867,1506
188,301,1721,1183,128,763,1961,727,1958,299,1725,1649,1749,1775,109,1054,1856,712,1539,93,376
189,1869,1581,1214,1783,1541,799,410,1995,444,2034,171,870,1933,861,99,174,1350,405,2013,513
190,456,35,1796,8,1993,1197,498,92,31,1637,74,357,958,1214,289,861,1541,1933,444,1156
191,171,1783,410,7,513,2034,327,1588,799,1350,870,1781,1869,697,1097,823,790,1719,1621,174
192,168,1325,2034,197,1507,91,442,171,7,1200,1372,166,799,43,1449,1783,949,1954,253,138
193,1064,1684,1018,806,1718,823,375,1214,444,1995,861,1156,1541,870,31,1933,942,1781,846,456
194,1969,1214,861,1995,444,174,794,1541,195,1384,262,1933,1869,823,99,205,870,697,934,23
195,301,1183,1721,1961,727,763,1649,1539,1958,1740,1111,1775,128,1577,299,712,1856,1283,403,221
196,677,375,1018,1133,1214,823,1684,806,1770,1064,846,1480,1718,991,1488,444,888,236,1156,1995
197,1197,498,74,31,8,456,357,1796,35,92,1993,1637,1214,861,823,1541,444,1933,1009,1779
198,582,1010,1058,1054,1705,1355,1512,1764,1751,1283,414,448,1149,1806,1281,1539,1833,1749,1865,711
199,1018,677,236,375,1133,942,378,1684,1652,1522,806,1770,823,1064,846,1480,1718,991,1276,1488
200,168,1954,949,541,1336,1289,2034,197,852,1315,799,1325,891,973,1232,1000,166,1665,1520,918
201,1350,888,691,1937,942,2054,1621,870,1652,1869,227,1488,965,1624,963,174,846,378,531,1322
202,1064,1718,375,806,1018,1684,1133,2043,677,1214,839,1898,905,1851,729,759,531,594,1275,1692
203,1214,1541,444,1995,1933,861,1156,823,958,456,31,498,74,8,92,1197,1993,1637,1796,289
204,1541,444,1214,861,823,958,1933,1995,1156,498,74,456,357,92,8,31,35,2037,1197,1993
205,456,31,498,8,74,1796,1637,1993,92,35,1197,357,289,958,561,1951,6,1779,44,117
206,444,1541,1995,823,1156,1214,861,113,2013,1933,1567,958,1581,804,995,2054,1712,44,1973,1937
207,727,1833,221,14,93,1396,749,852,1749,1281,582,1577,376,1058,1539,1740,1381,711,1355,1703
208,117,1387,1009,1779,740,1951,1933,444,31,871,861,944,1684,1018,1064,375,1197,1480,677,806
209,456,8,74,31,498,92,1197,1796,35,357,1637,1993,958,1214,289,861,1541,1933,444,1156
210,1197,31,8,1637,1796,92,456,74,35,498,357,958,1993,1350,713,2054,1541,823,174,2037
211,1214,444,1933,861,1995,1156,823,1541,958,498,2054,375,1018,1197,92,456,2013,289,31,1796
212,456,31,498,8,74,1796,1637,1993,92,35,1197,357,289,958,740,1951,1779,44,1009,117
213,168,171,1289,1325,1749,1954,1149,852,1381,1539,1315,1427,1867,1961,91,1863,1665,1336,1449,1727
214,1869,174,870,1712,1588,1350,1781,410,99,918,697,2054,327,2034,289,2013,1969,794,713,1201
215,1350,1541,861,444,2054,174,823,1156,1719,713,1781,2013,1933,1214,1581,1439,1995,99,870,1869
216,958,289,456,35,8,74,498,1796,1197,92,31,444,2037,1541,1933,861,357,1993,1156,44
217,727,1833,221,14,93,1396,749,852,376,1577,582,1703,1281,1958,128,1740,1721,1512,1381,1749
218,1350,2054,174,2034,1937,1783,327,1781,1869,99,1712,870,171,1640,2013,1581,7,697,799,965
219,444,1541,1214,861,823,1933,1995,1156,958,456,31,92,35,74,1637,375,1197,1993,1404,498
220,1440,713,2037,6,1097,1461,1719,1065,965,44,1640,918,1781,1201,561,2054,344,1699,1322,958
221,301,1721,1183,1283,1751,763,1961,1958,1010,1054,1764,1649,1512,1775,1355,1705,1111,712,1058,403
222,301,1183,1721,763,1961,299,109,1649,1692,1958,712,403,1775,1111,128,14,1856,65,43,719
223,1197,31,8,1637,1796,92,456,74,35,498,357,958,1993,1350,1447,2054,1541,823,2037,1933
224,174,1869,1322,99,2013,870,697,1440,1621,1781,1567,1284,561,1699,1023,6,1640,581,804,524
225,357,861,1933,1197,444,1214,92,74,31,1993,1995,498,823,35,44,958,456,1541,1156,8
226,791,1064,1684,1133,227,1342,944,1522,1869,1480,378,991,1276,697,677,1018,806,888,2068,942
227,168,1325,852,541,949,648,221,166,171,1727,1954,1449,1975,2053,1619,2034,1315,1336,1512,95
228,727,1833,221,14,93,1396,749,852,1577,376,1749,582,1281,1751,1058,1539,1740,1958,301,1512
229,1541,1995,444,1581,1350,713,1156,2054,823,1937,1933,525,1214,99,861,1097,1712,1781,1719,2013
230,727,1833,221,14,1396,93,852,749,582,1740,301,1283,1749,1281,1856,95,1058,1751,128,376
231,1541,823,861,1214,1995,444,1933,1156,498,1637,8,456,713,35,2037,958,74,92,31,1796
232,727,1833,221,14,1396,93,749,852,582,128,1281,1058,1118,1856,1749,1725,376,1381,1539,1283
233,236,1522,1480,991,846,1750,871,1652,2068,378,1770,1684,942,1488,1064,2012,806,1718,944,990
234,727,221,1833,14,1396,93,852,749,1281,128,582,1118,1058,1749,1775,711,1355,1539,1705,1283
235,1869,1541,174,444,861,1156,410,2054,1350,1933,1214,713,823,1995,1781,1588,958,1719,1097,870
236,1010,582,1058,1764,1751,1054,1283,1705,1512,1355,414,1539,1775,1833,1281,1749,1721,221,1806,1118
237,1440,1640,561,1350,1699,1621,1322,6,2054,870,1770,1937,1522,1559,1995,591,1447,99,2012,113
238,74,31,1197,8,1637,1796,92,456,35,498,357,1993,958,1214,861,1541,1933,444,289,1156
239,791,591,2068,227,1480,174,1350,1509,729,944,991,1712,1933,1750,1201,528,905,871,621,1439
240,168,1325,1727,1289,852,442,171,1975,1427,799,91,1449,1315,1268,43,1867,1372,1961,197,912
241,117,1387,1009,1779,740,1951,444,1995,1933,1214,823,1541,1684,1018,31,944,1156,1064,861,791
242,991,791,1480,1750,944,871,2068,1214,861,444,591,1447,1933,823,1973,227,1541,174,1439,1350
243,861,1933,444,1214,74,1197,1995,31,823,1541,357,1156,456,8,117,35,92,498,1796,1951
244,582,1054,1283,1058,1010,1705,1751,1512,1355,1764,414,1149,448,1806,1281,1539,1749,1775,1833,1118
245,1156,1214,113,99,1869,804,1995,1350,444,870,581,861,1781,823,1066,1541,174,1796,1022,1284
246,1933,1214,861,1156,444,823,1541,1995,1350,92,1869,410,2054,8,1993,1581,1783,513,1588,1937
247,301,1183,1721,1961,763,1539,1649,1958,727,1775,1856,1725,1054,1740,128,1749,712,403,1923,1381
248,168,1325,171,1954,1320,91,1098,949,852,541,1619,1789,197,579,2034,221,1268,1533,648,1336
249,456,31,498,8,74,1796,1637,1993,92,35,1197,357,289,958,44,1995,1779,1133,677,117
250,456,35,1796,8,1993,1197,498,92,31,1637,74,357,958,1214,289,861,1541,1933,444,1156
251,727,1833,221,14,1396,93,852,749,1281,582,1856,128,1749,1703,1577,1539,1283,1751,1058,376
252,1783,799,171,513,7,2034,327,410,1588,2054,1350,790,1719,918,1581,861,581,1097,1781,713
253,727,1833,221,14,93,852,1396,749,1281,582,1577,1740,1058,1749,1703,1751,128,1512,1054,1775
254,301,1721,1183,1958,109,763,1961,712,299,403,1649,1111,128,727,1740,1923,1539,1749,43,1406
255,498,74,456,357,92,1214,8,31,35,1197,1993,1796,1637,444,1933,861,1995,1156,823,1541
256,1869,1350,2054,1581,2013,1937,174,289,410,1541,958,1439,1995,1973,804,1404,444,1509,696,713
257,168,171,1336,1325,1507,541,1315,1268,952,799,7,95,1954,1232,852,513,1132,247,20,197
258,1058,582,1054,1512,1010,1283,1705,1355,1764,1751,414,448,1149,1806,1833,1281,221,727,1721,1539
259,591,1447,1214,1541,1933,31,1869,444,1156,861,174,958,35,823,1197,1796,498,74,357,456
260,444,1541,1214,823,861,1933,1156,958,1995,498,1350,456,35,8,92,2054,2037,289,74,31
261,513,1781,581,799,7,1350,410,99,870,1588,1719,1783,1567,171,44,1097,6,1699,1066,262
262,823,1214,444,1541,861,1156,1995,1933,1581,31,1350,1973,1439,456,92,375,1993,958,1197,498
263,168,1325,799,2034,197,91,364,1727,1507,1232,171,1449,671,1289,1054,7,1010,1058,1961,1783
264,1783,799,171,513,7,2034,327,410,1588,2054,1350,1719,1937,1581,697,99,870,581,1995,174
265,791,1480,871,1750,1439,591,2068,991,1447,846,1064,1214,375,1133,1522,1973,1684,963,236,677
266,1350,2054,1783,1937,434,691,958,870,513,1097,963,2034,1712,289,1064,1581,174,327,171,227
267,791,591,2068,227,1480,174,1350,1509,122,729,944,991,1933,1750,528,905,871,621,1201,1439
268,174,410,1350,1869,591,1588,2054,1937,1783,513,171,327,1322,697,1447,2034,870,1440,99,1640
269,1779,117,740,1009,861,1387,1214,1951,74,1197,823,444,1995,1156,31,1933,1541,357,456,8
270,1541,444,1214,1995,861,1933,74,1156,1350,823,8,1581,2054,289,1796,31,958,456,498,357
271,410,171,1588,7,1783,799,513,2034,327,581,1214,1719,1781,1156,1712,1097,1995,1541,870,697
272,582,1283,1054,1751,1058,1010,1705,1512,1764,1355,414,1149,448,1806,1539,1775,1281,1833,1749,1118
273,823,1214,1541,8,861,1933,74,444,456,1197,92,1156,498,1995,1796,591,31,357,35,1993
274,1214,92,456,823,444,31,74,35,498,8,357,861,1993,1541,1197,1796,1995,1061,1637,1697
275,8,456,1541,1933,1995,1214,958,74,444,861,1350,2054,1197,1993,823,713,1796,1156,174,31
276,944,871,991,1447,1973,1750,1439,791,1322,174,2013,1480,591,870,1350,790,1588,1404,410,1719
277,1350,2054,410,1541,444,1781,823,1588,1937,99,174,861,1156,870,1869,289,1214,581,2013,1581
278,1214,861,444,456,74,823,1933,1995,498,92,1156,1541,8,31,35,357,1197,958,1796,1637
279,1779,117,1009,1387,740,1951,861,1214,74,1197,823,444,1995,1156,31,1933,1541,357,456,8
280,727,1833,221,14,93,1396,749,852,1749,1281,1703,1539,1381,1512,582,1740,301,1283,711,1058
281,174,1969,1869,794,195,1384,262,1322,99,2013,870,205,697,1621,934,23,1781,1511,798,156
282,727,1833,221,14,93,1396,749,852,1577,582,1281,1703,128,1512,1740,376,1381,1749,1856,1539
283,591,1447,444,1995,1933,1214,823,1541,31,1156,871,861,944,2068,44,958,35,1197,991,1480
284,174,1869,410,1781,1588,99,1969,1350,513,934,2054,581,870,2034,327,195,1783,23,1583,787
285,1779,117,740,1009,1447,591,1387,1951,444,1995,1933,1214,823,1541,31,1156,1869,861,174,44
286,1350,1214,823,2013,2054,1541,444,804,92,861,1156,1439,1719,8,357,870,1995,1937,498,1581
287,168,1961,1427,1336,1503,541,1507,799,1000,891,1381,648,1664,1325,1954,1449,1665,1406,1232,1650
288,301,1721,1183,1725,763,1961,299,1649,109,1958,1856,712,43,1740,1775,403,128,1406,1111,1923
289,168,541,95,197,1512,1507,1289,1727,1325,166,1200,949,1954,731,912,671,648,1705,1315,1427
290,1214,823,444,861,1995,1541,1156,1933,958,1350,713,1973,1439,2054,799,1404,92,1937,1719,456
291,1197,74,498,31,8,456,357,35,1796,92,1993,1637,861,958,1214,823,444,1995,1156,44
292,727,1833,221,14,93,1396,749,852,1856,376,1577,1725,1740,582,1283,301,1958,128,1749,1281
293,582,1010,1058,1054,1705,1512,1764,1355,1751,1283,414,448,1149,1806,1281,1539,1833,1749,1865,711
294,1214,1541,1995,444,1933,861,1156,823,1350,2054,1937,1719,958,289,2013,1581,1097,1973,1509,1404
295,727,1833,221,14,1396,93,852,749,1281,128,582,1118,1058,1749,1775,1355,1539,711,1705,1283
296,1783,799,513,327,2034,171,7,1588,410,1350,2054,174,1719,918,870,1869,1937,1781,1541,99
297,168,1325,2034,1058,197,1507,91,949,1512,171,1665,891,7,1381,799,579,1954,1727,1281,6
298,456,31,498,8,74,1796,1637,1993,92,35,1197,357,289,958,561,6,44,1640,1995,1186
299,1588,410,799,205,7,513,697,1783,1350,1969,1937,2034,327,794,960,1206,156,262,1097,2013
300,1751,1512,1010,1054,95,582,1355,1283,1705,1958,1058,1764,128,221,1923,168,1833,1806,712,1183
301,727,1833,221,14,1396,93,852,749,1281,1749,1118,582,1283,1539,95,1775,1703,1058,1381,1751
302,513,171,1783,7,799,2034,327,1588,410,174,1869,1440,1581,2054,697,1322,1719,1621,1097,918
303,691,1692,434,719,963,1624,531,1718,791,1684,594,1064,839,1108,1133,227,806,944,1522,1480
304,1214,861,444,1156,1933,1995,823,1541,1197,31,357,92,498,1796,958,1350,74,456,2013,1993
305,513,1783,7,171,799,327,2034,1588,410,918,1322,1097,1719,1581,1699,581,949,1621,1201,174
306,168,1325,1289,1954,1727,1975,91,1372,1232,1268,1406,197,912,579,1619,1200,952,2034,171,671
307,991,1480,944,871,791,2068,1750,1214,591,1793,861,444,1447,729,1592,1933,1898,823,839,1973
308,582,1054,1058,1283,1010,1705,1355,1512,1751,1764,414,448,1149,1806,1281,1833,1539,1749,1775,1118
309,168,1325,7,799,197,91,2034,171,1619,1954,1507,1727,1533,949,891,513,1336,541,579,1783
310,582,1054,1283,1058,1705,1355,1010,1512,1764,1751,414,448,1149,1806,1833,1281,221,1721,1539,727
311,2054,444,1541,1869,1350,958,1214,823,861,174,1933,2013,1156,456,1995,35,8,74,31,1796
312,991,1480,871,1750,2068,791,944,846,1770,2012,1214,1652,1522,236,990,729,1439,1851,888,1793
313,1541,1214,861,823,1995,444,1156,1933,958,2054,1993,289,92,456,1350,1637,31,713,1581,8
314,2054,1056,475,1937,995,1927,1342,298,698,1438,68,1814,696,1932,1144,909,1046,1461,2059,804
315,92,1197,498,410,1993,1214,1796,31,456,357,1933,35,1588,1637,958,965,1541,74,8,1156
316,444,1541,1933,1995,823,861,958,1156,1214,456,35,8,1796,1993,1197,498,92,289,31,1637
317,727,221,1833,14,93,1396,749,852,1577,301,1721,1740,582,1283,1958,128,1749,1281,1054,1751
318,727,221,1833,14,93,1396,749,852,1281,1749,376,1577,1856,1143,582,1539,1058,1740,128,1721
319,1350,1214,823,1933,1480,2054,1541,444,1750,791,861,1869,2068,871,991,1995,1783,1156,804,591
320,1779,117,740,1009,1387,1951,444,1995,1933,1214,823,1541,1018,31,944,1156,1869,861,791,1064
321,1951,1779,740,1009,1387,117,2037,819,410,1948,934,1763,788,787,1506,197,960,1557,1933,688
322,799,171,7,513,1783,410,2034,327,1588,1350,870,1781,1869,697,1097,790,1719,1621,174,99
323,456,8,1197,35,498,74,92,1796,31,1993,1637,357,958,1214,289,861,1541,1933,444,1156
324,991,944,1480,2068,871,1750,791,591,1439,1447,1973,227,1404,1350,729,697,174,410,1509,1588
325,582,1054,1283,1058,1010,1705,1751,1355,1512,1764,414,1806,448,1149,1281,1539,1749,1775,1118,1721
326,168,1325,541,7,1268,799,91,2034,513,171,1954,1251,95,1684,120,1507,1427,166,575,817
327,444,861,823,1933,1995,1156,1214,1541,456,35,1796,958,8,1197,1993,289,498,92,31,1637
328,168,1954,1336,1325,1665,1406,1289,1503,1619,1958,1232,1381,91,1507,973,1749,541,1054,247,1533
329,1869,174,410,171,1781,799,870,513,1783,1588,697,1350,7,2034,99,327,2054,2013,1712,1640
330,1588,410,581,7,2034,99,1781,799,2037,513,171,1783,1384,1969,870,195,44,205,794,327
331,1869,174,1350,1783,2013,1712,2054,513,870,799,1284,327,697,1023,171,1937,68,804,1995,1046
332,513,7,1783,327,799,171,2034,410,1588,1581,1541,444,2054,1933,1719,1214,1156,1937,2037,1097
333,1214,861,444,1156,1933,1995,823,1541,958,456,31,92,35,74,1637,1197,289,1993,2037,498
334,1156,1214,1869,1995,1350,444,870,861,1781,581,99,823,1541,174,1796,410,498,2013,1022,1770
335,168,1054,1315,1325,197,1507,1503,1512,582,95,952,852,1865,670,912,1449,1961,820,1336,1289
336,1541,1933,444,1214,1995,861,456,823,8,74,35,1156,498,1637,1796,92,1993,1197,289,31
337,456,35,8,1796,498,958,74,1197,92,31,357,444,1541,1993,1933,1637,1995,1156,861,1214
338,168,1325,95,541,1954,1054,1336,1507,166,1381,1727,1975,1232,1149,1315,1634,1749,1867,852,1320
339,1541,1933,444,1214,1995,861,823,456,8,74,1156,498,1350,1796,1581,2054,31,92,357,958
340,456,1197,498,8,92,35,74,1796,357,31,1637,1993,958,444,1214,289,2037,861,823,1541
341,456,31,498,8,74,1796,1637,1993,92,35,1197,357,289,958,44,1640,1995,561,2037,930
342,1214,823,1995,861,444,1541,1156,958,1796,2054,1197,456,1350,498,31,92,1933,35,74,1637
343,823,1214,861,1156,444,1541,1933,1995,958,1581,888,1719,1770,2012,1488,92,730,1097,513,456
344,1779,1009,117,1387,740,1951,1933,31,1684,444,1197,944,861,1018,1133,1064,375,677,871,1993
345,1058,582,1054,1010,1283,1512,1705,1764,1751,1355,414,1149,448,1539,1806,1281,1775,711,1749,1143
346,1214,1541,823,444,1156,1995,861,1933,1350,958,713,378,375,1439,1509,2054,456,289,1652,1719
347,236,1652,1522,1488,846,2012,942,378,1276,1770,591,990,677,1214,806,888,1133,1066,1064,791
348,991,944,2068,871,1750,791,1522,1439,236,1973,227,1480,2012,591,1652,1447,846,870,1581,942
349,168,1325,579,1507,1954,1619,1665,1336,1867,1975,949,973,1232,1381,1503,2006,763,1320,1286,1476
350,1064,677,1133,1214,806,1018,375,823,456,444,31,74,1684,8,498,357,861,1541,1770,1995
351,846,1770,2012,1652,1522,759,236,990,2043,888,942,378,1276,1851,1793,1108,528,621,679,1488
352,414,448,1806,582,1149,1058,1283,1751,1010,1705,1054,1355,1764,126,991,116,2065,1512,807,1984
353,117,1779,1951,1009,740,357,861,1387,1197,1214,92,74,31,1993,444,1995,498,823,35,1933
354,375,1133,677,1018,1684,806,1064,1718,1214,92,823,444,31,871,456,8,791,74,991,861
355,727,1833,221,14,93,1396,852,749,1058,1749,1740,1281,582,1577,1539,376,1381,711,1355,1703
356,1054,1058,1283,582,1751,1512,1010,1764,1705,1355,414,1149,448,1806,1281,1833,1721,1539,221,168
357,1350,1541,1214,444,861,2054,1933,1156,823,1995,1869,174,1581,1937,591,456,1712,958,31,8
358,1541,861,823,1995,1156,444,1214,1933,958,870,99,1350,2054,1581,195,713,2013,1969,2037,44
359,117,1779,1009,1387,740,1951,1933,31,444,1197,861,1684,1018,1064,375,1993,806,1214,74,498
360,1933,117,444,31,1951,861,1779,1197,740,1214,74,498,1995,823,1993,35,456,357,1009,1000
361,168,1406,1325,852,197,91,1286,1232,95,541,1533,1619,1289,1910,1665,1336,1503,1427,171,820
362,1783,171,513,799,2034,7,327,410,1588,1350,2054,870,1581,99,1937,1869,1541,44,1781,1156
363,727,1833,221,14,93,1396,749,852,1721,1577,582,376,1281,1740,1958,128,1512,1749,301,1705
364,168,1507,197,1325,852,1749,7,1783,1619,1727,1336,1665,891,91,648,949,1539,43,541,221
365,168,327,1507,1325,1665,1406,1749,1289,7,1783,1619,1336,91,852,949,1789,1098,1539,43,513
366,727,221,1833,14,1396,93,852,749,1281,1749,1118,1512,582,1283,1539,711,1192,1775,1703,1058
367,727,1833,221,14,1396,93,852,749,1281,1749,1703,1381,1539,1143,1118,1512,582,1740,1283,711
368,456,35,1796,8,1993,1197,498,92,31,1637,74,861,958,357,1214,823,444,1995,1156,44
369,1214,1541,861,1350,823,1156,444,2054,1995,1933,713,1869,174,1581,958,8,1937,1719,965,1781
370,1214,861,1933,1541,823,444,1995,1156,958,31,35,456,92,74,8,1796,1993,498,1637,1197
371,92,1197,498,1993,410,1214,1796,31,456,357,1933,35,1637,958,1541,74,965,8,1156,1588
372,1214,1541,823,444,1156,1995,861,1933,958,31,289,2054,1937,1350,456,92,1796,713,2037,1488
373,7,513,1783,2034,327,171,799,1325,1332,1400,544,1619,1200,1251,1506,1938,648,1207,973,1950
374,1522,1652,806,2012,1439,1973,375,236,1018,1718,846,378,1770,1064,1404,942,1684,237,990,1488
375,1721,301,1183,1958,1725,1856,109,727,1539,1923,763,128,1649,1381,1775,221,738,1054,299,1118
376,727,1833,221,14,1396,93,852,749,1281,1749,1539,128,1856,1118,582,1577,376,1058,1381,1740
377,1350,1640,2054,174,1541,561,1322,1869,2037,591,1621,1440,6,1699,1581,1214,1447,1995,861,958
378,31,74,456,1197,92,1214,375,1796,823,8,1018,35,861,357,1995,498,444,806,1993,1541
379,95,1775,1054,1058,1751,1283,711,582,1355,376,1118,1010,1512,1539,1705,1281,1143,344,1865,1721
380,498,8,92,357,456,31,35,1197,74,1637,1993,1796,958,1350,2054,861,1214,823,1541,444
381,1214,861,1156,823,444,1995,1933,1018,677,1541,375,236,1133,1684,591,1652,806,846,942,8
382,727,1833,221,14,93,1396,749,852,1856,1577,582,376,128,1281,1058,1749,1118,1740,1958,1725
383,444,861,823,1933,1214,1541,74,1156,1197,1995,31,357,456,591,8,117,35,92,498,1796
384,1640,806,1018,375,1042,1684,1144,1064,686,790,174,1948,1763,6,113,958,839,1621,713,1781
385,1541,1214,1995,861,1156,823,444,888,1770,1933,2012,958,1581,1522,1652,942,804,713,1796,236
386,1010,582,1058,1764,1751,1054,1283,1705,1512,1355,414,1281,1539,1833,1806,738,1749,1149,1865,448
387,168,1325,1336,1289,1449,1268,1975,1315,1867,1961,973,1232,91,1427,1000,1665,949,1286,1533,1954
388,1322,174,405,6,1621,870,410,1640,1699,171,1869,1156,2013,444,1440,1581,1022,2034,99,513
389,444,1541,1995,1933,823,861,1156,1214,958,456,31,92,289,35,74,1637,1197,2037,1993,1509
390,301,1183,1721,763,1961,299,109,1649,1692,1958,712,403,1775,1111,128,787,1856,65,1740,1449
391,456,958,35,1796,444,8,1993,1214,1197,289,498,92,861,823,31,1637,1541,44,1933,74
392,168,1325,799,171,7,513,91,1783,2034,1232,541,1954,1336,120,1507,166,1381,1975,1286,1320
393,168,541,1325,95,1507,949,2034,1315,171,7,648,197,166,799,1286,1954,1449,1727,1783,684
394,870,1350,1581,697,2054,1588,1712,2013,99,581,1937,1781,410,1995,513,1541,1719,1783,1097,525
395,236,1522,846,1652,378,1770,942,1488,2012,990,1276,888,905,122,2043,1851,729,521,759,1439
396,168,1507,1325,852,1406,1867,1910,1727,1619,1372,1315,1232,91,197,1865,1789,95,1289,43,1200
397,1541,1214,861,823,1995,444,1156,1933,958,92,1993,456,1637,31,289,713,8,2054,1796,498
398,31,498,92,1637,456,1796,1197,1541,357,444,8,35,1995,74,1993,1933,958,1156,861,1214
399,1541,1995,861,444,1214,823,1156,1933,958,1350,456,713,498,1581,8,965,1197,799,92,35
400,168,1325,171,1520,197,799,1315,1954,1507,513,912,200,1336,1975,2034,1503,541,948,1783,7
401,8,456,31,1637,92,1796,35,74,357,1197,1993,498,1350,861,1214,958,2054,823,1156,1995
402,1969,1384,934,205,195,262,174,1511,410,193,571,513,2034,798,794,23,99,1588,1783,327
403,1350,2054,713,174,1541,1869,958,1995,823,1621,444,1699,6,2037,1214,1581,1440,1937,861,1933
404,1350,2054,1541,1937,444,174,2034,2037,870,861,1214,2013,1783,823,327,99,1781,1869,1712,1995
405,1064,677,1133,1214,806,1018,375,823,444,1684,861,8,1770,1197,1995,888,378,1718,236,2012
406,444,823,1214,1995,861,1933,1541,1156,991,944,791,1480,2068,871,1750,227,2012,1322,1770,31
407,582,1010,1058,1054,1705,1355,1512,1764,1751,1283,414,448,1149,1806,1281,1539,1833,738,1749,711
408,410,1350,1783,1206,1781,513,799,2034,327,2054,153,1056,1937,1712,99,697,171,475,790,1921
409,168,1325,95,171,1427,7,541,1406,799,1507,1764,91,344,1954,1056,1397,1789,1200,327,852
410,301,1183,1721,1961,109,763,1649,299,1725,403,1740,1958,1856,712,1775,1111,43,128,1449,93
411,8,456,1796,31,74,35,92,1197,498,1993,1637,357,958,1214,289,861,1541,1933,444,1156
412,1933,117,31,444,1197,1951,861,1779,740,1993,1214,358,74,498,1995,823,35,456,357,1009
413,799,168,171,1783,7,648,513,268,327,1938,2034,718,265,541,2006,1461,20,1132,1863,1325
414,1214,861,444,456,8,74,823,1933,1995,31,498,92,1156,1197,1796,1541,35,357,1637,958
415,991,2068,236,1750,944,1480,2012,791,1522,1194,806,591,1018,871,1718,1447,990,378,1133,888
416,2054,1350,1621,958,1699,713,561,1640,1937,1719,1933,1192,1440,1322,1712,1541,918,823,1581,2037
417,2054,1350,1581,1937,1933,444,1541,1995,1214,861,713,965,1156,823,2013,1712,1869,1719,1509,870
418,456,8,74,31,498,92,1197,1796,35,1637,357,958,1993,289,1541,2037,1933,444,861,2054
419,498,8,1197,1796,92,456,357,31,1637,35,74,1993,958,1350,2054,861,1214,823,1541,444
420,8,498,456,31,92,1197,357,74,1637,1993,1796,35,861,1214,823,1541,444,1933,1156,1995
421,727,1833,221,14,93,1396,749,852,376,1577,1740,582,1283,301,1958,1449,128,1749,1281,95
422,410,1206,440,1588,2053,613,960,483,698,145,779,153,255,1272,733,1921,544,105,1186,1100
423,799,513,7,2034,171,1783,541,327,949,1588,1206,1320,2053,1097,410,1781,1332,1541,268,1056
424,1214,823,1541,444,861,92,2054,1350,1719,1156,8,357,1995,498,1581,870,2013,1588,1097,456
425,168,1325,1507,1232,2034,799,171,7,1336,1286,973,1406,1783,1975,952,95,1665,91,1503,949
426,456,31,498,8,74,1796,1637,1993,92,35,1197,357,289,958,740,44,117,1640,1779,561
427,582,1283,1054,1751,1058,1705,1010,1512,1355,1764,414,1149,448,1806,1833,1281,221,1721,1539,727
428,1214,1933,444,823,1995,861,1541,1156,1018,375,806,1652,2012,236,1718,1973,1064,846,378,1522
429,456,31,498,8,74,1796,1637,1993,92,35,1197,357,289,958,1133,677,740,44,117,1779
430,440,1206,483,1588,613,1186,1320,1192,2034,1783,344,1156,1938,410,1781,544,268,1272,1821,1056
431,301,1721,1183,763,1961,299,727,1958,1649,128,109,712,852,93,1539,403,1775,1833,1054,221
432,1197,498,8,31,456,74,357,35,1796,92,1993,1637,958,1214,289,861,1541,1933,444,1156
433,498,74,456,357,92,1214,8,31,35,1197,1993,1796,1637,444,1933,861,1995,1156,823,1541
434,498,456,8,1796,74,35,357,31,92,1993,1637,1197,958,1995,1541,444,1214,289,861,2054
435,168,1325,1054,1954,171,852,799,1727,1975,1132,1315,973,579,1056,1232,2034,1783,1961,1507,1512
436,582,1283,1054,1751,1058,1010,1705,1512,1764,1355,414,1149,448,1806,1833,1281,1539,168,221,14
437,117,1779,1009,1387,740,1951,861,1933,444,1214,74,1197,1995,31,823,1541,357,1156,456,8
438,301,1721,1183,1961,109,763,299,1649,1740,43,1958,1923,712,1856,403,1111,1775,1692,128,265
439,861,456,8,1214,74,35,498,1637,1796,92,1993,823,444,1995,1156,1197,289,31,357,1933
440,301,1721,1183,1961,763,109,299,727,93,1958,1649,128,852,1833,712,1539,403,1111,1775,221
441,727,1833,221,14,1396,93,852,749,1721,128,1577,582,1703,1281,376,1740,1512,301,1749,1705
442,1214,444,1933,861,1995,1156,823,1541,958,92,31,456,2054,1197,1637,375,35,965,942,1993
443,171,1783,513,2034,7,327,799,410,1588,1447,1869,697,174,1322,591,1581,227,918,1201,6
444,498,456,8,1796,74,35,357,31,92,1993,1637,1197,958,1541,444,289,1995,1214,861,2054
445,991,1480,791,2068,944,871,1750,236,846,1447,1869,2012,1488,591,1522,942,378,1770,1350,888
446,375,1064,1133,677,1018,1684,1718,806,1214,92,823,444,31,1973,871,456,8,791,74,991
447,168,1325,95,949,171,541,7,1054,1727,1619,1507,1954,2034,1975,891,166,1381,1336,1783,799
448,168,1325,1507,541,7,91,2034,799,344,171,1954,1619,852,1272,949,1320,95,1449,891,1372
449,1541,1933,444,1214,1995,861,456,823,1350,8,74,35,1156,174,498,1637,1796,92,1993,2054
450,727,1833,221,14,1396,93,749,852,128,582,1577,376,1281,1740,1381,1749,711,1856,1539,1703
451,1214,861,444,1541,1995,1933,1156,823,2013,1350,1197,31,870,1869,1937,2054,174,357,92,498
452,1214,1541,823,861,1933,1995,444,1156,958,1869,1322,713,1350,965,2037,2054,375,1018,942,525
453,95,1751,1283,1058,1775,1705,1054,1010,582,711,1118,1143,1764,1865,1149,376,1355,1396,221,128
454,456,35,1796,8,1993,1197,498,92,31,1637,74,357,958,1214,289,861,1541,1933,444,1156
455,168,1512,1315,670,1507,1010,1058,1054,1283,43,1727,200,1705,1289,1427,1751,2034,197,1557,138
456,958,1350,289,1541,2054,2037,444,1781,861,713,35,1156,92,1719,1796,1097,498,8,870,1214
457,727,1833,221,14,1396,93,749,1281,852,582,128,1751,1283,1058,1539,1118,1856,1054,1749,403
458,1588,513,1783,410,799,171,7,2034,327,1719,790,1712,918,861,1322,1201,581,1097,934,1781
459,1064,677,1133,1214,806,1018,92,375,456,823,444,31,74,1684,35,498,8,357,861,1993
460,727,1833,221,14,1396,93,852,749,1281,1186,1512,1749,1539,582,1058,483,128,1192,301,291
461,1480,2068,944,991,871,444,1018,1064,1684,1750,823,1133,861,375,806,1933,791,903,1214,1541
462,1951,1779,740,1009,1387,117,2037,960,1614,410,132,1948,1100,698,1763,787,1621,1516,1065,1975
463,958,289,35,456,1796,8,498,74,1197,44,92,2037,31,357,444,1541,1993,1869,1933,174
464,375,1064,1018,1684,1718,677,806,1133,871,791,991,1750,2012,944,1439,1770,2068,888,1851,378
465,1010,582,1058,1764,1751,1054,1283,1705,1512,1355,414,1539,1281,1833,1806,1749,1149,448,711,738
466,958,444,870,1995,1541,1214,861,1719,1522,1770,1156,1652,1581,1781,1933,2012,1439,1973,74,581
467,168,852,1325,1427,1232,1315,171,952,91,799,1406,1507,1449,1954,579,1056,1789,1512,95,1200
468,168,1325,95,1507,2034,1054,171,1665,1512,7,949,1975,197,1286,799,1058,1954,582,1336,91
469,168,1325,648,912,1727,1619,1954,95,948,949,1749,670,2034,1507,973,7,1272,1427,1336,579
470,1541,1995,1933,1214,444,823,1156,861,958,31,456,92,1637,2054,713,498,35,1993,289,74
471,168,1054,1336,1232,582,171,1058,840,541,1325,1867,1512,7,1954,1010,1449,799,1315,513,1355
472,727,1833,221,14,93,1396,749,852,1281,1512,301,1749,1539,582,1058,291,1856,1751,128,1118
473,870,1541,1969,195,99,958,861,581,444,156,1995,205,1781,1588,823,262,794,1156,934,798
474,1541,1214,861,823,1995,444,1156,1933,958,2054,1993,289,92,456,1350,1637,31,713,1581,8
475,1350,1206,410,1995,1937,1097,1719,918,2054,1933,444,861,1156,1763,1541,823,1214,960,519,1583
476,1541,444,861,1214,1156,823,1933,1995,958,498,456,35,8,92,1581,2054,1350,1719,2037,289
477,582,1010,1058,1054,1705,1355,1512,1764,1751,1283,414,448,1149,1806,1281,1833,1539,944,991,711
478,1058,1010,582,1054,1512,1705,1283,1355,1764,1751,414,448,1149,1806,1281,1833,1721,1539,221,1118
479,1783,171,1350,7,799,513,1712,2034,1719,44,2013,2037,918,1781,1201,1697,581,1509,713,1056
480,95,1283,1751,1058,1775,1054,1010,582,711,1705,1118,1865,1143,1764,128,376,1149,1355,1396,541
481,168,95,1325,852,1381,1315,579,541,1507,1975,1132,1289,1725,1512,952,1232,1010,344,1058,1705
482,456,35,1796,8,1993,1197,498,92,31,1637,958,1995,1541,74,357,444,1214,289,861,2054
483,168,1325,171,299,1975,7,1961,1783,1372,2034,43,912,1336,200,1507,1520,948,1954,1619,91
484,1541,1214,861,1933,444,1995,823,1156,958,456,31,498,74,8,92,1197,1993,1637,1796,289
485,168,1268,1954,541,1325,852,1336,1665,1727,1867,1789,1315,973,1289,1961,1200,1149,1232,166,1619
486,168,1325,91,197,1372,541,171,1200,1975,579,1954,1286,1232,1961,2034,949,1336,1503,1727,7
487,1869,7,1156,513,799,1588,2034,2037,410,444,861,1783,405,1322,327,171,1201,2054,1350,918
488,1214,861,444,1541,1156,823,1995,1933,958,31,92,456,1197,1993,713,1637,498,35,2054,74
489,823,1214,1156,861,444,1541,1933,1995,846,1770,958,942,525,1652,1973,1581,2012,236,1522,888
490,958,289,2037,44,35,456,1056,1541,1156,2054,92,8,444,1933,1796,965,498,74,1350,174
491,1581,1350,1869,174,1588,2054,410,1712,1206,1541,44,2013,444,1937,289,1933,697,1783,713,513
492,168,1054,1232,171,1512,1058,7,2070,541,1325,582,1665,91,684,1449,1381,1705,891,1954,1336
493,456,35,1796,8,1993,1197,498,92,31,1637,74,357,958,1214,289,861,1541,1933,444,1156
494,301,1721,1183,763,1961,299,109,1649,1958,712,403,1775,1111,128,43,1740,1449,1054,1381,1749
495,168,1325,171,95,1783,7,513,2034,541,1406,799,1551,1764,1507,1954,1427,91,1286,852,1684
496,1214,861,444,456,8,74,823,1933,1995,31,498,92,1156,1197,1796,1541,35,357,1637,958
497,958,456,35,289,8,74,498,1796,1197,92,31,357,1993,2037,1541,44,1933,1637,444,174
498,958,456,1796,92,498,74,35,8,31,1197,1637,1993,357,1541,444,823,861,1214,1995,44
499,513,7,1783,327,799,171,2034,410,1588,1581,1541,2037,444,1933,2054,1719,1214,1156,1937,1097
500,1783,799,171,513,7,2034,327,410,1588,1719,790,1712,918,861,581,1097,1781,713,949,1581
501,456,35,8,1796,1197,1993,498,92,31,1637,74,357,958,1350,2054,861,1214,823,1541,444
502,582,1010,1058,1054,1764,1705,1355,1512,1751,1283,414,448,1149,1806,1281,1539,1833,1865,1749,711
503,74,1350,1640,861,1214,823,1541,1621,444,2054,1322,1933,8,456,1699,713,1156,958,6,1995
504,375,1064,1018,1684,1718,677,806,1133,871,791,991,1750,2012,944,1439,1770,2068,888,378,691
505,1350,1541,1214,444,861,2054,1933,1156,823,1995,1869,1937,174,591,991,456,958,697,31,1581
506,1064,677,1133,806,1018,375,1684,1214,1770,1995,823,888,1652,1156,1933,378,444,861,1522,236
507,791,1097,227,799,1342,944,1522,1869,378,991,1276,697,677,888,1480,2068,942,1046,544,405
508,1783,44,7,799,513,1541,1214,1156,171,444,2034,958,1097,823,327,861,2037,1995,697,1461
509,1010,582,1058,1764,1751,1054,1283,1705,1512,1355,1539,1281,1775,414,711,1749,1143,1381,1833,1118
510,444,1018,1064,1480,1684,823,1133,2068,861,375,806,1750,944,871,1933,991,791,903,1214,677
511,174,1869,1781,1350,2013,327,410,2034,289,68,1932,1284,713,99,2054,1712,1097,405,799,804
512,456,8,35,498,74,1197,31,1796,92,1637,357,1993,958,444,1214,289,2054,2037,44,861
513,1018,1684,1064,375,1718,806,1133,677,823,1214,444,1995,531,963,434,1692,861,691,1624,1156
514,456,31,498,8,74,1796,1637,1993,92,35,1197,357,289,958,1133,44,677,1995,2037,1022
515,727,1833,221,14,93,1396,852,749,1058,1281,128,1512,1721,1749,1539,582,1764,1054,1856,1751
516,727,1833,221,14,93,1396,852,749,301,1058,1281,128,1512,1721,1749,1539,582,1764,1192,1054
517,1350,591,1447,35,92,2054,1796,8,456,1197,74,289,1640,357,1937,174,1214,1869,498,31
518,991,791,1480,1750,944,871,2068,1214,861,444,591,227,1447,1933,823,1973,1541,174,1439,1350
519,456,35,1796,8,1993,1214,1197,444,498,92,861,31,1637,823,1541,1933,74,958,1156,357
520,410,174,171,1783,1869,799,1588,327,2034,7,1541,513,1350,444,870,99,1933,1214,713,861
521,727,1833,221,14,1396,93,852,749,1281,582,128,1749,1703,1577,1751,1058,1283,1958,1118,1721
522,117,1387,1009,1779,740,1951,444,591,1995,1933,1214,823,1541,1064,1018,31,1156,871,861,944
523,168,1507,799,1325,197,1336,171,2034,1268,1406,912,1315,1867,1783,1232,7,95,1865,852,973
524,1951,1779,740,1009,1387,117,2037,579,960,1614,132,105,1948,1100,934,787,1506,1516,1763,197
525,92,1197,498,1993,1214,1796,31,456,357,1933,35,1637,958,1541,74,8,1156,823,2054,289
526,1581,1439,1404,1541,1995,444,1973,1350,713,870,1156,2054,410,823,1712,2013,99,1588,1937,1933
527,1214,861,444,456,8,74,823,1933,1156,1995,31,498,92,1197,1796,1541,35,357,1637,958
528,174,1869,1322,1567,475,298,1284,804,99,2013,870,1969,1559,1440,1621,697,1781,1022,68,2037
529,1933,117,31,444,1197,1951,861,1779,740,1993,1214,74,498,1995,823,35,456,1022,357,1009
530,870,1588,1781,410,99,327,2034,289,1969,794,1581,2037,799,934,1995,581,195,1712,513,1541
531,444,1973,1541,1439,1995,1404,823,2013,1156,1214,991,995,861,1342,113,1933,804,1284,909,2068
532,1214,1541,444,823,861,1995,1156,1933,1973,375,1404,958,1350,713,1439,1581,2054,1937,498,1018
533,727,1833,221,14,93,1396,852,749,1749,1281,1381,1539,1143,1118,582,1740,1703,483,1283,711
534,740,1779,1387,1009,1951,117,1449,1650,483,891,1188,1971,2037,153,817,429,960,44,420,337
535,2034,513,1783,7,327,171,799,1621,1322,1440,1350,410,561,1699,174,6,1588,1640,1937,2002
536,498,8,1197,1796,92,456,357,31,1637,35,74,1993,958,861,1214,823,1541,444,1933,289
537,456,92,958,8,74,35,498,31,1197,357,1993,1796,1541,1637,444,289,1995,1933,1156,861
538,1214,1541,1995,444,861,1933,1156,823,31,1197,92,1796,958,498,1350,74,357,2054,456,1522
539,1064,677,74,861,1133,31,1214,806,823,1018,8,375,444,456,713,1684,1156,1933,498,1770
540,1750,791,1439,1973,1522,871,942,1488,870,236,846,1652,1404,1937,990,697,991,944,1770,2068
541,236,1522,846,1652,378,1770,1684,942,1488,1064,2012,806,1718,990,1276,375,1018,888,1439,1133
542,1214,823,1933,1350,2054,1541,444,861,1995,1156,1937,289,1781,791,1719,1973,1439,99,1581,697
543,727,1833,221,14,93,749,1396,852,1577,1740,376,582,1856,128,1749,1281,1058,1054,1751,1283
544,375,1133,677,1018,1684,806,1064,1718,1214,823,456,444,31,74,871,8,498,791,357,991
545,727,1833,221,14,93,1396,749,852,1058,1281,128,301,1749,1856,1539,582,1764,1512,1054,1751
546,1541,1995,861,444,1214,823,1933,1156,958,289,1350,456,713,2037,35,8,965,1197,92,2054
547,2054,1350,1588,410,195,1937,1969,697,262,1781,205,1712,2013,713,794,934,799,99,1384,156
548,727,1833,221,14,93,1396,852,749,1281,1749,1577,582,1058,1740,128,1143,711,1118,1381,1539
549,498,8,1197,1796,92,456,357,31,1637,35,74,1993,958,861,1214,823,1541,444,1933,289
550,727,1833,221,14,1396,93,852,749,1058,1281,128,1186,1512,1749,1539,582,483,1764,1192,301
551,1214,1541,823,444,1156,1995,861,1933,456,92,35,8,958,1796,498,31,1350,74,1993,1637
552,727,221,1833,14,1396,93,852,749,1281,128,582,1118,1058,1749,711,1775,1355,1539,483,1705
553,168,1325,949,541,852,1954,171,1727,912,1449,1975,1320,1961,579,1232,166,1551,2034,1619,670
554,174,1783,171,1869,799,7,2034,513,327,2013,99,1588,410,804,1350,113,1781,713,68,870
555,1541,1995,444,456,1214,8,74,35,498,861,1637,1796,92,823,1993,2054,1197,289,31,1869
556,168,1325,171,1954,799,541,513,1336,2034,1268,1867,1315,1783,7,1232,852,1449,1533,1975,1961
557,1214,456,35,1796,8,1993,1197,444,1933,498,92,861,1995,1156,31,1637,823,1541,74,958
558,991,2068,1750,944,791,871,1480,1447,1439,591,227,1973,1522,870,1770,2012,804,236,1937,942
559,791,591,2068,227,1480,174,1350,1509,944,991,1712,1933,1750,1201,871,1439,444,965,697,823
560,1214,444,1933,861,1995,1156,823,1541,958,92,31,456,1197,1637,8,1796,1993,498,35,289
561,2054,1350,174,1781,1937,1206,1440,1712,1719,1022,6,99,1097,1869,2013,405,870,1621,581,1699
562,991,791,1480,1750,944,871,2068,1214,861,444,591,227,1447,1933,823,1973,1541,174,1439,1350
563,727,1833,221,14,93,1396,749,852,1749,1281,1577,582,1058,1512,1283,1740,1703,1539,1705,1381
564,498,8,92,357,456,31,35,1197,74,1796,1637,1993,958,1350,2054,861,1214,823,1541,444
565,498,8,1197,1796,92,357,456,31,1637,35,74,1993,958,861,1214,823,1541,444,1933,289
566,1541,1995,444,1869,174,1581,1350,713,1156,2054,823,1937,1933,525,1214,99,861,1097,1322,1201
567,301,1721,1183,109,1958,763,1961,1649,299,1775,403,1111,128,727,1740,712,1539,43,1283,376
568,444,1541,1995,958,861,1214,823,1156,1933,2037,289,713,44,74,2054,1781,581,1350,525,456
569,168,1325,1427,1315,171,1507,1000,91,799,1503,1406,1954,852,1789,1727,952,1512,840,1132,364
570,591,1447,1350,1214,823,1933,2054,1937,1541,444,861,1480,2068,871,991,1995,1869,1156,1750,791
571,2054,1350,195,1937,1969,1781,1712,2013,713,934,99,823,581,156,870,798,571,1973,262,1439
572,301,1721,1183,763,1961,299,1649,109,1958,712,1775,403,128,14,1856,1111,43,1740,1449,1054
573,410,1783,1588,513,799,7,2034,327,171,1869,1937,1781,697,227,2013,444,2054,1350,870,1023
574,1933,1156,861,1214,444,823,1995,1541,1581,2013,1973,74,1350,1197,870,1439,791,1133,1404,31
575,991,1480,871,1750,2068,791,944,1214,2043,759,621,236,729,1439,1851,528,1793,1592,2012,1898
576,1541,444,1995,1214,861,823,1933,1156,1350,958,713,2054,456,289,525,965,92,1937,378,2013
577,1783,799,7,513,2034,327,171,1588,1350,410,2054,697,99,1937,1781,1995,581,870,1541,1719
578,1133,677,1214,823,375,1018,444,1770,1995,861,1064,1439,1156,1541,888,806,846,1342,1973,2012
579,1541,1214,861,1933,444,1995,823,1156,958,31,2054,1350,92,1796,289,35,498,357,1993,1719
580,1876,1507,120,1274,1042,1100,650,1984,1696,544,998,949,1400,126,1391,1506,896,1418,1832,1308
581,1783,2034,171,7,327,410,513,1588,799,174,1440,1322,1869,1581,1640,1699,1621,581,6,1332
582,1156,1214,1995,444,1522,861,846,2012,823,1488,1541,942,1652,236,888,1770,378,525,1933,1718
583,236,1652,846,1770,1522,2012,378,990,1488,1276,942,888,905,759,2043,122,1108,594,1851,1793
584,8,456,1796,31,74,35,92,1197,498,1993,1637,357,958,1214,289,861,1541,1933,444,1156
585,378,846,1652,236,1064,1522,1718,1488,375,806,1770,942,990,1018,2012,1684,1276,888,2043,729
586,8,456,31,74,1197,35,1796,498,92,1993,1637,357,1779,117,444,1541,740,1933,1009,958
587,1018,375,1684,677,806,1133,1652,1064,1480,942,236,1718,991,378,1522,871,791,2068,1750,1276
588,905,122,2043,1851,729,521,759,888,1793,1770,1718,1592,839,2012,1522,806,1108,1652,679,942
589,1869,7,1156,513,799,1588,2034,787,410,444,861,1783,1511,405,1322,327,171,1201,2054,483
590,168,1325,95,171,852,1054,7,1749,1503,541,1539,1315,91,1336,1381,1512,1507,1427,648,1954
591,414,448,1806,582,1149,1058,1283,1751,1010,1705,1054,591,1355,1764,807,126,991,1512,1400,432
592,35,456,1796,958,8,498,1197,289,92,31,357,1993,74,174,1869,1637,1214,1541,861,1995
593,289,2037,44,958,35,456,1541,1156,2054,92,1056,8,444,1933,1796,965,498,74,1350,174
594,1783,7,2034,1588,327,171,410,1541,513,799,1350,444,1156,1214,823,1995,861,1933,870,1763
595,301,1721,1183,109,1958,763,1961,1649,299,1775,403,128,727,1283,1111,1740,712,1539,43,852
596,8,498,1993,456,1197,357,1637,92,1796,31,74,35,958,1214,289,861,1541,1933,444,1156
597,1783,171,7,513,799,327,2034,410,1588,1350,2054,870,1581,99,581,1937,174,1712,2013,697
598,174,1869,1022,1995,1156,1933,1322,861,1214,1541,444,1567,787,2037,823,804,99,2013,1284,870
599,8,456,1350,74,958,677,1197,1993,861,1133,1214,823,1541,1796,444,1933,2054,31,357,92
600,791,1692,434,1097,963,691,1870,1133,227,799,944,1522,1869,1480,991,697,677,2068,942,378
601,1214,1541,823,861,1933,1995,444,1156,958,713,2054,2013,31,965,1350,1509,1869,456,525,1197
602,301,1721,1183,109,763,1961,1649,299,403,1958,1740,712,1775,1111,43,128,1449,265,1118,1539
603,1350,591,1447,1214,823,1933,2054,1869,1937,1541,444,861,1995,791,1156,1567,991,524,804,174
604,958,289,44,2037,35,456,1541,1156,92,8,444,1933,1796,498,74,174,1214,861,1995,1869
605,1581,1718,870,1064,8,1350,74,1018,888,1541,1712,1995,1933,410,806,99,677,1937,1214,1684
606,301,1183,1721,1961,1740,1111,109,727,763,1649,299,1539,1958,1775,128,1577,376,712,1856,1283
607,168,1325,852,171,1315,1975,1954,91,1507,1427,1372,1449,197,799,1512,95,2034,1056,1783,671
608,301,1721,1183,109,763,1961,1649,299,43,1923,1958,1740,712,403,1775,1111,128,265,1406,1396
609,456,35,1796,8,1993,1197,498,92,31,1637,74,357,958,1214,289,861,1541,1933,444,1156
610,727,1833,221,14,93,1396,749,852,1577,1740,301,582,1283,1958,1749,1281,1054,1751,1058,1721
611,944,1480,903,991,236,791,1522,806,1018,2012,990,1194,1750,2068,378,942,871,1718,1652,1684
612,168,1325,197,541,1507,91,1449,579,1619,344,1056,1381,171,1954,949,166,1634,1315,1400,1697
613,1783,171,327,2034,513,174,799,7,918,1869,1350,6,1588,1201,410,1781,2054,1640,405,1937
614,168,1325,197,1954,1289,949,912,579,1232,299,1975,1503,265,1619,1727,671,1336,1512,1268,820
615,1064,1684,806,375,823,1718,1018,1156,444,1541,1995,1221,861,713,525,1933,1214,1404,1439,1973
616,35,498,456,92,8,1796,1197,31,357,1993,958,74,1637,289,1214,1541,861,1995,1933,2037
617,1018,1684,375,1718,806,1064,1133,677,1770,1750,1480,944,871,99,531,1692,691,434,719,1194
618,1869,174,1969,1783,799,410,1781,870,327,171,7,99,513,23,195,262,2034,1384,934,581
619,2037,44,1869,787,2013,790,1712,195,960,1781,1969,1214,2054,1921,870,444,1973,227,1022,174
620,1350,1541,1995,444,823,2054,870,1869,1214,1933,2034,174,1447,591,861,1937,1783,1781,513,1712
621,444,861,823,1933,1156,1995,1214,1541,456,35,958,8,1796,1197,1993,498,92,289,31,1637
622,236,1064,1018,1652,1684,944,991,1522,1718,1750,375,806,1488,846,2012,1480,942,378,1276,871
623,1350,1488,870,861,1214,1770,1541,8,31,1522,1197,92,1995,2054,357,1937,823,236,456,74
624,444,1995,1933,117,1214,823,1541,31,1156,1951,861,1779,44,958,35,1197,1796,498,74,740
625,1156,1214,99,1995,1350,444,870,581,861,1781,823,1541,1796,410,498,2013,1719,1933,35,456
626,1995,1933,861,444,1214,1156,1541,498,1796,823,1197,456,8,92,31,74,1993,35,1637,958
627,823,1214,861,1156,444,1541,1933,1995,958,1581,888,1719,1770,2012,1488,92,730,1783,1097,513
628,727,1833,221,14,1396,93,749,852,128,376,1577,582,1703,1281,1740,1721,1512,301,1749,1958
629,861,1541,1214,1933,823,444,1995,1156,92,456,31,1796,74,8,1197,35,958,1993,498,1637
630,1933,444,861,1995,823,1541,289,1214,1156,958,1197,1350,74,31,8,174,1796,456,1869,35
631,727,221,1833,14,1396,93,852,749,1281,582,1283,128,1058,1749,1118,1512,1054,1705,1751,711
632,444,823,861,1933,1214,1541,74,1156,1197,1995,31,357,456,591,8,117,35,92,498,1796
633,456,35,8,92,498,958,74,1197,1796,31,289,357,1637,1993,2037,444,44,1541,1350,1214
634,1933,1156,861,1214,444,823,1995,375,1541,1018,1522,1652,1770,806,2012,1439,1973,236,1718,888
635,1684,1064,806,1718,375,1018,677,1133,1770,1750,1480,944,871,531,1692,691,434,719,1194,1652
636,1214,92,456,823,444,31,74,1973,35,498,8,357,861,1993,1133,1541,2012,1439,1197,1796
637,727,221,1833,14,93,1396,852,749,1281,1749,128,711,582,1577,1058,1740,1118,1143,1381,1539
638,1214,1541,823,861,444,1933,1995,1156,958,713,1869,31,799,2054,965,456,2037,1197,8,74
639,1214,444,823,1541,861,1933,1995,1156,958,92,31,2054,456,713,1993,1637,35,965,498,289
640,727,1833,221,14,93,1396,852,749,301,1058,1281,128,1512,1721,1749,1539,582,1764,1054,1856
641,1214,1995,1541,1156,861,444,823,1933,958,31,1018,375,92,456,1197,35,1993,713,498,1637
642,677,806,375,1064,1718,1684,804,1133,1018,991,871,995,1750,1284,68,2068,1586,1023,2012,791
643,727,1833,221,14,93,852,1396,749,1058,1281,128,1512,1721,1749,1856,1539,582,1764,1054,1751
644,727,1833,221,14,1396,93,749,852,1703,1281,1381,1749,1512,582,1740,301,1539,1283,1118,1186
645,168,171,1507,7,799,541,1325,852,1954,2034,1619,1783,43,327,513,166,1763,949,2053,197
646,727,1833,221,14,93,1396,749,852,1577,582,1281,1740,1703,128,1512,376,1381,1749,711,1856
647,456,31,498,8,74,1796,1637,1993,92,35,1197,357,289,958,561,740,1779,6,44,117
648,174,1933,1869,1214,861,1541,444,823,870,1995,513,1712,2013,1156,99,1932,1588,327,410,2034
649,727,1833,221,14,93,852,1396,749,1281,1749,1703,1118,1512,582,1539,1740,1381,711,483,1186
650,168,1325,1427,852,171,1954,799,91,1372,1507,1320,197,1449,1789,95,2034,1200,579,1783,952
651,8,456,31,74,1197,35,1796,498,92,1993,1637,357,117,1779,1951,1009,740,958,861,1387
652,1214,444,861,1541,823,498,74,456,1933,1995,958,357,92,1156,8,31,35,1197,1993,1796
653,301,1721,1183,763,1961,1958,299,1649,109,1775,128,727,1283,712,1539,1740,403,43,852,376
654,991,1480,1750,871,944,2068,791,1439,1973,1447,591,1712,236,2013,227,697,1350,262,870,174
655,1214,861,444,823,1933,1156,1995,1541,31,8,74,456,1197,92,1993,498,944,1637,1796,991
656,456,31,498,8,74,1796,1637,1993,92,35,1197,357,289,958,561,6,44,1640,1995,1186
657,410,799,7,171,513,2034,1783,1588,327,2054,1350,1541,1322,1869,1937,1621,1097,444,1581,1699
658,1480,1018,1064,1684,991,1133,823,871,2068,375,806,1750,944,791,1214,1933,677,1541,74,444
659,1783,410,444,1214,1541,513,799,2034,823,171,1350,861,1869,1995,7,327,1588,1156,1581,1933
660,7,513,1783,2034,327,171,1100,405,787,918,799,541,1516,1325,1022,949,715,1400,1438,1971
661,823,1214,1156,1350,444,2013,1781,861,1770,2054,236,1541,1488,888,870,2012,713,1522,942,1652
662,727,1833,221,14,93,1396,852,749,301,1058,1281,1512,1749,1721,1539,582,1764,1054,1856,1751
663,168,1325,1749,1381,171,949,1507,7,1539,197,1619,2034,1783,43,711,91,1954,1336,852,1503
664,958,289,35,456,2037,44,1541,1156,92,8,444,1933,2054,1796,498,74,1350,174,1214,861
665,410,513,1588,1783,171,174,7,327,799,2034,1869,1712,2037,1201,1350,870,918,787,2054,23
666,727,1833,221,14,1396,93,852,749,582,128,1281,1118,1058,1749,1283,1539,1775,95,1705,1751
667,991,1480,944,1750,2068,791,871,1219,1851,1592,1793,1214,1108,591,122,861,1898,521,444,227
668,168,197,1232,513,1325,1520,1336,1867,670,731,541,1783,7,949,904,1557,1315,1975,1406,1289
669,1541,1214,861,823,1933,444,1995,1156,958,31,2037,456,1197,74,1097,1509,92,1350,2013,1581
670,168,171,799,7,1783,327,2034,1954,1325,1381,1149,513,1289,1427,1320,1336,91,1539,949,43
671,1783,2034,171,7,327,410,513,1588,799,174,1869,1581,1440,1712,581,1322,1100,1781,1621,1022
672,591,1447,444,1995,1933,117,1214,823,1541,31,1156,1869,1951,861,1779,174,44,958,35,1197
673,1541,1214,861,444,823,1995,1933,1156,958,713,1719,1404,1439,456,498,1097,31,1350,1973,2013
674,727,1833,221,14,93,852,1396,749,1577,1721,1740,376,1856,582,301,1283,1958,1725,128,1749
675,456,8,1796,35,31,74,289,92,1197,498,1993,1637,958,357,1541,444,1933,1156,1995,861
676,168,1325,1512,1054,95,1751,1381,1961,1749,582,1954,1336,1705,1283,2070,1355,579,1507,1232,1058
677,168,1325,1954,171,1320,91,949,579,541,1503,1619,1961,197,2034,1315,1336,1512,95,820,1427
678,168,1954,1325,1315,1289,1975,1406,949,91,541,1507,1427,1551,247,1381,197,1232,1058,116,1665
679,168,1512,95,541,1764,852,1010,1054,1954,1727,1507,582,1705,1751,1725,1961,1289,973,575,1325
680,174,1869,870,1588,99,1581,1712,410,1350,513,2054,581,2034,327,1783,697,2013,227,7,1447
681,456,8,1796,35,31,289,74,92,1197,498,1993,1637,958,357,1541,444,1933,1156,1995,861
682,168,852,1325,171,91,1232,1406,1954,541,579,1619,1132,1533,197,1503,1336,1512,95,949,2034
683,168,197,949,1954,1512,1381,1727,1665,1289,1281,1325,648,973,912,541,91,1336,1418,1507,1268
684,1541,444,1214,1995,861,1350,1933,74,1156,174,1322,1640,823,8,1869,1581,2054,1621,1796,31
685,823,8,1350,1214,1995,456,1541,1933,871,2068,958,74,444,1770,861,677,2054,1197,1993,1447
686,8,74,1197,31,1796,92,456,357,35,498,1637,1993,591,1447,289,1214,1770,1541,1933,2054
687,823,1214,1156,444,861,1541,1133,1933,1995,1770,1064,2054,375,2012,227,2013,74,1509,1652,591
688,1018,1064,1684,375,806,1133,677,236,1652,1718,1750,871,791,991,1522,944,2068,1488,846,2012
689,92,1197,498,1993,1214,1796,31,456,357,1933,35,1637,958,1541,74,8,1156,823,289,1995
690,1488,1133,991,1770,236,2068,1480,944,677,2012,1750,1522,791,1276,942,1652,888,846,591,871
691,1480,944,1522,991,236,791,1652,2012,1750,942,2068,871,1018,378,677,990,1156,1276,1488,846
692,1779,117,444,740,823,861,1009,1933,1387,1214,1541,1951,74,1156,1197,1995,31,357,456,591
693,410,1781,870,513,1783,1588,799,7,2034,99,327,171,289,1541,958,2037,1969,794,1995,1581
694,1969,174,794,1567,195,1384,262,475,1559,298,1284,804,99,205,870,697,1869,934,23,1781
695,1933,117,31,444,1197,1951,861,1779,740,1993,1214,74,498,1995,823,35,456,1022,357,1009
696,727,221,1833,14,1396,93,852,749,1281,1749,1703,1577,582,1512,1058,1283,1740,128,1721,1143
697,727,1833,221,14,93,852,1396,749,1281,1577,582,1058,1740,1749,1703,1751,128,1512,1054,376
698,1541,861,823,1995,1156,444,1214,1933,958,1581,1973,1719,525,888,1097,1439,1522,1488,846,2012
699,1541,444,861,1214,1156,823,1933,1995,958,35,456,92,8,74,31,1796,289,1993,498,1637
700,456,35,8,1796,1993,1197,498,92,31,1637,74,357,958,1214,289,861,1541,1933,444,1156
701,1779,117,1009,1387,740,1951,1933,31,444,1197,861,944,1684,1018,1133,1064,375,677,871,1993
702,1350,174,1869,289,2054,2013,410,958,2037,444,171,44,1541,1933,1156,92,35,861,1214,113
703,174,1350,1869,2054,99,1781,1284,870,861,1712,804,2013,2059,1342,1937,1214,581,1541,698,697
704,1869,1541,174,861,1350,444,870,1781,99,823,410,1156,713,2054,1022,1588,1933,1214,581,1581
705,1541,1214,861,1995,823,444,1156,1933,1350,2054,713,1937,958,1719,2013,1439,1581,92,525,965
706,787,1969,1322,174,794,1541,1567,195,1384,262,475,405,1559,1869,298,1284,804,99,205,2013
707,8,456,1064,74,677,1197,1993,861,1133,1214,806,823,1541,1796,1018,375,444,1933,31,357
708,719,434,1692,691,963,1624,531,1718,791,1684,1064,1097,1133,227,806,799,944,1522,1869,1480
709,1541,1995,861,444,1214,823,1933,1156,958,1350,965,942,2054,375,1488,31,1719,990,2012,2037
710,456,31,498,8,74,1796,1637,1993,92,35,1197,357,289,958,44,1640,561,1995,6,2037
711,677,806,375,1064,1718,1684,1133,1018,991,871,1750,2068,2012,791,1480,944,1770,823,846,888
712,95,1775,1058,1751,1283,1143,711,1054,376,1381,1396,582,1118,1281,1010,1539,1512,1705,1721,1749
713,444,1995,1933,117,1214,823,1541,31,1156,1869,1951,861,1779,44,958,35,1197,1796,498,74
714,727,1833,221,14,1396,93,749,852,1058,1281,128,1749,1856,1512,1539,582,1764,1054,1751,1118
715,727,221,1833,14,93,1396,852,749,1281,1856,1058,128,1749,1577,1539,582,1751,1721,376,1118
716,301,1721,1183,763,1961,1649,1958,1775,1054,1111,712,403,1923,299,128,727,1740,1539,1749,1381
717,958,289,2037,35,456,44,1541,1156,2054,92,8,444,1933,1796,498,74,1350,174,1509,113
718,1869,1350,870,2054,1712,1214,1783,697,791,2013,410,958,823,174,1995,1581,99,944,861,2034
719,591,1447,1284,1869,1066,1023,475,174,870,1342,995,696,524,1559,2059,410,1567,1032,698,68
720,1541,444,958,498,1995,74,1214,861,289,456,823,92,357,1993,1156,1933,44,35,8,1637
721,1783,174,327,7,171,1588,799,513,1869,1350,410,2034,2054,697,1937,2037,1712,1097,1621,1201
722,456,35,8,92,498,74,1197,1796,31,357,958,1637,1993,289,444,1541,1214,823,861,1350
723,991,944,2068,871,1750,791,1480,591,1447,1712,1973,1439,1509,870,1869,2013,174,99,697,1350
724,168,1325,171,1954,7,1783,2034,1507,1336,43,852,1619,91,912,299,1975,648,799,1727,973
725,861,1995,1214,1541,958,1018,375,1718,1933,823,806,1770,2012,31,1156,1652,92,1796,1684,444
726,823,1214,861,1156,444,1541,1933,1995,958,1719,1770,2012,1488,92,1097,456,591,1581,1439,1937
727,1783,799,1588,1719,1350,410,7,1937,171,2054,1995,513,1581,1097,1712,2002,870,1541,2034,327
728,727,1833,221,14,93,1396,749,852,1577,1740,376,582,1749,1281,1054,1751,1058,1283,291,1512
729,1783,799,171,513,7,2034,327,1588,410,697,918,1097,1719,1581,227,581,1046,1586,949,1201
730,1869,174,870,1350,99,1322,2013,1541,1621,1933,405,1022,6,1781,799,787,410,2054,171,581
731,1779,1009,117,1387,740,1951,861,1214,74,1197,444,1995,31,823,1933,1541,357,1156,456,8
732,1541,444,958,823,35,92,1156,74,1933,861,1214,456,8,498,1796,357,1995,44,31,1993
733,861,1214,1541,444,823,1933,1156,1995,1018,375,1350,1718,1064,378,806,1684,456,1652,92,1937
734,1480,944,1522,991,236,791,1652,2012,1750,942,2068,871,1018,1933,378,677,990,1156,1276,1488
735,168,95,1054,171,1325,7,1512,1058,1507,1503,799,582,91,684,1665,1427,1381,344,1954,541
736,727,1833,221,14,1396,93,852,749,1281,128,582,1283,1058,1749,1512,1355,1054,1751,1775,1705
737,456,35,1796,8,1993,1197,289,498,92,31,1637,958,74,861,357,2037,1214,44,823,444
738,740,1779,1387,1009,1951,117,990,1770,1188,1971,817,891,153,1585,2037,1274,1551,420,730,1276
739,958,289,713,35,456,1995,1796,498,1206,1056,1022,8,1640,1197,1156,1637,174,44,1322,6
740,444,1541,958,289,1995,1933,1156,861,1214,823,1197,1350,74,31,8,174,1796,456,1869,35
741,456,8,1197,357,92,498,31,1993,35,74,1637,1796,958,1214,289,861,1541,1933,444,1156
742,168,1954,799,852,1289,2034,197,1325,1406,1232,541,1665,949,1512,1336,91,1503,7,95,579
743,1588,410,1581,2034,1541,513,1783,7,1350,1869,174,327,171,799,2054,870,99,1214,1995,861
744,174,1350,1581,1541,1869,410,1156,1214,444,1588,1933,870,99,2054,861,7,327,1937,1995,799
745,1064,677,1133,1214,806,823,1018,375,1933,444,861,1684,1156,1350,1770,1995,888,8,1652,870
746,174,1350,1937,444,1541,1933,2054,1869,1995,1214,99,861,804,870,823,591,1342,1156,298,524
747,1541,1933,444,1214,1995,861,456,823,1350,8,74,35,1156,498,1637,1796,92,1993,2054,174
748,823,1214,1156,861,444,1541,1933,1995,958,1718,525,942,375,1581,1018,1488,990,2012,378,1770
749,168,541,852,1954,1697,1727,1449,1289,197,1961,575,1325,166,912,949,2014,1232,731,648,1406
750,823,444,861,1214,1541,1156,1995,1933,958,8,92,456,1197,1796,31,35,74,2037,1993,357
751,168,171,1783,1954,799,7,327,2034,1325,852,513,91,197,1289,1286,1975,579,1232,442,541
752,168,1325,2034,95,1315,1975,1381,1372,1427,171,1286,91,197,541,1289,952,579,1507,949,7
753,582,1058,1054,1010,1705,1355,1512,1764,1751,1283,414,448,1149,1806,1539,1281,1833,1749,168,711
754,727,1833,221,14,93,1396,749,852,582,128,1577,1281,1058,1740,1749,1118,1381,1539,1143,1703
755,1350,2054,410,1588,1719,1937,1097,1783,513,1640,1447,227,888,1509,7,1322,799,1652,591,561
756,117,1779,1951,1009,740,1387,591,1447,444,1995,1933,1214,823,1541,31,1156,861,44,958,35
757,301,1721,1183,763,1961,299,727,1649,1958,128,109,852,1775,93,712,1539,403,1449,1833,221
758,1541,1933,444,861,456,8,1995,74,35,1214,1156,174,498,1637,1350,823,1796,92,1993,2054
759,958,289,2037,44,35,456,1541,1156,2054,92,8,444,1933,1796,1056,965,498,74,1350,174
760,991,1480,944,791,871,1750,2068,227,1447,174,591,1350,2012,1488,1973,1509,1404,1937,1869,236
761,958,1541,444,1350,1156,823,289,861,1869,1214,174,2013,2054,1581,870,1995,1933,591,1937,1719
762,1783,410,513,799,7,2034,171,1869,444,327,1588,1214,1156,1350,1541,861,174,1995,1581,958
763,498,74,456,357,92,8,31,35,958,1197,1993,444,1796,1637,1214,2037,289,44,861,823
764,823,8,1214,1995,456,1541,1933,958,74,444,861,1718,1197,1993,1796,2054,1018,1156,31,1350
765,117,1779,1951,1009,740,1387,1933,31,444,1197,861,1993,1214,74,498,1995,823,35,677,456
766,991,944,1750,2068,791,1480,871,236,591,2012,903,1522,1194,806,1018,1718,990,378,1447,1133
767,1640,1621,561,1322,1699,1440,6,591,1869,1447,1284,1023,174,68,465,1559,99,1781,1342,804
768,1058,582,1054,1512,1010,1283,1705,1355,1764,1751,414,1539,1281,1749,448,1149,1806,711,1118,1381
769,221,727,14,1381,1251,807,2006,1833,1725,344,1950,1749,1856,897,95,1775,677,168,1865,1194
770,991,944,1750,2068,1480,791,871,236,903,591,1522,1194,806,2012,1018,1718,378,1133,942,677
771,727,1833,221,14,1396,93,749,852,376,1577,1703,582,1281,1740,128,1721,1512,1381,1749,1705
772,498,456,92,35,8,1796,1197,31,357,958,74,1637,1993,289,174,1869,1214,1541,861,1995
773,582,1283,1054,1751,1058,1705,1355,1010,1512,1764,414,1149,448,1806,1281,1833,1721,1539,221,168
774,727,221,1833,14,93,1396,852,749,1856,1577,376,1740,582,128,1749,1281,1283,1058,1054,1751
775,1779,117,740,1009,357,861,1387,1933,1197,444,1214,1951,92,74,31,1993,1995,498,823,35
776,991,1480,871,1750,791,944,2068,846,1652,1522,942,1770,236,888,378,2012,1350,1488,1439,990
777,1214,1541,823,1350,444,1995,861,1156,1581,1933,2012,174,378,1488,2054,958,942,870,1770,1522
778,8,456,31,1197,1796,92,35,357,498,1541,1637,823,74,1993,1350,444,1214,1995,861,1156
779,1779,1009,117,1387,740,1951,1933,31,1684,444,1197,861,934,1018,1064,375,1993,1214,74,498
780,8,456,958,1350,1064,74,677,2054,1197,1993,861,1133,1214,806,823,1541,1796,1018,375,444
781,444,1541,1214,861,823,1933,1995,1156,958,456,31,35,74,92,1197,2037,1509,498,1350,289
782,1350,591,1447,1156,861,1214,444,1541,1439,1522,870,1719,1588,1097,227,1488,1652,236,1933,2054
783,456,1197,35,8,1796,958,498,92,1993,1541,31,1637,1933,74,444,357,861,1156,1995,1214
784,727,1833,221,14,93,1396,852,749,1281,1703,1749,1118,1512,582,1539,1740,301,1283,1381,711
785,513,7,1783,327,799,171,2034,410,1588,1581,1541,2054,1719,444,2037,1937,1933,861,1156,1097
786,301,1721,1183,1961,109,1958,763,299,1725,727,93,1539,1856,1649,1740,403,128,1833,852,1111
787,1718,1064,1684,375,806,236,991,1018,1480,871,1652,1750,2068,942,378,1522,2012,791,2043,990
788,1876,120,949,960,1100,1042,541,1696,1507,1984,1762,1418,1516,650,519,126,1853,1506,896,1938
789,727,1833,221,14,1396,93,749,852,1058,1281,582,1539,1749,376,1381,711,1355,1703,1705,1283
790,1541,444,1995,1933,823,861,1156,1214,456,31,958,8,74,92,498,1197,35,1796,1993,357
791,8,861,92,1214,1995,1541,1197,456,1796,357,31,1993,1933,74,823,2012,1018,498,1156,1652
792,1541,444,1214,1995,823,861,1933,1156,958,1350,713,1581,1439,2054,1937,1404,1719,2013,289,31
793,1699,1640,1621,1322,1440,6,561,174,1869,99,870,1781,410,1350,1719,581,1712,799,1097,1156
794,727,1833,221,14,1396,93,852,749,1281,128,582,1283,1058,1749,1512,1054,1751,1355,1705,712
795,456,8,1796,35,31,74,92,1197,498,1993,1637,958,289,357,1541,444,1995,1933,1156,861
796,727,1833,221,14,93,852,1396,749,1281,582,1749,1751,1721,1703,1577,1512,1058,1283,1740,128
797,591,1447,1284,475,1567,524,113,1915,465,1342,298,2059,804,1032,1621,1699,1023,909,995,1932
798,1350,1541,1214,444,861,2054,1933,1156,823,1995,1869,174,1937,1581,1712,591,1783,456,958,697
799,727,1833,221,14,93,1396,852,749,582,1058,1577,1749,1751,1283,1740,1281,1539,376,1705,1512
800,1214,861,1541,823,1933,444,1995,870,1156,1588,410,2054,1350,99,713,1937,375,2013,581,1581
801,727,1833,221,14,1396,93,852,749,1281,1749,1721,1577,582,1058,1283,1740,128,1118,1512,1054
802,958,444,1541,1350,2054,1995,713,2037,1214,289,1581,1937,823,861,74,44,92,1933,1206,1156
803,168,171,1954,1054,7,513,1512,1058,2034,1325,1783,1320,582,1665,91,684,327,973,1381,949
804,1480,991,1750,871,2068,944,791,846,1770,2012,1652,1522,236,990,1439,729,1214,888,942,378
805,168,1232,2070,171,7,1058,1054,541,1325,1727,1336,91,891,1954,799,327,1315,513,1665,1000
806,1869,174,99,1022,870,405,1583,298,787,581,1284,1712,1621,1588,1342,1781,410,2013,68,1322
807,791,991,1480,1750,871,944,2068,1350,1447,1439,591,1973,236,1712,870,327,799,1783,227,171
808,168,197,949,1954,541,1533,171,1325,1727,1975,1232,120,91,1320,2034,2002,1315,1336,1449,299
809,1010,582,1058,1764,1751,1054,1283,1705,1512,1355,414,1281,1539,1865,1833,1806,1749,1149,448,711
810,582,1010,1058,1054,1705,1512,1355,1764,1751,1283,414,448,1149,1806,1281,1539,1833,1749,711,1775
811,727,1833,221,14,93,1396,852,749,1058,1281,128,1749,1856,1512,1539,582,1764,1192,1186,1054
812,1214,861,591,1541,444,1933,823,1156,1447,1995,958,174,456,1869,1937,1796,8,357,31,1438
813,727,1833,221,14,93,1396,852,749,1058,1281,128,1512,1749,1856,1539,582,1764,1054,1751,1118
814,6,1621,1699,561,483,1640,613,440,1440,1056,609,1322,1192,1186,804,255,941,44,291,1100
815,1350,2054,1541,2037,1581,1214,1995,861,958,1937,1156,823,444,713,1933,1719,1781,1796,99,289
816,1541,823,1214,861,444,1933,1995,1156,958,2054,1350,92,1937,1439,31,456,1197,1993,35,965
817,727,1833,221,14,93,852,1396,749,1281,1749,1539,1381,1118,711,582,1577,376,1856,1058,128
818,861,357,1197,1214,92,74,31,1993,444,1995,498,823,35,1933,44,958,456,1541,1156,8
819,289,2037,174,44,958,1197,1796,35,444,92,1541,456,1781,1869,1995,1933,31,1156,498,2054
820,1064,677,1133,1214,806,1018,92,375,456,823,444,31,74,1684,35,498,8,357,861,1993
821,456,92,8,74,35,958,498,31,1197,357,444,1993,1796,1214,1637,2037,289,44,861,823
822,444,1214,1973,1541,1995,1156,1581,1750,791,1439,861,1522,871,410,942,1933,1488,870,1350,236
823,1541,1214,861,1933,444,1995,823,1156,958,1581,1350,1869,2054,965,713,174,31,2037,1719,870
824,2034,1541,410,513,1783,1937,7,1588,327,171,2054,799,1350,1869,1214,1995,174,861,1156,2013
825,1214,444,1156,823,861,1541,1995,1933,2013,942,2012,227,591,1522,1652,1770,236,1350,1488,958
826,2037,44,958,1541,444,1156,289,823,861,1781,870,99,1214,2054,1350,2013,1581,1995,581,1933
827,1969,262,794,934,156,23,1384,195,870,193,99,174,1781,205,798,698,571,804,581,1712
828,498,8,1197,1796,92,357,456,31,1637,35,74,1993,958,861,1214,823,1541,444,1933,289
829,456,74,498,92,8,31,444,35,357,1541,1197,958,1796,1637,1993,1214,823,861,289,1933
830,456,8,74,31,92,498,1197,1796,35,357,1637,958,1541,444,1993,289,1995,1933,1156,861
831,727,1833,221,14,93,1396,749,852,1577,1058,376,1749,1281,582,1539,1740,1512,1381,1283,1751
832,727,1833,221,14,93,852,1396,749,582,1281,1721,1749,1703,1577,1958,1058,1751,1283,128,1118
833,1933,117,31,444,1197,1951,861,1779,740,1993,1214,74,498,1995,823,35,456,1022,357,1009
834,1783,174,327,7,171,1588,799,513,1869,1350,1201,410,2034,2054,697,1937,2037,1712,1097,1621
835,444,1214,174,289,1350,1995,2054,804,1541,74,1933,113,456,498,1796,1284,1781,870,8,1869
836,582,1054,1058,1283,1010,1705,1512,1751,1355,1764,414,1149,448,1806,1281,1539,1749,1775,1833,1118
837,1214,823,1541,444,1350,861,92,2054,1719,1156,8,357,1995,1869,498,1581,870,2013,1097,456
838,444,1214,1869,1995,1350,1541,2054,1933,861,1781,713,99,870,823,1937,289,1156,2037,958,174
839,168,1325,1954,171,579,1320,949,1975,1619,1232,2034,1406,1336,1132,1512,95,763,7,1503,197
840,1581,410,870,1588,1350,697,2054,1712,2013,99,799,581,1937,1781,1995,7,513,1541,1719,1206
841,168,541,1289,852,1268,1954,1381,1315,1427,1325,1665,817,1727,166,1320,197,1551,91,1336,95
842,1796,456,958,498,8,74,92,1197,35,1993,31,1637,289,357,2037,1541,44,1933,444,2054
843,1995,1869,1933,1969,861,174,1156,1214,1541,444,794,823,99,870,697,262,156,205,475,1384
844,991,944,2068,871,1750,791,1480,591,1447,1712,1581,1214,1973,1439,2013,1350,870,697,99,823
845,1951,1779,740,117,2037,1009,1387,819,410,1948,934,1763,788,1511,787,197,960,249,38,1557
846,1783,799,7,171,410,513,327,1588,2034,2054,1541,1581,1350,1719,1869,1937,1097,444,697,1156
847,456,31,498,8,74,1796,1637,1993,92,35,1197,357,289,958,44,1640,1995,561,1133,677
848,1214,1350,1541,861,823,1156,444,2054,1995,1781,1933,410,870,713,2013,1869,1447,958,8,1581
849,1783,799,513,7,2034,171,327,1588,1350,1541,1719,410,444,2054,697,1156,1781,99,1214,1097
850,301,1721,1183,1958,712,109,763,43,1961,299,1649,403,128,727,1111,1740,1923,1539,1749,1381
851,301,1721,1183,763,1961,299,727,1649,1958,128,109,1775,712,93,1539,403,1054,1833,221,1856
852,168,95,541,1286,1325,1406,1503,1507,91,1910,1619,852,1232,1665,1315,197,1727,1289,1372,1961
853,697,410,1350,1588,513,1783,2054,799,174,1712,1781,2013,2034,327,171,713,99,591,1937,2037
854,1214,1541,823,444,1156,1995,861,1933,958,846,2012,378,236,1770,1488,31,2054,1522,1350,1652
855,456,8,1197,35,498,958,74,92,1796,289,31,1993,1637,357,1541,444,1995,1933,1156,861
856,727,1833,221,14,1396,93,852,749,582,1281,128,1512,1749,1705,711,712,1542,1283,1539,1118
857,236,677,1018,1522,1133,1652,942,378,1770,375,1718,2012,1488,846,1064,888,806,990,1684,1276
858,799,1783,171,2034,7,513,327,410,1588,1350,1581,174,1937,790,2054,870,99,1712,1869,918
859,991,2068,1750,944,791,871,1480,846,1522,1851,378,236,2012,942,729,1447,1793,1770,1652,2043
860,2034,1783,7,171,799,513,327,949,91,1516,138,541,168,448,414,807,1206,1149,221,1619
861,1439,991,791,1973,1480,1750,944,871,2068,1404,227,1522,1712,378,870,236,2013,1652,1770,1488
862,1684,1064,806,1718,375,1018,1480,871,991,1750,791,944,677,1133,2068,1652,942,236,378,1522
863,740,1779,1387,1009,1951,117,105,1449,960,1971,891,1188,2037,255,153,817,1650,44,420,483
864,958,289,1541,44,2037,444,823,35,92,1156,74,1933,861,1214,456,8,1350,498,1796,357
865,168,171,2070,1058,1054,197,1954,1325,1727,973,891,91,1336,1315,1665,2002,541,949,1507,2034
866,174,113,1869,1781,1640,561,99,1066,870,1350,581,6,1712,1699,1621,524,1559,804,995,1567
867,117,1387,740,1779,1951,1009,1933,1684,31,444,1197,861,806,1018,1064,375,1993,1351,1214,74
868,1214,1541,823,591,174,444,791,1995,861,1350,1439,1933,1937,1480,1156,113,871,1750,2054,1973
869,456,958,35,1796,444,8,1993,1214,1197,289,498,92,861,823,31,1637,1541,44,1933,74
870,1588,410,1869,174,870,1781,1783,99,799,513,171,327,2034,581,7,444,289,1214,1156,1712
871,561,1640,6,1621,1322,1699,1440,1350,1937,2054,113,475,713,1719,1056,1066,2013,1567,1447,524
872,1684,1064,806,1718,375,1018,1480,871,991,1750,791,944,677,1133,2068,236,1522,378,1652,942
873,444,823,861,1214,1541,1156,1933,1995,375,958,92,1018,713,498,31,35,1718,1197,74,1993
874,1214,861,444,823,1933,1156,1995,1541,1350,2054,958,1581,1937,2037,713,1509,591,1719,1973,965
875,168,1783,171,1325,327,7,513,2034,799,1954,1232,1056,852,952,91,197,541,1975,1058,1200
876,168,171,799,1954,1054,1325,1783,95,2034,1961,7,1512,513,1058,1503,582,1749,1149,1336,1289
877,2068,991,791,1480,871,944,1750,1439,1973,1522,942,1488,870,236,846,1652,1404,1447,990,1770
878,95,1775,376,1054,1283,582,344,1355,1058,711,1751,1381,1010,1512,1143,1705,1740,1749,1118,168
879,1721,301,1183,727,128,1958,763,1856,1539,1649,1725,1740,712,403,299,852,1749,221,1381,1923
880,791,1692,434,1097,963,691,1870,1133,227,799,1342,944,1522,1869,1480,991,697,677,2068,942
881,168,1325,171,7,2034,1783,1954,91,95,1286,541,799,1619,852,949,197,1336,1512,1503,2006
882,727,1833,221,14,93,1396,852,749,1749,1281,1539,1118,1381,1512,582,1740,1143,711,1856,1775
883,7,1156,513,799,1588,2034,410,444,861,1783,1869,327,171,1201,2054,1350,918,99,713,1933
884,1064,677,1133,1214,806,1018,92,375,456,823,444,31,74,1684,35,498,8,357,861,1993
885,1541,861,444,1933,1214,1156,823,1995,1350,2054,958,1869,713,44,289,2037,1581,1937,965,1640
886,327,7,1783,1588,799,2034,410,171,1350,2054,513,870,1937,1541,1781,1933,861,697,1322,1214
887,1969,934,99,195,798,870,262,1511,23,787,1022,174,1781,1995,2013,794,405,581,1933,1712
888,1350,410,174,2013,870,2054,1937,1869,99,1781,846,1588,581,227,1488,1284,1522,1322,1712,697
889,168,1325,197,1507,2034,91,1727,1721,1427,1268,171,7,670,912,1372,166,799,1200,648,95
890,74,456,92,498,958,8,31,35,357,1197,1993,1796,1637,1541,444,289,1995,1933,1156,861
891,1718,1018,375,1770,444,806,942,1684,1488,846,1522,1156,8,378,236,2012,1064,888,823,1276
892,168,1325,171,799,197,1954,513,1336,912,1975,2034,541,1315,820,1783,7,949,852,952,1289
893,727,1833,221,14,1396,93,749,1281,852,582,711,1058,1118,1703,1751,128,1512,1749,1054,1381
894,444,1541,1214,823,861,1933,958,1156,1995,31,35,456,92,74,8,113,1796,1993,289,804
895,405,1783,1022,171,1583,2034,99,7,799,787,327,410,1588,513,2013,697,1781,870,1712,1869
896,168,1325,1954,171,1975,852,1406,1372,1507,91,1320,1449,799,95,2034,1783,1232,1789,671,1200
897,727,1833,221,14,1396,93,852,749,301,1281,128,1512,1721,1749,1186,1058,1856,1539,582,1764
898,95,1058,1775,1396,1054,1751,1283,221,582,1355,1010,1512,376,1705,1721,1865,1833,727,344,1281
899,174,1869,410,171,513,1783,697,1588,799,870,1350,7,2034,99,2054,327,1781,1581,1640,581
900,1480,1750,944,1522,991,236,871,2068,378,942,1770,1652,1488,791,846,888,990,2012,591,1447
901,8,74,498,456,31,92,1197,357,1993,1637,1796,35,1214,861,1541,1933,444,1156,823,1995
902,1750,791,991,1480,944,871,444,823,2068,1214,861,1541,1156,1933,375,806,677,1581,1018,1133
903,1541,861,823,1995,1156,444,1214,1933,958,1581,525,846,1973,1719,513,888,1097,1439,1522,1488
904,1995,861,823,1933,1214,1156,1541,444,958,31,289,2054,456,92,1796,2037,74,713,35,8
905,498,74,456,357,92,8,31,35,1197,1993,1796,1637,289,958,861,2037,1214,2013,44,823
906,117,1387,1009,1779,740,1951,1933,1684,444,31,944,861,1018,1064,375,1197,871,677,1214,1750
907,168,2034,1507,949,1289,1325,197,171,7,891,799,1954,541,1336,1665,1783,1975,1098,671,912
908,456,31,498,8,74,1796,1637,1993,92,35,1197,357,289,958,561,6,44,1640,1995,2037
909,1541,444,823,861,1995,1933,1214,1156,958,289,35,2037,456,1097,1509,92,1973,1404,1350,1581
910,1541,444,861,1214,1995,1933,823,1156,958,2054,1350,965,1937,1581,713,31,1869,1719,456,2037
911,727,221,1833,14,93,1396,749,852,1281,1058,1856,1749,1577,376,582,1539,1721,128,1381,1740
912,958,289,456,35,8,74,498,1796,1197,92,31,2037,357,1993,44,1541,1933,1637,444,861
913,1214,1783,1541,823,799,1588,861,444,1869,1350,410,7,1937,171,1719,2054,1995,1439,1933,513
914,444,1214,1541,823,861,1995,1156,1933,799,958,1350,713,1439,1581,2054,1973,1937,375,2034,498
915,1541,1214,444,861,823,1156,1995,1933,958,498,713,456,74,846,31,942,1770,1350,1719,791
916,991,1480,944,791,871,1750,2068,174,1869,1712,410,1350,1097,1439,1588,1214,1640,1322,1933,870
917,1951,1779,740,1009,1387,117,1588,2037,166,410,1948,934,788,949,787,960,1252,1763,646,1557
918,168,541,1054,1512,95,1705,1058,1010,1283,1749,1149,1539,1289,1315,2034,1381,1751,1764,575,1507
919,1214,861,444,1933,1995,823,1156,1541,958,289,1197,74,31,8,1796,456,35,92,1350,1993
920,727,1833,221,14,1396,93,749,852,1281,582,128,1703,1118,1283,1539,1751,1058,1856,1381,1749
921,1779,117,740,1009,1387,1951,444,1995,1933,1214,823,1541,410,1018,31,1156,861,1064,44,958
922,168,95,1325,541,171,1512,7,799,1054,1954,2034,582,1507,1381,166,1427,1865,1705,1336,1783
923,168,171,1783,7,91,1325,799,2034,197,1954,247,1336,327,1975,852,891,1727,513,541,1132
924,1699,1640,1621,1322,1440,6,561,1350,1783,1869,2054,171,513,174,1937,2034,799,1156,444,713
925,1214,444,1156,823,861,1541,1995,1933,2013,1350,870,1781,2054,1588,99,410,1581,581,2037,697
926,823,8,1214,1995,456,1541,1933,958,74,444,861,1197,1993,1796,1156,31,357,92,35,1637
927,991,944,2068,871,1750,791,1480,1350,1447,2054,591,1439,713,697,410,227,1712,1973,1509,870
928,456,8,1796,35,31,74,92,1197,498,1993,1637,958,357,444,289,1541,1933,1156,861,1214
929,8,35,1197,456,1796,92,74,289,498,31,357,1993,1637,958,861,2037,1214,2013,44,823
930,168,171,1954,7,513,1232,1320,2034,1325,1783,1058,1054,1336,949,327,1975,197,799,91,1381
931,1350,410,1869,1783,2054,591,1781,1206,1937,1056,513,799,2034,174,483,327,918,613,1712,99
932,905,759,2043,122,1108,594,1851,1793,521,1800,679,528,621,729,172,1898,888,1255,1844,1770
933,1541,1933,444,1214,861,456,823,1995,8,74,35,1156,498,1350,1637,1796,92,1993,2054,1197
934,2037,44,958,289,35,456,1056,960,1541,1156,2054,92,8,444,1933,1796,965,498,74,1350
935,444,861,823,1933,1156,1995,1214,1541,958,289,1197,1350,74,31,8,174,1796,456,1869,35
936,168,1325,197,912,799,513,541,171,1507,2034,1954,1520,948,731,670,7,949,575,1449,1336
937,727,221,1833,14,93,1396,749,852,1281,1749,1577,1058,582,376,1958,1856,1751,1721,1539,1118
938,958,289,1796,456,35,498,8,92,74,31,1197,1993,1637,357,2037,44,1541,1933,444,861
939,1783,2034,171,7,327,410,513,1588,799,174,1440,1322,1869,1640,1699,1581,1621,1913,581,6
940,991,791,944,2068,1750,871,1480,1869,1712,227,1447,1973,1439,1522,2012,697,888,870,591,1770
941,1156,1214,1995,444,861,525,846,823,1541,942,1652,1770,2012,236,1522,1933,888,378,1488,958
942,958,289,1541,1156,444,1933,74,1350,8,1796,456,174,35,1214,2037,92,861,1995,2054,1869
943,1783,410,174,2034,799,1869,7,327,513,171,1588,1781,99,870,581,697,1350,1322,1022,1712
944,1770,888,846,1488,2012,1522,236,990,942,378,1652,1276,729,1439,1592,1973,871,1793,621,1214
945,727,221,1833,14,93,1396,852,749,1281,1749,128,1058,1577,1856,582,1751,1721,1539,376,1740
946,117,1779,1951,1009,740,861,1387,1933,444,1214,74,1197,1995,31,823,1541,357,1156,456,8
947,1581,1350,174,2054,444,1937,1933,1541,1995,1214,861,1869,713,1156,823,1201,918,2013,1712,1719
948,1581,870,8,1350,1541,1712,888,1995,1933,74,410,99,1937,1214,1781,823,861,174,357,591
949,174,1581,1350,1869,870,99,1588,410,1712,1022,2013,2054,1781,327,2034,289,713,405,1969,1937
950,727,1833,221,14,93,1396,852,749,1058,1281,128,1512,1749,1856,1539,582,1764,1054,1751,301
951,168,1954,1961,1727,1336,1507,1449,852,2034,1725,1320,763,973,1325,95,799,1406,1856,1232,1789
952,1350,2054,410,1937,2034,1541,444,1783,799,171,7,1214,861,1156,1995,327,1869,790,823,513
953,498,8,1197,1796,92,357,456,31,1637,35,74,1993,958,861,1214,823,1541,444,1933,289
954,1581,1541,1995,444,1350,410,870,1156,2054,823,1712,2013,99,1588,525,1937,1933,713,1214,861
955,1684,1018,1718,375,1064,1133,823,806,1692,1214,691,677,434,719,861,531,1624,444,1933,456
956,1064,677,1133,806,1018,375,1684,1770,1652,888,378,1522,236,1718,591,1447,2012,1488,942,1214
957,727,1833,221,14,1396,93,749,852,1281,582,1118,128,1058,1749,1512,1054,711,1751,1539,1775
958,958,456,31,1796,92,498,74,35,8,357,1197,1637,1993,1541,444,823,861,1214,1995,44
959,1751,1054,1705,1539,1749,1010,1764,582,1512,1118,1283,711,1058,1281,1355,1143,1775,1381,1865,1211
960,456,8,1796,35,31,74,92,1197,498,1993,1637,357,1779,117,289,958,740,1009,861,1387
961,1010,582,1058,1764,1751,1054,1283,1705,1512,1355,414,1721,1539,1775,1281,1833,1749,1806,1118,1149
962,513,2034,799,1783,1588,7,171,861,1541,823,444,410,1214,870,1995,327,1156,1781,99,1933
963,1350,236,1522,846,1156,861,1214,378,444,1541,1652,942,1933,2054,888,1937,1770,823,1488,1719
964,1781,289,99,1719,44,1350,870,1438,581,1937,1869,713,823,8,444,113,35,237,6,1022
965,727,1833,221,14,93,1396,852,749,1281,1577,582,1740,1058,1749,1751,128,1054,376,1512,1118
966,613,1461,2037,1509,1984,1325,105,965,998,1713,132,1017,483,1585,278,1346,1000,896,138,1418
967,1018,677,236,375,1133,1214,823,942,378,1684,1652,1522,806,1770,1064,846,1480,1718,991,1276
968,1214,823,444,861,1541,1995,1156,1933,1350,958,713,1439,1973,1509,2054,456,289,1404,1719,965
969,498,8,92,456,357,31,35,1197,74,1796,1637,1993,958,861,1214,823,1541,444,1933,289
970,1064,677,1133,806,1018,375,1684,1214,1770,1995,823,888,1652,1156,1933,378,444,861,1522,236
971,1197,31,8,1637,1796,92,456,74,35,498,357,958,1993,1350,713,2054,1541,823,174,1621
972,375,1064,1018,1684,1133,1718,806,677,839,871,1214,791,991,823,1750,2012,2043,1898,944,905
973,35,92,74,456,8,958,498,1796,357,31,1993,1214,289,1197,861,1541,1933,1637,444,1156
974,301,1721,1183,763,1961,109,1958,712,299,1725,727,1539,1856,1649,403,1740,128,1749,1833,1381
975,168,1507,852,1954,1427,1727,1619,1268,1320,1325,197,973,95,912,1200,579,91,221,1272,1789
976,301,1721,1183,763,1961,1649,403,299,1923,1958,1740,712,1775,1111,168,265,128,43,1381,1449
977,1783,327,1588,513,410,7,799,171,2034,2054,174,1937,697,1913,1350,1869,1921,1206,1274,120
978,410,1206,1588,960,698,153,1272,733,1221,1921,105,544,1100,788,6,1853,2053,1975,613,688
979,375,1018,806,1652,236,1718,1064,1522,378,942,1684,1770,1750,2012,1488,846,791,990,888,1276
980,1779,117,740,1009,1387,1951,1933,31,444,1197,861,1993,1214,74,498,1995,823,35,677,456
981,1541,444,1995,1933,861,1214,823,1350,1781,2037,1156,2054,44,99,958,870,581,289,697,1937
982,791,227,1342,944,1522,378,991,1276,677,888,1480,2068,942,1046,730,2012,1750,1783,990,1581
983,1779,117,740,1009,1387,1951,1933,31,444,1197,861,1018,1064,375,1993,1214,74,498,1684,1995
984,991,2068,1480,791,944,1750,871,942,1652,1522,236,378,846,1488,2012,1770,591,1447,1350,888
985,498,8,92,357,456,31,35,1197,74,1796,1637,1993,958,1350,2054,861,1214,823,1541,444
986,1869,1156,787,444,861,405,1322,410,1201,2054,2034,2037,1350,918,99,713,1933,1097,1621,1541
987,513,799,1783,171,2034,327,870,174,99,1869,1781,1350,7,410,1201,791,591,2068,227,1480
988,823,1214,861,444,1541,1156,1933,1995,1770,846,958,942,1652,1973,236,1522,2012,888,378,1488
989,958,456,1796,92,498,74,35,8,31,1197,1637,1993,357,1541,444,823,861,1214,1995,2054
990,727,1833,221,14,93,1396,852,749,582,1281,1512,1749,1705,711,1283,1539,1058,1054,1355,1751
991,1214,861,823,1156,444,1995,1933,1541,2013,958,8,74,791,1197,1796,2054,944,1712,871,1056
992,456,8,74,31,498,92,1197,1796,35,357,1637,1993,958,1214,289,861,1541,1933,444,1156
993,117,1779,1951,1009,740,1387,1933,31,444,1197,861,1993,1214,74,498,1995,823,35,677,456
994,1350,1447,591,1214,823,1933,2054,1869,1937,1541,444,861,791,1284,1995,991,524,1156,1046,1932
995,677,806,375,1064,1718,1684,1133,1018,1214,991,823,871,1750,2068,2012,791,1439,1480,944,1770
996,171,1783,799,327,7,2034,513,2054,410,1937,1350,790,1588,1781,174,1201,1921,1869,99,918
997,8,1796,456,35,1197,1637,357,74,31,92,498,1993,1541,861,1214,1995,444,823,1770,1933
998,958,2037,44,444,1541,289,1995,35,1869,1214,1796,174,1156,456,1933,498,8,861,31,92
999,991,1480,791,1750,944,871,2068,1350,174,1973,1439,697,1869,1712,799,1588,1783,227,171,591
