0,1018,375,1684,806,1064,1718,1995,1541,1214,871,1750,444,944,823,861,1156,1133,1480,991,677
1,168,2037,1927,1061,1111,1133,44,1913,1261,21,1697,1042,1000,1958,1186,1721,581,1192,1950,677
2,168,2037,1927,1111,1913,1186,1261,1042,44,1061,1721,1634,852,582,21,1958,1000,1192,1763,727
3,168,2037,1927,44,1061,1111,21,1261,1814,1697,1913,1492,1000,1133,581,357,289,1192,1740,1042
4,1355,582,1512,1705,1751,1058,1010,1283,1764,1054,1806,448,1149,414,711,1539,1118,1649,1143,1961
5,1355,582,1751,1058,1512,1705,1010,1764,1283,1054,1806,448,1149,414,711,1539,1143,1649,1749,43
6,357,1197,1993,498,8,1581,1796,1541,74,1156,1214,31,35,92,456,1995,1637,1933,823,861
7,1355,582,1751,1058,1512,1010,1705,1764,1283,1054,1806,448,1149,414,1539,711,1749,1649,1118,1961
8,1993,498,1796,1197,74,456,357,35,8,31,1637,92,1214,1156,823,1933,1541,1995,444,861
9,1447,591,561,1621,1640,1699,6,174,1322,1440,1869,1214,1350,227,958,1581,823,1541,1284,2059
10,375,1018,1684,806,1718,1064,958,1133,677,1581,1541,1214,1995,1447,1156,174,1750,35,944,1522
11,1779,1951,117,740,1009,1387,1197,74,1993,456,498,35,357,1796,31,1933,1156,1995,8,92
12,14,727,1833,221,1396,852,93,749,403,648,998,1856,1958,1721,128,1272,1703,1775,1042,1539
13,301,1721,1183,403,1672,299,1751,1958,1283,582,727,109,224,1725,912,1355,712,95,43,948
14,1214,823,1933,1156,1541,444,861,1995,1197,74,1796,1993,498,31,35,357,456,1637,8,92
15,1197,74,498,1993,35,456,1796,8,357,31,92,1637,1214,1156,823,1933,1995,1541,861,444
16,1018,375,1684,806,1718,1064,677,1133,357,8,1197,35,74,1993,31,92,456,498,1637,1796
17,1197,1993,357,498,35,74,456,1796,8,1637,92,31,1951,740,1214,1779,1156,1933,117,823
18,1355,582,1751,1705,1058,1010,1512,1764,1283,1054,448,1149,1806,414,711,1539,1143,1649,1118,43
19,1214,1541,1933,823,1156,861,1995,444,1796,74,498,357,1993,31,1197,35,456,8,958,375
20,1522,888,942,846,375,378,2012,990,1018,1276,1684,1718,1652,1488,806,1770,1064,236,963,719
21,1355,582,1751,1010,1512,1705,1764,1058,1283,1054,448,1806,1149,414,711,1539,1143,1118,1749,43
22,1355,582,1512,1751,1058,1705,1010,1283,1764,1054,1806,448,1149,414,711,1539,1143,1118,1749,1649
23,1018,1684,375,806,1718,1064,1133,871,677,1581,1221,1750,2068,591,944,1447,227,621,1541,1480
24,1522,378,888,1276,990,2012,1018,846,942,375,1488,1652,1770,1684,1718,236,806,1064,1844,2043
25,1355,582,1512,1751,1058,1705,1010,1764,1283,1054,1806,1149,448,414,1539,711,1649,1961,1749,128
26,727,14,1833,221,93,852,1396,749,998,403,648,1856,1721,1775,1958,1703,364,1749,711,671
27,168,1042,727,1833,852,14,2037,1283,1927,1111,582,93,1913,1000,1950,364,221,749,1054,1133
28,44,289,2037,1214,823,498,1156,1993,1796,1541,456,357,1197,1995,35,1581,74,1933,861,2013
29,727,14,1833,221,852,1396,93,749,998,403,648,1856,1721,1703,1958,128,1272,1476,1042,1775
30,1355,582,1512,1058,1705,1751,1010,1283,1764,1054,1806,448,1149,414,711,1539,1649,1143,1118,43
31,1197,1214,1993,498,74,456,357,35,1796,1933,823,1156,1541,92,31,8,1637,1995,444,861
32,1447,1214,1156,823,1995,1581,1993,1197,174,591,1541,1933,861,1869,1796,456,35,74,498,958
33,727,14,1833,221,1396,93,852,749,998,1721,648,403,168,1775,1272,1856,1703,1539,1958,128
34,582,1355,1512,1705,1751,1010,1058,1764,1283,1054,1806,448,1149,414,711,1539,1143,1118,1749,1649
35,1779,1951,740,117,1009,1197,74,1387,1993,498,456,8,35,1796,357,31,1637,92,1156,1214
36,1355,582,1751,1705,1010,1058,1512,1283,1764,1054,448,1806,1149,414,711,1539,1118,1143,1649,1961
37,1684,1018,375,806,1718,1064,357,1993,456,92,74,498,1447,1197,1581,35,1637,174,31,1541
38,171,513,799,7,1783,1588,2034,327,410,1581,174,1097,1869,99,1781,581,697,1712,2013,1719
39,1684,375,1018,806,1718,1064,691,1133,677,719,1624,1692,963,591,1447,1750,531,434,227,871
40,727,14,1833,221,93,852,749,1396,403,1856,998,1721,648,1958,128,1775,1539,1272,1703,1749
41,1779,1951,740,1009,1387,117,1197,1993,357,74,498,1796,31,35,8,456,1447,1637,92,1933
42,1214,1197,1156,1993,498,1796,74,1541,456,823,357,1933,31,8,1995,35,92,861,1637,444
43,727,14,1833,221,1396,852,93,749,403,998,1856,1958,648,1721,1703,1272,1775,364,1749,128
44,727,14,1833,221,93,852,1396,749,998,648,403,1721,1856,128,1272,1703,1775,1539,1958,1118
45,727,14,1833,221,93,1396,852,749,648,998,403,1721,1272,128,1856,1958,1703,1763,1539,1775
46,168,1927,2037,1913,581,44,1061,1261,852,1042,1950,1065,1000,1697,1186,1833,967,727,1260,21
47,727,14,1833,221,1396,93,852,749,998,648,403,168,1721,1703,1856,1763,1272,1958,1042,128
48,1214,1933,823,1541,1156,444,861,1995,1796,1197,1993,74,31,35,357,498,456,8,92,1637
49,1588,410,327,7,513,799,1783,171,2034,1581,1214,958,174,823,1712,99,1350,561,861,1640
50,1581,958,1869,1447,1214,174,1197,31,498,591,456,1993,8,1637,35,74,1156,1541,1796,357
51,1355,1751,582,1512,1010,1705,1058,1764,1283,1054,448,1806,1149,414,711,1539,128,1749,1143,1649
52,799,171,7,1783,513,2034,327,1588,410,1097,1581,1719,697,1712,1781,99,195,174,1869,2013
53,375,1018,1684,806,1718,1064,498,31,35,1197,74,456,92,357,1993,1796,1637,958,8,174
54,168,727,852,2037,1913,1721,1958,1725,749,1833,904,1042,44,1950,1111,1634,1763,1000,1133,967
55,1214,823,1541,1156,861,1933,444,1995,1197,1993,1796,498,31,74,35,357,289,1581,456,958
56,1214,1156,1541,823,1933,1995,861,444,958,1796,31,1197,74,1581,8,35,498,357,92,456
57,1197,357,1993,498,1796,74,1951,456,35,740,1214,1156,1933,8,92,823,31,1637,1779,1995
58,1018,375,806,1684,1064,1718,958,35,92,1214,456,1581,31,498,1197,74,677,357,1995,1133
59,1355,582,1010,1751,1512,1764,1058,1705,1054,1283,448,1806,1149,414,43,712,1856,711,1143,1725
60,1214,1541,444,1156,823,1995,1933,861,74,1796,35,498,31,357,1197,1993,375,1637,456,8
61,301,1721,1183,299,1355,582,1751,403,109,1958,1764,763,1283,1054,1672,912,1749,1010,711,1449
62,168,2037,44,1927,727,1261,1000,1061,21,1913,1042,1214,852,904,1541,1814,1133,1697,1721,1950
63,1197,74,1993,1796,498,456,357,35,92,1214,31,8,1637,1156,1933,823,444,1541,1995,861
64,168,2037,1927,44,1042,727,1833,1133,1913,1261,1061,852,1541,677,1000,1492,1950,1763,1697,21
65,1214,1541,1156,1933,823,1995,861,444,1581,1796,1197,1869,174,1993,498,44,74,31,357,2037
66,1355,1751,582,1512,1010,1705,1058,1764,1283,1054,448,1806,1149,414,711,1539,1143,1749,1118,128
67,1156,1214,1541,1995,1796,823,1197,1933,498,456,1993,74,861,444,35,1869,1637,1581,92,174
68,168,2037,727,852,44,1000,581,1950,1111,1913,1833,1958,967,1509,1763,1927,840,1721,904,1186
69,174,1447,1869,591,1581,944,791,1750,1214,991,1937,227,1541,871,823,2068,1480,1156,1995,2013
70,727,1833,14,221,852,93,1396,749,998,1856,403,648,1703,1721,1272,1725,128,1958,1775,109
71,1197,498,1993,74,35,1796,456,357,31,1637,92,8,1214,1156,823,1933,1995,1541,444,861
72,1214,1156,1541,1933,823,861,1995,444,1796,1197,74,1993,498,357,31,8,35,456,92,1637
73,1355,582,1751,1512,1010,1705,1058,1764,1283,1054,1806,448,1149,414,1539,711,1749,1143,1118,1649
74,168,852,727,1042,2037,1913,1833,1927,1950,44,904,1111,967,1856,1261,1000,1649,1971,221,1186
75,1197,498,456,74,1993,35,357,1796,8,92,1637,31,1214,1156,1933,823,444,1995,1541,861
76,1581,1588,410,7,1783,2034,327,513,799,958,1350,1214,174,171,1937,2013,2054,99,1541,561
77,174,1869,1214,1156,1541,1581,410,823,1995,2013,1588,1933,861,958,561,1447,444,1640,1937,7
78,1197,74,1993,498,35,456,1796,357,8,31,92,1637,1214,1156,823,1933,1541,1995,861,444
79,727,1833,14,221,93,852,749,1396,403,998,1721,1856,648,1775,1958,1703,364,1725,1539,671
80,727,1833,14,221,93,852,1396,749,998,1721,648,403,128,1775,1539,1856,1272,1703,1749,711
81,1355,582,1512,1751,1010,1058,1705,1283,1764,1054,1806,448,1149,414,1539,711,1749,1143,1118,128
82,1796,1993,498,1197,456,74,35,92,357,1637,31,8,1214,1156,1933,1541,823,444,861,1995
83,301,1721,1183,1751,299,403,582,727,1672,1283,1958,1725,109,1355,912,224,731,1010,1764,948
84,301,1721,1183,299,1672,727,403,912,109,1958,523,712,1534,224,763,1749,1520,1557,43,1118
85,1197,1951,740,357,1993,1779,498,74,1796,117,456,1387,35,1009,8,31,1637,92,1214,1933
86,727,14,1833,221,93,1396,852,749,403,998,648,1856,1958,364,1721,1703,1272,1539,1763,299
87,727,14,1833,221,1396,852,93,749,998,648,403,1856,1042,1703,1272,1721,1118,364,1664,1958
88,1197,1796,498,74,1993,357,456,8,35,31,1156,92,1214,1637,823,1933,1541,1995,861,444
89,1018,375,1684,1214,806,1541,1995,444,1064,1718,823,1933,861,1156,1133,677,357,1750,871,74
90,1779,1951,1009,740,117,1387,1447,1933,1197,1214,1993,74,861,444,31,1156,498,1995,357,1796
91,1355,582,1010,1705,1512,1751,1058,1764,1283,1054,448,1806,1149,414,43,712,738,711,337,1961
92,727,1833,14,221,852,93,1396,749,998,648,1856,403,1721,1703,1272,168,1763,1775,1958,364
93,168,2037,1927,1042,852,44,1950,1856,727,1725,1697,1261,904,1958,1061,21,749,1492,1133,14
94,1214,1156,1796,498,1993,1197,823,456,1995,35,74,1541,1933,357,861,92,1637,8,444,31
95,1355,582,1751,1058,1010,1512,1705,1764,1283,1054,1806,448,1149,414,711,1539,1143,1961,1118,1749
96,168,2037,44,1111,1927,1000,1042,1406,1261,727,1913,1856,1725,1061,1133,1740,1186,1950,1763,21
97,1796,1197,498,1993,456,357,35,74,8,31,1637,92,1214,1156,823,1933,1541,861,1995,444
98,375,1684,1018,806,1718,1064,1541,1133,677,1214,227,1581,1995,1933,357,1156,92,498,823,74
99,1214,823,1541,1933,861,1156,1995,444,958,1796,1197,35,1993,74,289,357,498,31,1581,92
100,794,1214,193,571,174,1541,195,934,1511,798,1156,823,205,1933,1969,262,156,1995,1869,23
101,1796,1197,498,74,740,1951,456,1993,35,357,8,117,31,92,1156,1214,1637,823,1387,1779
102,168,727,852,14,1833,749,1283,998,1856,1042,1913,2037,1406,1751,1000,1725,582,44,1950,221
103,727,1833,14,221,852,93,1396,749,998,648,1856,403,1721,1272,1703,364,168,1725,128,1042
104,168,727,1042,2037,1833,1927,1111,44,1000,1261,1133,852,1950,1913,14,1061,1665,21,677,1406
105,1197,74,1214,1156,1796,498,1993,456,1541,8,31,823,1933,35,357,1995,92,1637,444,861
106,1779,740,1951,1009,117,1387,1197,74,1796,498,1993,357,35,31,456,92,8,1637,1933,1214
107,1796,498,1993,1197,8,31,74,357,456,92,35,1214,1637,1156,1933,823,1541,444,861,1995
108,1779,740,1951,1009,117,1387,1197,74,1993,498,1214,1933,357,31,1796,444,456,1156,35,8
109,727,1833,14,221,93,1396,749,852,998,403,648,1856,1721,1703,364,1958,1272,1664,671,733
110,301,1721,1183,299,1355,582,109,403,912,1751,1672,1958,1283,1054,1557,224,1749,763,711,1764
111,1355,582,1751,1058,1705,1512,1010,1764,1054,1283,1806,448,1149,414,711,1539,1143,43,1649,1749
112,44,2037,289,1214,1993,498,823,1156,1796,1541,357,1197,1995,456,74,1933,8,35,1581,861
113,1355,582,1751,1705,1010,1058,1512,1764,1283,1054,448,1149,1806,414,711,1539,1649,1118,1961,1143
114,1214,1197,1156,1993,498,1541,1796,74,357,8,1933,823,1995,456,31,861,35,92,444,1637
115,823,1214,1156,1541,1995,1933,861,289,958,444,498,1796,1588,456,2037,44,74,1197,1581,410
116,727,1833,14,221,1396,93,852,749,403,998,648,1856,1721,1703,1272,1958,1664,364,1118,128
117,1214,1933,823,1541,1156,861,1995,444,1796,1197,31,74,498,958,357,8,35,1993,92,456
118,1214,823,1156,1541,1933,1995,1796,1993,861,444,1197,498,74,357,35,289,8,456,1637,31
119,301,1721,1183,299,1355,1751,582,763,403,109,1958,1283,1054,43,1764,1010,1961,1672,712,1749
120,727,1833,14,221,93,852,749,1396,403,1856,998,648,1721,1958,1725,1775,1272,364,1703,128
121,1779,740,1951,117,1009,1387,1197,74,498,35,1993,456,357,1796,31,8,92,1637,1933,1214
122,1796,498,1197,1993,74,456,8,35,357,31,92,1637,1156,1214,823,1541,1933,1995,861,444
123,301,1721,1183,299,1672,912,403,712,1751,1749,109,224,523,948,1355,1534,1118,1283,582,1557
124,1018,375,1684,806,1718,1064,1133,677,958,35,92,357,8,31,456,74,498,1197,1447,944
125,1951,740,117,1779,1197,1156,1214,1009,1387,1933,74,1993,1796,456,498,823,1995,8,861,357
126,727,1833,14,221,1396,852,93,749,998,648,1856,1703,403,364,1763,1042,1721,168,613,1272
127,301,1721,1183,299,403,1958,1751,582,1355,109,1725,1449,763,1764,1283,912,1672,1010,727,1749
128,1197,1214,1796,498,1156,1993,74,35,456,823,1541,8,357,1995,1933,92,31,1637,444,861
129,727,14,221,1833,1396,852,93,749,998,648,1721,403,168,128,1272,613,1703,1763,1775,1856
130,1197,498,74,1993,456,1796,8,35,357,1156,1214,31,92,1637,1933,1995,1541,823,444,861
131,1779,1951,740,117,1009,1387,1197,74,498,1993,456,357,35,1796,8,31,92,1637,1156,1933
132,582,1355,1512,1751,1010,1705,1058,1283,1764,1054,1806,448,1149,414,1539,711,1143,1118,1749,43
133,1779,1951,740,117,1009,1387,1197,1993,74,357,35,456,444,498,1933,1214,1995,1156,861,1637
134,74,1993,1197,498,1951,456,35,357,1796,740,1214,1779,92,1933,1156,117,31,8,1637,1995
135,301,1721,1183,299,403,109,1958,1355,763,582,43,1672,1751,912,1283,712,1054,523,1749,1449
136,1355,1751,582,1058,1010,1705,1512,1764,1283,1054,448,1806,1149,414,711,1539,1649,1749,1143,1961
137,301,1183,1721,299,1355,582,109,1751,403,763,1283,1054,912,1672,1958,1764,1961,1749,711,1010
138,168,2037,852,727,44,1721,1000,1913,1186,1927,1261,1133,1042,749,582,1061,1833,1509,1958,21
139,1796,498,1993,456,1197,357,8,74,35,92,31,1637,1214,1156,1541,1995,1933,823,861,444
140,944,871,1750,791,1447,991,2068,591,1581,1480,227,174,1214,1995,1541,621,422,1869,1844,823
141,301,1721,1183,299,1672,912,224,523,109,948,1557,358,403,1749,1520,1534,712,731,65,819
142,871,791,944,1750,2068,1480,991,375,1018,1447,679,1684,1064,806,1219,422,591,1581,1995,621
143,498,1993,1796,456,1197,35,74,8,357,1637,31,92,1214,1156,823,1933,1995,1541,958,861
144,1796,1197,498,1993,357,8,74,456,35,92,31,1637,1214,1156,1541,1933,823,1995,444,861
145,168,1111,852,1042,1958,1406,1856,727,967,1186,1833,1725,2037,1697,14,1192,677,1133,1283,1913
146,1214,1933,1156,823,444,1541,861,1995,1796,1993,1197,74,31,498,35,357,8,456,92,1637
147,1214,1933,1541,823,1156,444,861,1995,1796,1993,74,35,1197,357,498,31,8,92,456,1637
148,168,2037,727,852,44,1958,1913,581,1260,1833,1927,1042,1950,967,403,1065,1186,14,1000,221
149,791,1750,871,944,2068,991,1480,1447,591,375,1018,1995,1581,823,1937,1214,227,1684,806,174
150,174,794,1214,823,1541,1156,1869,193,1995,571,195,1581,1933,410,798,861,1511,934,205,262
151,1779,1951,740,117,1197,1387,1009,1993,74,35,498,357,456,1796,8,1637,31,92,1214,1933
152,727,14,1833,221,1396,93,852,749,648,998,403,1721,1958,1856,1272,168,1703,1763,429,1042
153,1779,1951,740,1197,117,1993,74,498,35,1009,357,1387,456,31,1796,8,92,1637,1214,1933
154,301,1721,1183,403,299,1751,1725,1958,1672,582,1283,109,731,912,1355,224,727,948,1764,1054
155,727,14,1833,221,93,1396,852,749,998,648,1856,403,1703,1721,364,1775,711,1042,1763,1664
156,1796,1197,498,1993,74,456,357,35,8,31,92,1637,1214,1156,823,1541,1933,861,1995,444
157,1796,1993,498,1197,456,35,74,357,8,1637,92,31,1214,1156,823,1995,1933,1541,444,861
158,35,1197,498,456,1993,74,1796,1214,357,1156,92,8,1637,31,1995,823,1541,1933,861,444
159,289,44,498,1993,456,357,1197,2037,74,35,1796,8,92,958,1637,31,823,1214,1156,1541
160,1588,2034,1581,7,1783,410,513,327,171,799,1214,1937,823,1350,2013,289,713,1156,1541,174
161,1355,582,1751,1010,1512,1705,1058,1283,1764,1054,1806,448,1149,414,711,1539,1143,1118,1749,43
162,1522,888,846,2012,990,378,1276,1652,942,1488,1770,236,375,1018,1718,1684,806,1064,963,434
163,498,289,1993,1197,74,357,456,35,1796,8,44,958,31,1637,92,2037,1214,823,1156,1541
164,727,14,1833,221,852,1396,93,749,998,648,1721,1856,403,1272,168,1703,364,1958,1042,1763
165,301,1721,1183,299,1672,523,912,727,403,224,109,1534,712,1958,1557,948,1749,1520,1751,358
166,1018,375,1684,806,1718,1064,1133,677,871,1750,1581,944,958,1541,1480,621,1844,2068,1035,2065
167,1993,498,456,1796,35,1197,357,74,31,8,92,1637,1214,1933,289,1156,823,1541,1995,958
168,301,1721,1183,299,1672,912,109,712,1355,763,523,1283,43,403,582,1749,1534,1751,727,224
169,1692,691,963,1624,719,434,531,591,1447,1684,806,1018,227,375,1718,1522,1581,174,1064,74
170,1214,1197,1993,1796,1933,823,456,1541,1156,74,1637,498,8,31,444,357,35,1995,861,92
171,301,1721,1183,299,403,1672,1958,912,109,523,712,948,1534,1118,727,224,1749,1520,731,43
172,1750,375,871,1018,1684,791,944,806,2068,1480,1718,991,1064,1447,1522,990,591,1995,888,1276
173,1779,1951,1009,740,1387,117,1933,444,1214,861,1995,1156,1541,1197,823,1447,74,1993,357,1750
174,168,852,1042,1833,2037,727,166,799,1634,749,967,364,2034,14,1927,1856,1000,1186,221,44
175,1355,582,1751,1705,1058,1512,1010,1764,1283,1054,448,1149,1806,414,711,1649,43,128,1539,1143
176,1355,582,1751,1705,1058,1512,1010,1283,1764,1054,1806,448,1149,414,711,1539,1118,1143,1649,1749
177,95,1751,1054,1705,1355,582,1512,43,109,1775,1118,474,1058,670,1961,712,1749,200,1764,1283
178,1018,375,1684,806,1718,1064,1133,677,944,958,1750,2068,871,1480,1522,1276,1221,1447,621,991
179,1018,1684,375,806,1718,1064,1522,963,677,719,1133,691,1624,1692,434,1276,591,1447,1750,531
180,301,1721,1183,299,403,1672,109,912,1958,712,1118,1749,727,523,948,1534,1355,763,1751,582
181,498,1796,1197,1214,1156,1993,456,74,823,1541,8,35,1995,357,31,1933,861,444,1637,92
182,375,1018,1684,806,1718,1064,958,1133,677,1995,1541,1581,1750,357,498,1214,861,871,1933,1276
183,727,1833,14,221,93,852,1396,749,998,403,1721,1856,648,1703,1958,1272,128,168,1042,1763
184,301,1721,1183,299,1672,712,403,43,109,912,1751,1283,1355,523,763,1534,1958,1749,582,727
185,1779,1951,1387,1009,117,740,1933,444,861,1197,1214,1995,1447,1750,1156,375,1541,1581,823,806
186,1355,582,1705,1751,1512,1058,1010,1283,1764,1054,1806,448,1149,414,711,1539,1649,1118,1961,1143
187,1779,1951,1009,740,1387,117,1197,1933,444,74,1214,1993,357,861,498,1156,31,1995,1541,35
188,1214,1156,823,1541,1933,1995,861,444,1796,74,1197,35,498,958,31,1993,357,8,456,1637
189,301,1721,1183,299,1355,1751,582,403,109,912,1958,1672,1764,1283,1010,1749,1449,1054,763,224
190,301,1721,1183,299,403,1958,1751,582,109,1355,763,1725,1672,711,1283,1749,912,1118,1449,43
191,1355,1010,582,1751,1764,1512,1058,1705,1283,1054,448,1806,1149,414,43,711,712,1856,738,1664
192,727,14,221,1833,1396,852,749,93,403,648,998,1721,1272,1958,1856,128,1703,613,1664,1775
193,727,1833,14,221,93,852,749,1396,403,998,1721,1856,648,1958,1272,1703,168,1118,1664,1775
194,1214,823,1541,1156,1933,444,861,1995,1197,1993,174,31,1796,1581,498,74,357,1869,35,958
195,1197,740,74,498,1951,35,1796,1779,1993,456,357,117,1387,8,31,1009,92,1637,1214,1156
196,727,1833,14,221,852,93,749,1396,998,648,403,1856,1721,1272,1775,364,168,128,1749,1958
197,1197,1993,74,498,456,1796,357,35,31,8,1214,92,1637,823,1156,1933,1541,1995,444,289
198,1214,1156,1541,823,1933,1995,861,1796,444,1197,74,498,1993,35,31,456,8,357,1581,92
199,1355,582,1751,1010,1512,1058,1705,1764,1283,1054,1806,448,1149,414,1539,711,1749,1649,1143,1118
200,168,2037,1042,44,904,1950,1913,1725,1927,1000,1649,1133,727,1192,1856,432,21,1261,1111,1721
201,1581,1447,1750,174,944,871,791,1214,991,1480,1995,2068,591,1869,958,823,1541,1156,1933,227
202,1355,1751,582,1058,1512,1705,1010,1764,1283,1054,448,1806,1149,414,711,128,1649,1539,1961,738
203,1214,1156,1796,1197,498,1993,1541,74,823,1995,456,1933,357,35,8,31,861,92,1637,444
204,1355,1751,582,1010,1512,1058,1705,1764,1054,1283,448,1806,1149,414,711,1539,1749,1143,128,1856
205,498,1197,1993,1796,357,74,35,456,1214,31,1933,8,92,823,1541,1637,1156,444,1995,289
206,1684,1018,375,806,1718,1064,1750,1522,944,1276,871,174,1447,1869,2068,1581,591,991,2012,1541
207,1214,823,1156,1933,1541,1995,861,444,958,1796,1197,289,74,498,31,1993,1581,456,35,357
208,1214,823,1156,1995,1933,1541,861,444,1796,74,1197,498,35,1993,456,31,8,92,357,1637
209,727,1833,14,221,93,852,1396,749,403,1856,1721,648,998,1958,1725,1775,1272,1539,1703,128
210,168,2037,1927,1133,1000,1186,1913,44,1111,1261,1042,677,21,1910,904,1061,1697,840,581,1950
211,1214,1197,1796,1541,498,74,1156,823,31,1933,1993,35,456,8,861,357,92,1995,444,958
212,1197,357,1541,1214,1156,498,1993,8,74,1995,1796,92,1933,35,31,456,823,1637,444,861
213,727,14,1833,221,852,93,1396,749,998,648,403,1721,1856,364,1775,671,1703,1763,1749,711
214,168,2037,852,44,904,1042,1725,727,1856,1927,1950,967,1913,1958,1186,1649,1111,1833,14,1065
215,1197,1993,74,1796,498,35,456,357,8,31,92,1637,1214,1156,1933,861,444,823,1541,1995
216,1214,1156,1933,1541,823,1995,861,444,1796,498,74,1197,31,357,1993,8,35,456,92,1637
217,1355,582,1751,1010,1512,1705,1058,1764,1283,1054,448,1806,1149,414,711,1143,1539,1749,43,1118
218,2034,7,171,1783,1581,799,327,513,1588,1350,410,561,1937,1640,1214,174,1712,227,2054,6
219,727,14,1833,221,93,852,1396,749,998,1721,403,1856,648,1703,1272,1958,1476,128,364,733
220,1993,1197,456,498,1796,35,74,1156,1214,357,8,823,1637,1995,92,1541,31,1933,861,444
221,301,1721,1183,299,403,1958,109,912,1672,582,1355,731,523,1749,1751,1118,224,763,711,95
222,727,14,221,1833,852,1396,93,749,998,403,168,1856,648,1958,1272,1721,364,1763,1703,1042
223,301,1721,1183,299,912,403,1672,109,1557,1958,1749,1355,523,1118,948,224,1534,358,1751,1449
224,301,1721,1183,299,582,109,1355,1751,403,1283,912,1958,1054,763,1672,1449,1764,1010,711,1749
225,1355,1010,582,1751,1058,1705,1512,1764,1283,1054,1806,448,1149,414,43,711,738,712,1961,1539
226,1779,1951,1009,1387,740,117,1933,444,1197,1750,1447,1214,1995,1156,861,357,1541,1993,74,871
227,301,1721,1183,299,1672,109,403,912,1751,1283,1355,1958,582,763,712,1534,731,523,43,1749
228,1214,444,1156,1541,823,861,1933,1995,1796,74,1197,1993,498,35,357,31,456,1637,8,92
229,1684,375,806,1018,1718,1064,1581,227,1541,1447,591,691,1214,1995,871,1750,963,719,174,1133
230,168,2037,44,727,1913,1927,1000,1261,1042,1111,1192,1833,1061,1950,21,1958,1406,1022,1133,1541
231,727,14,1833,221,852,93,749,1396,998,403,648,1721,1856,1775,128,1749,1958,1272,168,1703
232,168,852,2037,727,1833,44,364,1042,581,1581,14,967,1000,1509,998,2034,1913,713,1260,749
233,727,14,221,1833,1396,852,93,749,998,403,648,1856,168,1272,1958,1721,1763,1703,364,1876
234,1018,375,1684,806,1064,1718,1133,677,1750,944,871,958,2068,1480,991,791,1581,1995,1541,1447
235,1779,1951,740,117,1009,1387,1197,1993,74,357,35,498,456,31,1933,8,444,92,1637,1796
236,301,1721,1183,299,403,1672,1958,712,912,1118,1751,109,1749,1355,727,1534,582,523,1283,763
237,1355,1010,582,1751,1512,1764,1058,1283,1705,1054,1806,448,1149,414,43,711,738,1539,1856,1664
238,1018,375,806,1684,1718,1064,677,1133,357,74,92,8,1197,498,31,35,456,1993,1447,1637
239,1355,582,1751,1512,1010,1705,1058,1764,1283,1054,448,1806,1149,414,711,1143,1539,43,1749,1118
240,168,727,852,1721,2037,1042,1950,44,1958,1833,1913,1725,1856,904,14,93,221,1000,1927,1261
241,1214,1541,823,1156,1933,1995,861,444,1197,1796,498,35,74,1993,357,289,958,456,31,92
242,1197,1796,456,498,74,35,1993,357,8,1951,740,92,1637,31,117,1779,1156,1387,1214,1009
243,1355,582,1751,1010,1512,1705,1764,1058,1283,1054,1806,448,711,1149,414,1143,1539,1749,1118,128
244,1796,1993,498,1197,456,74,35,357,8,31,1637,92,1214,1156,44,823,289,2037,1541,1995
245,375,1684,806,1018,1214,1718,1541,1064,1995,1156,1933,823,1581,444,861,958,174,357,1447,1993
246,963,691,434,1624,1692,719,531,1684,591,1447,806,1522,375,1018,227,174,1718,1869,1276,1064
247,727,14,221,1833,852,1396,93,749,403,998,648,1856,1272,1721,1703,1958,364,1763,128,168
248,1197,1796,498,74,456,1993,357,35,8,92,31,1637,1214,1156,823,1933,1995,1541,444,861
249,1588,513,799,7,1783,327,171,410,2034,1581,1350,1097,195,193,794,591,1869,174,99,1712
250,1214,1541,823,174,1995,1156,1581,861,1933,1869,444,958,1588,410,44,2037,2013,1640,289,1350
251,14,727,1833,221,1396,93,852,749,998,403,648,364,1856,1703,1042,1272,1775,1958,1721,1876
252,301,1721,1183,299,1672,109,403,582,912,1283,43,712,1751,1749,224,1355,711,1958,523,948
253,498,1197,1796,1993,74,31,8,456,35,357,92,1637,1214,1156,1933,823,444,1541,861,1995
254,1796,1197,498,1993,35,74,357,456,8,92,31,1637,1214,823,1156,1995,1541,1933,289,861
255,1355,1751,582,1010,1512,1058,1705,1764,1283,1054,448,1806,1149,414,711,1539,1749,1143,1118,1649
256,301,1721,1183,299,1672,109,403,43,912,1283,1958,763,1355,582,1751,523,224,712,1054,1749
257,958,1581,1214,174,1541,1869,823,1156,1933,289,1937,1995,1197,456,2013,8,1350,498,74,1588
258,1993,1796,74,1197,498,456,35,357,31,92,1214,1637,1156,8,1541,1933,823,861,1995,444
259,1214,1156,1796,1541,1933,1993,1197,74,357,823,498,31,861,8,1995,444,456,35,92,1637
260,1214,1156,823,1995,1933,1541,444,861,1796,74,31,1750,357,1197,498,1993,35,991,375,1869
261,168,2037,1133,1042,852,581,1186,1913,1763,1192,677,1581,1721,99,727,44,1418,1000,904,1833
262,168,2037,1133,581,1000,727,1913,44,1950,852,677,1260,998,904,967,1927,1065,787,2034,1186
263,1355,582,1751,1705,1058,1010,1512,1764,1283,1054,1806,1149,448,414,711,1539,1649,1749,1118,1961
264,168,727,1721,2037,1913,1833,1958,852,904,1186,1192,414,483,44,1950,582,609,1725,1042,1509
265,301,1721,1183,299,582,1672,1355,109,1283,1751,403,912,712,763,1749,1054,43,711,1118,1958
266,1214,1197,1933,1796,1541,823,1993,1156,74,498,357,35,456,31,861,8,444,1995,1637,92
267,1796,498,1197,1993,74,8,456,35,92,31,1214,357,1637,1156,1541,1933,1995,823,444,861
268,791,1750,871,991,944,2068,1480,1447,591,227,1018,1684,375,2043,806,172,1035,1064,1793,1995
269,301,1721,1183,299,109,1672,912,403,523,948,763,1355,819,1534,1283,712,43,1520,1958,1749
270,727,14,1833,221,852,93,749,1396,403,998,1721,648,1856,128,1703,1775,1958,1272,1749,1539
271,301,1721,1183,299,403,727,1958,1672,1751,1355,1749,109,582,224,912,1449,1118,1557,1725,523
272,1214,823,1541,1933,1156,444,1995,861,1781,870,174,1712,31,99,1350,581,1197,2054,1796,1581
273,1779,740,1951,117,1009,1387,1197,74,498,1993,35,456,357,31,1796,8,92,1637,1214,1933
274,301,1721,1183,299,582,403,109,1355,1672,1751,1283,912,1958,1054,763,43,711,1749,712,224
275,1779,1951,740,1009,117,1387,1197,74,1993,1796,498,31,1933,1214,1156,456,8,357,35,92
276,1588,410,171,327,1783,513,7,2034,799,174,1581,1350,591,1447,1937,794,2054,1869,561,1712
277,7,171,1783,513,799,327,2034,1588,410,1581,1214,195,794,1350,174,1712,823,193,561,1937
278,1355,582,1512,1705,1751,1058,1010,1283,1764,1054,1806,448,1149,414,711,1539,1649,1143,1118,1961
279,727,14,1833,221,852,93,1396,749,403,1856,648,998,364,1721,1958,1725,1775,1272,1749,429
280,301,1721,1183,299,403,109,1958,582,1355,1672,912,1751,1283,43,763,712,711,948,1749,1054
281,727,1833,14,221,93,852,749,1396,1856,403,998,1721,648,364,1725,1703,1763,671,1272,1958
282,301,1721,1183,299,109,403,912,1672,1355,1958,948,523,1534,763,1751,1283,712,731,582,1749
283,289,44,2037,498,1197,1993,456,357,74,35,958,823,1796,8,1214,92,1541,1156,1637,1995
284,1214,1156,823,1541,1933,1995,861,444,958,1796,498,1197,31,74,1581,8,289,456,92,35
285,1522,888,378,2012,846,942,1276,990,1652,1488,1770,236,375,1018,1718,1684,806,1064,172,963
286,1214,1156,823,1933,1541,444,861,1197,1995,1796,498,1993,31,74,35,357,456,1637,8,92
287,1214,1197,1796,498,1993,74,35,456,1156,823,31,8,357,1637,1541,861,1995,1933,444,92
288,498,1993,1197,1796,8,456,74,357,35,31,1214,1156,92,1637,1541,1933,823,1995,861,444
289,301,1721,1183,299,403,1958,109,912,763,1672,1355,523,582,852,1961,1557,727,1751,1449,1749
290,168,2037,44,727,1927,1913,852,1000,1665,1061,1111,1261,1910,289,1133,581,1186,582,1833,21
291,582,1355,1751,1512,1705,1010,1283,1058,1764,1054,448,1806,1149,414,711,1539,1118,1143,1749,1649
292,375,1018,1684,1718,806,1064,677,1133,621,944,1522,1276,591,1750,1447,227,1844,1221,1480,174
293,168,2037,44,1927,1000,21,727,1111,1913,1261,1061,852,1950,998,1721,1042,1763,1541,1697,749
294,95,1751,1355,109,582,1705,1283,1512,1054,1961,1775,403,474,1118,1749,299,1058,670,128,1764
295,1214,1541,823,1995,1156,444,1933,861,1197,74,1796,498,35,1993,357,456,92,31,1581,8
296,1796,498,1993,1197,35,456,74,357,8,92,1637,31,1214,1156,823,44,289,1995,2037,1541
297,301,1721,1183,299,912,1672,109,403,731,948,523,1520,358,224,670,1534,575,200,819,1283
298,168,852,2037,727,1958,1042,1913,582,1721,904,1725,1950,1833,14,1649,1856,1283,1186,93,1927
299,1214,1156,823,1541,1995,1933,1581,1796,861,498,1197,444,958,44,2037,456,2013,289,74,1993
300,1779,1951,740,1009,117,1387,1197,1933,1447,1214,1993,444,861,74,1995,1156,823,357,1541,31
301,727,14,1833,221,852,1396,93,749,998,403,648,1856,1958,1721,1272,364,168,1118,1539,1749
302,727,14,1833,221,1396,93,852,749,998,648,403,1856,1272,1721,1958,1703,1539,1118,1664,711
303,1355,1751,582,1010,1705,1512,1764,1058,1283,1054,448,1806,1149,414,711,1539,1143,1749,1118,1856
304,168,2037,44,727,1042,1261,1927,1913,1000,1111,1061,582,1406,1449,21,840,1958,1950,1833,1910
305,168,727,852,93,364,1833,1721,2037,2034,799,1186,14,1783,582,1751,1913,1958,1406,171,840
306,301,1721,1183,299,403,1958,109,912,1672,712,582,523,727,1355,1749,1118,1534,1751,1520,1449
307,1214,823,1933,1541,861,444,1995,1156,958,74,1197,1796,31,35,357,92,525,498,456,289
308,1783,513,7,799,171,2034,327,1588,410,1581,1214,174,1712,958,1350,2013,1097,1937,99,1332
309,1197,740,1779,1951,117,74,1993,1009,498,1387,1796,357,8,456,31,35,1637,92,1214,1933
310,301,1721,1183,299,403,1958,1355,1751,582,109,763,712,912,1118,1749,1672,1961,727,1283,1449
311,168,2037,1927,44,1111,1261,21,1061,1042,1697,1000,1950,904,1133,967,357,1814,1913,1740,289
312,498,357,456,1197,74,35,1993,8,1796,92,31,1637,289,44,958,1214,2037,1156,823,1933
313,1588,171,410,513,1783,799,7,327,2034,1581,1712,1097,697,174,1869,1719,99,1781,2013,581
314,1197,498,1993,74,357,1796,8,456,31,35,1214,1156,92,1541,1637,1933,823,1995,444,861
315,168,2037,1927,44,1042,1725,1856,1111,1950,1261,967,21,1133,1061,1913,852,965,1697,904,1418
316,1197,1214,1796,1993,1156,498,74,1541,823,456,357,8,1933,35,1995,31,92,861,444,1637
317,168,2037,1133,1927,1061,677,1042,1913,44,1111,1261,21,1192,1958,1721,852,1186,1697,1950,581
318,2037,44,1581,174,289,410,1869,1214,1588,1156,823,1541,2013,1995,1796,1993,498,1197,1933,456
319,289,498,1993,456,357,44,1197,74,35,2037,8,1796,958,92,31,1637,823,1214,1156,1541
320,1796,1197,74,1993,498,35,456,1214,31,357,8,92,1156,823,1637,1541,1933,861,1995,444
321,1214,1541,1933,1156,823,444,1995,861,1869,174,1581,1750,375,1447,74,1796,1197,1684,1018,1993
322,168,2037,852,1913,1927,727,44,21,1042,1283,582,1725,967,904,1111,1833,14,1061,1950,1649
323,1355,582,1751,1010,1058,1512,1705,1283,1764,1054,1806,448,1149,414,1539,711,1118,1749,1649,1961
324,1214,1156,1541,1197,1995,823,1933,74,498,456,1796,1993,444,861,35,1637,31,92,8,357
325,727,14,1833,221,93,852,1396,749,1721,998,403,648,1775,128,168,1539,1749,1856,1272,711
326,727,14,1833,221,852,93,1396,749,403,998,1856,1721,648,1703,128,1958,1775,1539,1476,1749
327,1355,582,1705,1751,1010,1058,1512,1764,1283,1054,1806,448,1149,414,711,1539,1143,1118,1649,1749
328,1214,1156,1197,1993,1796,823,498,74,456,1541,1995,35,1933,357,861,31,1637,444,8,92
329,498,1197,1993,1796,456,74,35,8,357,1156,1214,1637,92,31,1995,823,1541,1933,861,444
330,727,14,1833,221,1396,852,93,749,998,168,1721,648,403,1272,1763,1856,1703,1775,613,128
331,727,14,1833,221,93,852,1396,749,998,403,648,1856,1721,1272,1958,1703,1775,1763,1539,364
332,1993,357,1197,74,498,35,8,1796,1214,456,1541,92,1156,31,1637,823,1995,1581,1933,861
333,1214,1156,823,1541,1933,1995,861,1796,498,444,1197,74,1993,35,8,31,456,357,289,92
334,168,2037,1927,1042,1111,44,582,1261,1913,1061,1950,1186,1958,1449,852,21,677,1058,1763,1133
335,375,1018,806,1684,1214,1541,1156,1718,1064,958,1995,1933,823,1581,35,861,92,498,174,444
336,174,1869,1447,1214,1156,1750,1995,1541,444,591,1933,1581,944,1018,991,1522,888,6,861,2068
337,1197,1993,498,357,74,1796,456,35,1214,823,92,1933,31,8,1156,1541,1637,444,1995,861
338,727,1833,14,221,93,1396,852,749,998,403,1721,648,1775,1856,1958,1539,1749,128,364,1272
339,498,357,456,1993,35,74,1197,289,1796,8,958,31,1637,92,1214,44,2037,823,1156,1995
340,1214,1156,823,1581,1541,1995,174,1933,1869,958,861,1197,1993,444,498,35,456,31,1447,74
341,168,727,1042,852,1833,1958,14,1927,2037,221,749,1950,1725,1913,1856,403,1396,1111,967,904
342,171,7,513,1783,2034,327,1588,799,410,1581,195,1214,794,1712,1350,193,571,823,1937,23
343,727,1833,14,221,1396,852,93,749,403,648,998,1856,1958,1721,1272,1703,1118,1749,364,1775
344,1214,823,1541,1156,1933,861,1995,444,1197,498,1796,1993,289,31,74,357,35,958,8,456
345,1214,1156,1995,823,1541,1197,1933,456,1993,444,1796,74,861,498,35,1637,92,357,31,8
346,168,2037,852,44,727,1042,1927,1111,967,1950,1913,581,749,1958,1856,904,1721,1261,1000,1061
347,1197,74,1993,498,35,456,1796,1637,31,8,1214,92,1779,357,740,1156,1933,117,861,444
348,1993,1197,1796,498,74,357,456,31,8,1214,35,823,1156,1933,1541,92,1637,861,444,1995
349,1214,1156,823,1995,1541,1197,1933,444,861,958,1447,1993,1637,456,74,498,1796,92,35,1581
350,1197,1796,740,1951,74,498,1993,1779,456,117,357,35,1009,31,8,92,1387,1637,1214,1156
351,168,2037,1042,852,727,1927,1958,581,1913,1833,749,44,1261,1061,1000,1186,1509,1634,14,21
352,301,1721,1183,299,582,1355,109,403,1751,1283,1672,763,912,1958,712,43,1054,711,1749,224
353,1197,498,1796,74,35,1993,456,357,8,31,92,1214,1156,1637,823,1541,1933,1995,861,444
354,1214,1156,1541,1933,823,861,444,1995,1197,74,1796,1993,498,31,35,357,456,8,1637,92
355,944,871,1447,791,1750,591,991,2068,1581,1480,1214,227,1995,1018,823,1541,375,174,1869,958
356,301,1721,1183,299,1672,912,712,109,1283,403,1749,582,523,1118,948,224,1355,1751,43,1534
357,1214,1156,1541,1933,823,1995,861,444,1197,1796,1581,1993,74,498,31,958,92,357,456,35
358,1355,582,1705,1512,1751,1058,1010,1764,1283,1054,1806,1149,448,414,711,1539,1649,1118,1143,43
359,727,14,1833,221,852,93,1396,749,998,648,403,1856,1721,1703,168,1763,1775,128,1272,1958
360,168,2037,44,1042,852,727,1950,1509,967,965,1186,1581,1763,1634,1192,840,1133,581,904,1000
361,727,1833,14,221,852,93,1396,749,998,403,648,1856,1721,1703,364,1272,671,1763,1958,1725
362,1197,1796,498,1993,74,357,456,35,8,31,92,1637,1156,1214,823,1933,1541,1995,861,444
363,168,2037,44,1111,1042,852,1133,677,1406,727,1927,1913,1000,1958,582,1261,1763,1186,1061,1634
364,727,14,1833,221,93,852,1396,749,403,1856,998,648,1958,1272,128,1721,1775,1725,364,1703
365,1197,1796,498,1993,74,357,456,35,8,31,92,1637,1214,1156,823,1933,444,861,1541,740
366,1018,375,1684,806,1718,1064,677,1133,958,92,35,8,357,74,498,31,456,1197,1637,1541
367,1447,1214,1156,1869,591,823,174,1995,1541,74,1197,1933,1993,456,498,1284,861,1581,35,698
368,1197,74,1993,498,1796,456,35,357,8,31,92,1637,1214,1156,1933,823,861,1541,444,1995
369,727,14,1833,221,1396,93,852,749,998,648,403,1721,613,1703,1272,364,1042,1763,1775,1856
370,168,2037,727,44,1000,1927,1111,852,1958,1913,1061,1541,1950,1856,1725,1763,581,1261,904,1697
371,727,14,1833,221,852,93,1396,749,998,648,403,1721,128,1272,168,1856,1958,1775,1703,1664
372,1214,1156,823,1541,1933,1995,861,444,289,1796,958,44,2037,1197,1581,35,74,498,2013,1993
373,1018,375,1684,806,1718,1064,677,1133,944,1750,1219,871,2068,1844,2043,92,621,357,1221,1592
374,301,1721,1183,299,403,1751,1958,1355,582,109,763,1672,1725,1283,1449,912,1749,1118,727,1764
375,1355,582,1751,1010,1512,1058,1705,1764,1283,1054,1806,448,414,1149,1539,711,1749,1143,1118,1649
376,1197,498,456,35,1993,8,74,1637,31,357,1796,92,1214,1156,958,823,1541,1995,1933,861
377,1355,582,1751,1512,1705,1010,1058,1283,1764,1054,1806,448,1149,414,711,1539,1649,1961,1118,738
378,168,2037,44,1927,1950,727,1042,1000,1133,1261,1111,581,21,1913,1665,1061,677,1406,99,1684
379,168,2037,1927,1913,1261,1061,1186,581,44,852,357,1042,1000,21,1133,99,1814,1111,967,1910
380,168,2037,1958,727,1111,1042,852,1950,44,1833,1186,1133,14,1927,582,1856,1913,93,1665,1725
381,174,1869,1214,1541,1156,823,1995,2013,1581,1933,861,444,1447,2034,410,7,591,327,561,1937
382,1447,1581,1214,591,958,174,1869,1541,823,1156,1995,561,1933,1197,861,1640,6,1993,444,456
383,727,14,1833,221,1396,852,93,749,998,403,1856,648,1703,1721,1958,1272,1775,364,1476,168
384,727,14,1833,221,1396,93,852,749,998,648,1703,403,1856,613,1721,364,1042,1763,1272,255
385,1214,1933,823,1156,1541,1197,1993,74,1796,861,444,1995,498,456,35,357,31,8,1637,92
386,1355,582,1705,1751,1512,1010,1058,1283,1764,1054,448,1806,1149,414,711,1539,1649,1118,1143,1961
387,1796,1197,498,1993,74,357,456,35,8,31,1637,92,1214,1156,823,1933,1541,861,444,1995
388,1214,1541,1156,1933,823,861,1995,444,1197,1796,74,498,31,1993,357,8,35,92,1637,456
389,1993,498,1197,1796,74,357,456,8,31,92,35,1637,1214,1156,1541,1933,823,1995,444,861
390,727,1833,14,221,93,852,1396,749,1856,998,403,1721,648,1703,1958,711,1725,1664,1272,1775
391,1214,823,1541,1933,861,1156,444,1197,74,1995,1796,31,35,958,357,1993,498,456,92,8
392,727,14,1833,221,1396,93,852,749,403,998,1856,648,1272,1958,1721,1703,1042,364,128,168
393,1214,1541,1156,498,1197,823,1796,1933,74,861,1995,31,357,1993,444,35,8,456,92,1637
394,1993,1197,498,1796,74,456,357,35,31,8,1637,92,1214,1156,823,1933,1541,1995,444,861
395,727,14,1833,221,93,1396,852,749,998,1721,648,403,128,1272,1775,168,1856,738,1118,1703
396,301,1721,1183,299,403,109,912,1672,1958,948,523,224,731,358,1355,1520,1534,582,819,65
397,1993,1197,1214,823,456,35,74,1156,498,92,357,31,1637,1933,1796,1995,1541,444,861,8
398,1214,823,1541,1995,1156,444,1933,861,1581,1197,1993,357,498,958,35,74,1796,1869,456,92
399,498,1197,1993,1796,74,35,456,357,31,8,92,1637,1214,1156,823,1541,1933,1995,958,861
400,1018,375,1684,806,1064,1718,1133,677,944,1750,871,2068,1480,791,991,958,1522,1447,1581,1276
401,1214,823,1541,1197,1933,1156,861,1796,74,444,1995,31,958,1993,35,357,498,456,8,92
402,301,1721,1183,299,1751,582,1355,1283,403,109,1672,712,763,1749,1054,912,1958,1010,727,43
403,1018,375,1684,806,1718,1064,1541,1214,174,1995,1581,1156,1447,74,456,35,1869,92,498,591
404,1779,1009,1951,117,1387,740,1447,1933,444,861,1214,1197,1995,591,1541,1156,74,823,1993,6
405,301,1721,1183,299,912,1672,109,948,403,523,1520,731,224,1534,712,670,200,358,575,582
406,168,2037,727,852,44,1958,1927,1950,1042,1509,749,1133,1856,1111,1725,1697,1000,965,1634,581
407,1522,888,2012,942,846,1276,378,990,1652,1770,375,1488,236,1684,1018,1718,806,1064,691,963
408,1355,582,1010,1512,1751,1058,1705,1764,1283,1054,1806,448,1149,414,43,712,738,711,1664,1749
409,1796,1214,1197,1156,498,74,1993,1933,1541,456,31,8,823,357,35,92,861,1995,1637,444
410,168,2037,1927,1042,21,852,44,1958,1061,1261,1697,582,1913,1950,727,904,1725,1283,967,1721
411,791,944,871,1750,991,1480,1447,2068,591,823,1995,1214,174,375,679,1018,1933,2043,1541,1581
412,727,14,1833,221,852,93,749,1396,403,1856,998,1721,1958,648,1775,1703,1725,1118,1749,1272
413,1779,1951,740,117,1009,1387,1197,74,1993,35,498,1214,1933,456,31,92,1637,861,1796,357
414,498,1197,1993,1796,8,74,456,35,31,357,1637,92,1214,1156,1933,1541,823,861,444,1995
415,168,2037,44,852,1927,1000,1042,1133,1186,1509,1261,1913,727,581,1634,582,1581,967,364,965
416,1951,1779,740,117,1009,1387,1197,74,1993,357,498,1933,456,1156,1214,1796,31,444,35,1995
417,375,1684,806,1018,1718,1064,74,92,1197,456,35,498,1993,357,1796,31,1637,8,1214,1541
418,168,727,852,749,14,1042,1856,1950,44,2037,2034,1958,1833,1721,998,1725,93,648,1406,1111
419,727,14,1833,221,93,852,1396,749,998,403,648,1721,1856,1703,128,1958,1775,364,1272,1763
420,1214,1156,1796,498,1197,1993,1541,74,1995,35,823,456,1933,357,8,92,31,1637,861,444
421,727,14,1833,221,1396,93,852,749,998,648,403,1703,1272,1856,364,1763,1958,1721,128,1042
422,1214,1541,823,1156,861,1933,444,1995,174,1869,1796,1581,1197,31,1993,958,74,1447,498,35
423,1796,498,1197,1214,1156,1993,74,35,456,823,8,1541,1995,357,31,92,1933,1637,861,444
424,301,1721,1183,299,403,1958,1672,109,1751,1725,912,1749,1355,727,224,582,1118,1557,358,711
425,1214,1541,806,1684,375,1018,1156,1995,1933,1718,823,444,74,456,1064,35,174,357,1993,1197
426,301,1721,1183,299,582,1672,109,1751,912,1283,1355,403,224,1749,712,727,43,1054,1958,948
427,498,456,1197,1993,74,35,357,289,1796,44,92,8,1637,958,31,1214,2037,823,1156,1541
428,1355,1010,582,1751,1764,1058,1705,1512,1283,1054,448,1806,1149,414,43,711,712,1856,738,1406
429,727,1833,14,221,852,93,1396,749,403,1856,998,648,1958,1721,1703,1272,1539,1775,364,1725
430,168,2037,44,1000,1927,727,21,1913,1133,1061,1261,677,1950,852,1541,289,1214,1721,1697,1192
431,375,806,1684,1018,1718,1064,1541,1214,1156,1995,1933,823,861,444,1133,677,1581,958,74,357
432,168,727,1833,2037,14,93,852,44,1111,1913,998,1950,1958,1042,221,749,904,787,582,1665
433,44,2037,1156,289,1214,823,1995,1541,498,1993,456,1197,1933,1796,1581,357,861,35,74,958
434,1214,1156,1541,1933,823,1995,444,861,1197,498,31,1796,1869,1993,1581,74,174,357,8,35
435,727,1833,14,221,852,93,1396,749,998,1856,648,403,364,1703,1721,1763,1775,1272,1725,1042
436,727,1833,14,221,1396,93,749,852,998,648,403,1721,1775,1703,613,1856,364,168,1763,1958
437,727,14,1833,221,93,1396,852,749,1721,998,648,403,128,1272,1775,1958,1856,1539,1703,168
438,513,171,7,2034,799,1783,327,1588,410,1581,1097,1712,99,713,1781,1350,697,581,2013,1719
439,1779,1951,740,1009,1387,117,1197,1447,74,357,1993,1933,498,35,444,1796,456,31,1995,861
440,301,1721,1183,299,109,403,1672,582,1751,1355,1283,912,763,43,1958,712,1054,948,1449,1961
441,1581,174,1640,561,1937,1440,1869,1214,1322,1350,1588,1699,787,713,1332,1621,6,410,7,1712
442,1833,727,14,221,93,852,1396,749,998,1856,403,648,1721,1703,364,1958,671,1042,1272,1725
443,1796,498,1197,1993,74,35,456,1214,1156,823,8,92,357,31,1637,1541,1933,1995,861,444
444,1993,1197,74,1214,1796,357,498,456,35,31,823,1156,1933,8,1541,1637,92,861,444,1995
445,168,1927,1061,1111,2037,1042,1261,21,1697,1958,1913,1725,1721,852,1950,44,1856,727,1133,1492
446,1581,958,1588,174,1214,410,1869,7,171,327,799,1783,1447,2034,1156,513,2013,1541,1995,823
447,1355,582,1751,1010,1512,1058,1705,1764,1283,1054,1806,448,414,711,1149,1143,1749,1539,1118,128
448,1783,2034,513,171,327,7,799,1581,1214,6,561,1699,1322,1621,713,1796,444,1541,2013,456
449,44,289,2037,823,1214,1156,1541,958,1995,498,1581,1993,357,1933,861,456,1197,74,1796,1937
450,2034,7,1783,171,513,327,799,1588,1581,410,1214,195,1712,1156,2013,581,23,794,174,262
451,1197,1993,74,35,498,456,1214,357,1796,92,1637,1933,31,8,1156,444,861,823,1995,1951
452,1355,582,1751,1705,1010,1058,1512,1283,1764,1054,1806,448,1149,414,711,1539,1118,1143,1961,1649
453,171,7,513,2034,327,1783,799,1588,410,1581,561,195,1712,1350,794,1322,6,1621,1332,193
454,1214,1869,1581,958,1783,1796,1156,171,799,513,1541,174,823,2034,327,31,35,1712,1637,861
455,375,1018,1684,806,1718,1064,677,1133,621,1844,944,92,357,1219,2043,35,498,1898,839,74
456,375,1684,1018,806,357,35,1993,74,1197,1718,456,498,1541,1796,1214,92,1156,31,1933,1064
457,1214,1156,823,1995,1541,861,1933,444,1796,1197,74,35,498,357,1993,8,31,456,92,1637
458,727,1833,14,221,1396,852,93,749,403,1856,998,648,1721,1958,1272,1703,1775,1725,364,1118
459,727,1833,14,221,1396,852,749,93,403,998,648,1958,1856,1721,1118,1272,1749,1703,1539,1775
460,1796,498,1197,1993,456,357,74,35,8,31,92,1637,1156,1214,823,44,289,2037,1933,1995
461,1779,740,1951,1197,117,1009,74,1387,1993,1214,31,1933,498,1796,1156,8,456,1637,444,35
462,301,1721,1183,299,403,1958,1672,109,727,912,712,1749,582,1355,1751,1118,763,43,948,523
463,301,1721,1183,727,403,1958,1672,1751,299,1283,582,109,1355,763,1725,43,224,712,523,912
464,1197,1993,1796,498,74,1214,357,456,823,31,8,35,1933,1156,1541,1637,444,92,861,1995
465,1796,498,1197,74,35,1993,456,357,8,31,92,1637,1214,1156,823,1933,1541,861,444,1995
466,498,1796,1197,1993,74,456,357,31,8,35,1156,92,1214,1637,1933,1541,1995,823,861,444
467,375,1684,806,1018,1718,1064,1541,1156,1933,1214,1995,74,823,498,92,357,1796,444,1197,861
468,498,456,1796,1993,35,1197,74,1214,1156,357,8,1637,92,1995,823,31,1541,1933,44,861
469,1018,1684,375,806,1718,1064,1133,677,958,1581,1447,92,357,35,456,74,8,1640,227,498
470,1214,823,1156,1933,1541,1995,861,444,1796,74,31,357,1993,1197,498,35,289,8,456,958
471,301,1721,1183,299,403,1958,109,582,1355,1751,763,1672,912,1449,1725,711,1283,1749,1961,95
472,1684,375,806,1018,1214,1541,1718,1156,1064,1933,1995,1993,74,456,498,92,1197,357,823,1581
473,74,1197,1993,1779,498,740,1951,1796,456,35,117,8,31,92,357,1637,1214,1009,1156,1933
474,375,1684,806,1018,1718,1064,1581,1447,1541,1214,174,92,498,591,74,456,1640,1993,1995,1197
475,375,1018,1684,806,1718,1064,1541,92,1214,498,677,74,357,35,1133,31,1995,1197,1933,456
476,498,1197,456,74,1993,1796,1156,35,1214,8,357,31,92,1637,1995,1541,1933,823,861,444
477,1197,498,74,1796,1993,35,456,357,8,92,31,1637,1214,1156,1933,823,740,861,444,1541
478,727,14,221,1833,1396,852,93,749,403,998,648,364,1958,1721,1272,671,1856,1775,1763,1703
479,301,1721,1183,299,403,109,1355,582,1672,1751,912,1283,1958,763,948,1749,1054,712,1449,43
480,301,1721,1183,299,582,1751,1355,403,109,1283,763,1958,1054,1764,1010,912,1449,1672,1749,711
481,168,1042,2037,852,1927,1913,1950,1833,582,727,1283,1725,1000,1649,967,1958,904,1133,1971,14
482,1796,1197,1993,498,357,74,456,35,8,92,31,1637,1214,1156,823,1933,1541,1995,444,861
483,1214,1541,1156,1933,823,861,1995,1796,1197,444,74,1993,31,498,357,8,35,456,92,1637
484,1355,1751,582,1010,1512,1764,1058,1705,1283,1054,448,1806,1149,414,43,1856,712,738,1664,711
485,1197,1796,74,498,1993,357,456,35,8,31,92,1637,1214,1156,823,1933,1541,861,444,1995
486,1214,823,1541,1156,861,1933,1995,2037,44,289,444,1796,1993,1197,498,1581,357,456,958,2013
487,1750,944,871,791,991,1447,2068,1480,174,591,1581,1869,227,1214,1995,823,1541,958,1156,1937
488,498,1796,1197,74,35,1993,456,357,8,31,92,1637,1214,1156,740,1933,1951,823,861,444
489,1197,74,498,1796,35,1993,456,8,740,31,357,92,1637,1779,1951,117,1009,1387,1214,1156
490,1355,582,1751,1512,1058,1705,1010,1283,1764,1054,1806,448,1149,414,1539,711,1649,1961,128,1118
491,1684,375,1018,806,1718,1064,1541,227,591,1133,1581,1447,357,1995,677,1214,174,498,1692,1933
492,1355,582,1751,1512,1010,1705,1058,1283,1764,1054,1806,448,1149,414,1539,711,1118,1749,1143,1961
493,1214,1541,823,1933,1156,861,1995,444,958,74,1796,1197,456,498,35,31,92,1993,289,357
494,727,14,1833,221,1396,852,93,749,403,998,1856,1958,648,1272,1721,364,1042,168,1703,1775
495,727,14,1833,221,93,852,1396,749,998,1721,403,648,1775,1763,128,1703,1856,168,1749,711
496,727,1833,14,221,852,93,1396,749,998,648,1856,403,1721,1703,1272,128,1042,1958,364,168
497,1214,44,823,1156,1541,289,2037,1995,498,1933,1993,1796,1197,861,1581,35,456,444,357,74
498,168,2037,44,852,727,1927,1186,1042,1913,1958,1133,1061,1111,1192,1725,677,1697,1833,1634,1261
499,727,1833,14,221,93,852,1396,749,998,1721,1856,403,1703,648,1272,168,1958,1725,733,364
500,168,2037,44,1186,1000,1913,1111,1927,1133,852,1261,727,1192,840,1406,1910,1958,1200,1763,613
501,944,174,1750,871,823,1447,791,1869,991,2068,1541,1581,1480,1214,1995,591,1156,861,1937,227
502,1197,1993,498,357,74,1796,456,35,1214,8,31,1637,92,823,1156,1933,444,1541,1995,861
503,1581,1447,591,174,1750,1869,871,791,2054,1480,1350,410,1937,991,1156,2068,1588,944,1522,1018
504,498,1796,1197,1993,74,456,35,8,92,357,31,1214,1156,1637,1933,1541,1995,823,861,444
505,1214,1156,823,1541,1581,1933,1796,1995,1993,1197,444,861,498,357,35,74,456,8,289,92
506,1951,1779,740,117,1009,1387,1933,444,1214,1197,861,1995,1156,1541,74,1993,823,357,498,35
507,1214,1156,1995,444,1541,823,1933,1447,861,174,1869,375,1018,591,1684,806,1718,1581,1064,74
508,301,1721,1183,299,403,109,912,1672,1958,948,731,582,670,819,523,1520,224,1283,1355,95
509,498,74,1197,8,357,35,456,1993,1796,31,1637,92,289,1214,958,1156,823,1933,1541,1995
510,301,1721,1183,403,299,1672,1958,109,1751,582,1283,912,731,948,727,1355,224,763,65,95
511,1197,1993,1796,74,1214,498,1156,456,357,35,823,1541,31,1995,1933,8,92,1637,861,444
512,498,1197,1796,1993,74,456,357,8,31,35,92,1637,1156,1214,1933,823,1541,1995,444,861
513,727,14,1833,221,1396,93,852,749,998,648,403,1703,1272,613,1958,1664,1721,364,1763,1856
514,301,1721,1183,299,403,1958,1725,1751,727,1672,109,1449,1355,582,912,1749,224,358,1118,1557
515,301,1721,1183,299,582,1355,1751,403,1958,109,1672,1283,1749,224,1764,912,727,763,712,711
516,1197,1993,498,1796,74,456,35,357,1214,8,1156,823,92,31,1637,1541,1995,1933,861,444
517,168,2037,44,1913,1950,1000,1042,1721,904,727,1406,1192,1261,1133,1725,1186,840,1581,1763,1634
518,171,799,513,1783,7,2034,327,1588,410,1581,1097,1719,1712,174,1869,99,2013,581,713,958
519,1010,582,1355,1705,1751,1512,1764,1058,1283,1054,448,1806,1149,414,43,712,711,337,1664,738
520,727,1833,14,221,1396,852,93,749,998,648,1721,403,1856,1703,1272,1775,128,1958,1749,364
521,168,2037,44,1000,1913,1927,852,727,1214,1541,1950,1133,1721,904,1261,289,1509,998,1910,1763
522,1214,174,1588,823,1156,1995,1541,1933,1869,513,410,327,861,1581,1783,799,1712,7,2034,444
523,1581,171,513,7,1783,1588,327,1712,799,2034,1869,561,410,1699,174,99,1350,870,1640,2054
524,727,14,1833,221,852,1396,93,749,998,648,403,1272,1856,1721,1958,1703,128,738,364,1042
525,2034,1783,513,7,327,171,1588,799,410,1581,174,1869,2013,1214,1350,1712,561,1640,6,2054
526,168,2037,1927,1061,1111,44,1261,21,1958,1697,1492,1042,582,1000,1283,1913,1950,1133,1814,1740
527,1214,823,1156,1541,1933,1995,861,444,1796,289,44,1993,1197,357,498,2037,35,74,1869,1581
528,1796,498,1156,1197,1214,1993,74,456,1541,823,8,357,1995,35,1933,31,92,861,1637,444
529,1214,1541,1995,1156,823,1933,861,1581,444,174,375,958,1869,1018,1684,806,2013,357,1993,1718
530,1214,1796,498,1197,1993,35,456,1156,74,823,1869,1541,357,8,31,1995,1637,861,1581,1933
531,301,1721,1183,299,403,1958,1751,1672,1355,109,582,763,1283,1118,1749,912,711,712,43,1725
532,1214,1156,1933,444,823,1541,861,1995,1796,74,1197,31,35,498,1993,357,1637,456,92,8
533,727,1833,14,221,93,852,749,1396,998,403,1856,1721,648,168,1703,1958,1272,1763,1775,733
534,1214,1541,823,1995,1156,1933,861,444,1796,1197,74,498,1993,35,357,1581,456,31,92,958
535,1993,357,498,1796,74,1197,456,35,1214,31,8,1156,1933,92,823,1541,1637,1995,861,444
536,1796,1197,498,74,1993,357,456,8,35,31,92,1214,1156,1637,1933,1541,823,1995,861,444
537,1355,1751,582,1512,1010,1058,1705,1764,1283,1054,1806,448,1149,414,711,1539,1749,1143,128,43
538,74,1197,498,1993,456,1796,35,357,8,92,31,1214,1637,1156,1933,823,1995,861,444,1541
539,727,14,1833,221,852,93,1396,749,998,403,648,1856,1721,1958,1272,168,364,1763,1703,1775
540,1214,1933,823,1541,1995,1156,861,1581,444,174,958,1869,289,1350,1937,1197,1993,1796,357,2054
541,1796,498,1197,1993,456,74,357,8,35,1156,92,31,1637,1214,823,1541,1995,1933,44,2037
542,1779,1951,740,117,1009,1214,1933,1387,444,861,1197,823,1156,1995,1447,1993,74,1541,498,31
543,1214,1933,823,1541,1156,1995,444,861,1796,74,1197,1993,289,498,31,357,35,92,8,1637
544,168,2037,44,1913,1927,852,581,1186,1000,1581,1065,727,1833,1261,221,99,1042,967,1763,1541
545,1214,1933,1541,1156,823,444,861,1995,1796,74,1197,31,357,1993,498,35,8,92,1637,375
546,375,1018,1684,806,1718,1064,1541,1214,1995,1933,444,1156,823,357,861,1133,958,677,74,35
547,1993,1197,498,1796,74,357,1214,456,8,31,1156,35,92,1637,1541,1995,1933,444,861,823
548,168,2037,1042,852,1927,44,904,1634,1133,1186,727,1833,967,1725,1958,1856,1541,1950,1763,1261
549,456,1796,1197,1993,498,1581,357,35,1869,1214,74,174,8,1156,1637,31,823,1541,958,1995
550,498,289,1993,74,1197,456,35,357,958,1796,44,1637,31,8,92,823,1214,2037,1156,1541
551,1018,375,806,1684,1718,1064,677,1133,357,8,74,498,35,1197,31,92,1993,1637,456,1796
552,727,14,1833,221,1396,93,852,749,998,648,403,1721,1856,1703,364,1763,168,1958,1118,1775
553,1779,117,740,1951,1009,1387,74,1197,1214,1993,35,1796,456,8,498,1637,861,31,1156,92
554,727,14,1833,221,852,1396,93,749,998,403,648,1856,364,1958,1703,1876,1763,1042,1775,1272
555,727,1833,14,221,1396,93,852,749,403,1721,998,648,1775,1958,1856,1749,1118,711,1539,1664
556,1214,823,1541,1156,444,1933,1995,861,1796,289,357,1993,1197,498,74,35,44,456,1869,2037
557,1993,1197,498,1796,74,357,456,1214,35,31,1541,823,1156,8,1933,92,1637,1995,861,958
558,301,1721,1183,403,299,1958,727,109,1672,1751,912,1355,224,1725,523,582,1557,731,1283,763
559,1993,1197,498,1796,74,456,35,1214,357,31,8,1637,1933,1156,92,823,1541,1995,861,444
560,168,2037,44,727,852,1833,1509,1541,1000,1042,444,1133,1913,1950,1186,364,965,581,1533,99
561,1197,498,74,1993,456,357,1796,35,8,31,1637,92,740,1951,1779,1214,1156,117,1933,1387
562,727,1833,14,221,1396,93,852,749,998,1856,403,648,1721,1272,1703,1958,364,1664,168,1725
563,1214,1933,823,1541,444,1156,861,1995,1796,1197,74,1993,31,498,357,35,1637,8,92,456
564,727,14,1833,221,852,1396,93,749,998,648,403,1721,1856,1272,128,1703,364,1775,1958,1118
565,174,1869,561,1640,1699,1581,1621,1322,794,6,1350,1583,1440,1022,410,909,2013,193,1915,571
566,727,1833,14,221,93,1396,852,749,168,1721,998,403,1856,1703,648,1763,1775,128,1272,1958
567,375,1018,1684,806,1718,1064,1541,1156,1214,1995,1581,958,823,677,174,1933,1133,861,444,74
568,168,2037,852,44,727,364,1725,1042,1927,1856,967,1958,2034,648,1721,749,1950,344,582,1634
569,1214,1933,1156,823,1541,1995,861,444,1796,74,1993,31,357,498,1197,35,8,456,92,1637
570,1214,1156,1541,823,1933,1995,861,444,1197,498,1993,1796,31,74,357,1581,35,8,92,456
571,1197,1993,1214,1796,74,498,456,823,357,35,31,1933,1637,1156,8,1541,444,92,861,1995
572,1581,958,174,1214,1588,1869,1156,1447,1541,7,1995,410,823,2013,171,591,799,1783,327,1933
573,1993,498,1197,456,74,289,357,1796,35,44,8,31,2037,92,1637,958,823,1214,1156,1541
574,1355,582,1010,1751,1512,1058,1764,1705,1283,1054,1806,448,1149,414,43,712,711,1856,738,1749
575,1779,740,1951,117,1009,1387,1197,74,1993,498,35,456,31,357,8,1447,1637,1796,92,1933
576,1951,740,1779,1197,117,1387,1009,357,498,1993,1796,74,456,35,8,31,92,1637,1933,1156
577,1018,1684,375,806,1718,1064,1133,677,871,691,1750,944,2068,1447,1624,591,1692,434,719,1221
578,1214,1156,823,44,289,1541,498,1995,1933,1796,1993,2037,1197,74,35,357,861,8,456,444
579,1783,513,2034,327,799,7,171,1588,1581,410,1869,174,1214,2013,1156,1541,1995,823,1933,958
580,1197,357,498,1993,74,456,35,1796,1951,740,8,92,1779,31,1637,117,1387,1009,1156,1214
581,1018,375,1684,806,1718,1064,1541,1995,1214,861,677,1522,1133,444,823,1750,871,1581,1156,1480
582,727,14,1833,221,852,93,749,1396,403,998,648,1856,1721,128,1958,1272,1703,1775,1539,126
583,168,2037,852,727,1927,44,1541,1833,581,1061,1913,1042,1000,1133,99,1950,1261,1111,713,749
584,727,14,1833,221,852,1396,93,749,998,403,1856,648,1703,1721,1958,1272,128,1775,1749,1725
585,1993,498,456,1197,35,357,74,1796,31,8,92,1637,1214,1933,823,1156,1995,1541,861,444
586,301,1721,1183,299,912,109,1672,403,224,582,1557,523,1355,358,948,1958,731,1749,1520,1751
587,1214,1197,823,1156,1796,31,1541,1933,498,74,8,1993,861,357,1995,35,456,444,92,958
588,1214,1541,1995,823,1933,444,1156,861,74,1796,35,375,1197,498,31,357,1993,1684,456,92
589,1214,1796,1197,1993,1156,498,35,74,456,823,357,1541,8,1637,1995,31,1933,861,444,92
590,168,1042,1927,2037,1133,1261,1000,1913,21,1950,44,581,852,677,357,1186,1061,787,1833,904
591,513,171,7,327,1783,2034,799,1588,410,1712,1581,1332,794,1350,195,1214,23,561,193,571
592,171,1783,7,2034,513,799,327,410,1588,1581,174,1869,1350,581,2013,1097,1937,697,99,2054
593,168,2037,1042,852,727,1833,1927,44,1958,1000,967,1950,14,1913,364,221,93,166,581,1065
594,727,14,1833,221,93,852,749,1396,998,648,403,1856,1721,1703,364,1958,1775,1272,128,126
595,168,727,852,1833,14,749,1042,2037,1958,1634,2034,93,44,221,1856,403,799,904,713,1406
596,727,1833,14,221,1396,93,852,749,403,998,648,1856,1721,364,1958,1775,1703,1272,1118,1763
597,301,1721,1183,299,1672,403,1751,582,224,109,912,1958,1749,1355,1283,712,727,948,523,711
598,1796,1156,1993,1214,1197,498,456,823,74,1995,35,357,1541,1933,8,861,444,1637,92,44
599,168,2037,44,1111,1927,1261,1042,21,1061,1725,727,1000,1913,852,1740,1697,840,1856,1418,1406
600,1214,1933,823,1156,861,1541,444,1995,1796,74,1993,1197,498,31,35,357,8,92,456,1637
601,1197,1796,498,74,1993,8,357,456,35,31,92,1214,1637,1156,1933,823,1541,861,444,1995
602,1018,375,1684,806,1718,1064,1133,958,677,1541,35,1995,1214,1933,357,1156,92,31,498,74
603,727,14,1833,221,1396,93,852,749,998,648,403,1856,1958,364,1721,1703,1272,1539,1763,1042
604,1951,1197,740,1779,74,498,357,456,117,35,1796,1993,1387,1009,8,31,92,1637,1156,1214
605,1197,1796,498,35,357,74,456,1993,8,92,31,1637,1156,1214,823,740,1933,1951,861,1995
606,168,2037,1042,44,1927,1913,1950,1958,727,852,1261,1856,1725,1061,1000,1833,21,1133,967,1971
607,498,1993,1796,1197,456,8,74,35,357,31,92,1637,1214,1156,823,1541,44,1933,1995,289
608,1796,1197,498,74,1993,35,456,92,1214,357,8,31,1637,1156,1933,823,1541,1995,444,861
609,727,1833,14,221,1396,93,852,749,1856,998,648,403,1721,1272,1703,1958,1042,168,364,903
610,171,799,513,1783,7,2034,327,1588,410,1097,1581,1712,1719,195,174,262,958,561,99,1869
611,1779,740,117,1951,1197,1009,74,1387,1993,498,31,8,35,456,1796,1637,92,357,1214,1933
612,727,14,1833,221,93,1396,852,749,998,1721,403,648,168,1775,1856,1539,711,1958,128,1703
613,1993,498,357,1197,1796,74,456,35,31,8,92,1637,1214,823,1933,1156,1541,289,444,1995
614,1522,888,1276,2012,846,990,1652,378,1488,942,1770,236,591,1447,1440,6,1018,174,1621,375
615,1588,410,1869,174,1581,799,171,7,327,513,1783,2034,1712,958,794,1350,1937,1447,591,798
616,95,1751,1355,1512,582,1283,1054,1705,1058,1961,712,1010,109,1775,43,1749,670,1764,731,1118
617,1447,591,1214,174,1640,1156,1915,2059,1284,698,1869,561,823,1541,1995,1567,861,1621,1032,1933
618,727,1833,14,221,93,852,749,1396,998,1721,1856,403,648,1703,168,1272,1958,128,733,1725
619,1796,1197,498,1993,1214,456,74,35,1156,823,357,1995,8,1541,92,1637,1933,31,861,444
620,727,14,1833,221,852,1396,93,749,403,998,648,1856,1721,1958,1272,364,1749,1703,128,1118
621,168,2037,1927,1000,44,727,1111,1042,1950,1913,1133,1061,1958,1261,967,1740,1541,1763,1022,904
622,168,2037,44,727,1950,1000,1913,1133,1541,852,1927,1856,1042,1721,1833,1763,1725,1214,1111,787
623,727,1833,14,221,93,852,1396,749,1856,403,998,1958,1721,1272,364,648,1725,1703,1042,168
624,1993,1796,1197,498,74,456,1156,357,1214,35,823,8,1995,1541,1933,31,92,1637,861,444
625,727,1833,14,221,1396,93,852,749,998,648,1856,403,1721,1272,1958,1703,1042,168,364,949
626,301,1721,1183,299,1672,109,912,403,948,224,358,1557,1520,1355,523,1958,1749,819,582,1283
627,727,14,1833,221,1396,93,852,749,998,648,403,1856,1703,1763,1721,1958,364,1272,168,255
628,1833,14,727,221,93,852,1396,749,1856,403,998,648,1721,1703,1958,1272,1664,1042,903,1725
629,168,852,727,2037,1111,749,1000,1406,44,1042,1856,582,1725,648,1634,1133,1927,1958,1283,1751
630,1684,375,806,1018,1214,1541,1718,1995,1156,1064,1933,174,823,1581,861,1869,444,958,1522,1447
631,727,1833,14,221,93,1396,852,749,998,403,1856,648,1721,168,1703,1958,1272,1664,364,1118
632,1796,74,1197,498,1993,456,35,357,1214,31,8,92,1156,823,1933,1637,1541,1995,861,444
633,168,727,852,2037,1721,44,1958,1725,364,2034,1042,1260,1634,1950,1856,1192,1186,93,1406,1913
634,1156,1214,1197,1796,1541,498,74,1993,456,1995,31,1933,823,35,8,92,357,1637,861,444
635,410,1588,171,1783,799,513,7,2034,327,1581,1869,174,2013,697,99,1332,581,1712,2037,1097
636,1197,498,1993,1796,74,456,35,357,8,92,1637,1214,31,1156,823,1995,1541,1933,444,861
637,168,727,2037,1833,1042,852,1913,1111,221,14,582,998,44,1133,1283,1927,1856,1000,1950,749
638,1197,1796,1993,498,1214,74,456,1156,8,357,35,92,1637,31,1541,1933,1995,823,444,861
639,301,1721,1183,1672,912,299,403,109,948,523,670,224,1520,731,819,727,1958,1283,65,200
640,74,1796,1197,456,498,35,1993,8,1214,1156,1951,740,92,117,31,357,1637,1933,1779,861
641,168,2037,1927,44,1725,21,1042,1061,1261,1697,1492,1111,1814,1950,1000,852,1856,904,967,1541
642,727,1833,14,221,852,93,1396,749,403,998,648,1721,1856,1958,1272,1775,1118,1664,1703,1749
643,168,2037,1111,727,1927,44,1000,1061,1913,1721,1042,1261,1541,1950,852,1133,1763,21,787,1406
644,727,1833,14,221,93,852,1396,749,998,648,403,1856,1703,364,1721,1042,1958,1272,1664,1763
645,727,14,1833,221,852,93,1396,749,403,648,998,1856,1721,1958,1539,1272,128,1749,1775,1703
646,791,1750,871,944,991,1480,2068,174,375,1447,1018,1995,823,1214,227,1869,591,1064,1541,806
647,1796,1197,498,1993,74,35,1214,456,357,1156,8,92,31,823,1541,1637,1933,1995,861,444
648,727,14,1833,221,852,1396,93,749,998,648,403,1856,1721,1703,1958,128,1272,1118,1539,1042
649,1447,591,1197,1214,823,74,1993,1915,2059,1156,444,1933,861,1995,1637,31,1779,498,1567,35
650,498,1197,1993,1796,74,35,456,357,8,92,31,1637,1214,1156,823,1995,289,1541,1933,861
651,1197,1993,498,1796,456,74,357,35,8,31,1637,92,1214,823,1156,1933,1541,444,1995,861
652,727,1833,14,221,1396,93,852,749,998,648,403,1721,1272,1664,1958,1775,1703,613,1118,1856
653,375,806,1018,1684,1718,1064,1541,1214,1156,1995,1933,74,444,823,35,92,357,498,456,1197
654,168,2037,1913,44,1186,727,1192,582,609,1111,904,1958,483,1751,852,613,1833,21,1927,998
655,498,35,1993,1796,1197,456,74,8,357,92,1637,31,1214,1156,823,289,1995,1933,1541,958
656,1581,174,1869,2013,1156,1214,1937,1541,823,1995,1588,410,44,1350,1447,2054,861,289,2037,1933
657,1214,1933,1541,823,1156,861,444,1995,74,1796,1197,1993,31,357,498,35,456,1637,92,8
658,498,1796,1197,1993,456,35,74,8,1156,1214,357,92,1637,31,1995,1541,823,1933,861,44
659,168,2037,1913,1927,1541,44,1042,1261,852,1061,1000,1950,1111,21,727,967,582,1833,1214,1697
660,1214,498,823,1796,1197,74,1156,1541,35,1993,456,1995,1933,357,861,289,31,444,8,92
661,1447,591,1640,1993,561,74,1197,2059,6,1621,92,31,823,35,1699,1214,498,456,1915,1567
662,1447,591,174,1869,1214,1995,1581,1156,1541,806,823,1750,1933,444,861,1684,1018,1718,375,6
663,1197,74,498,1993,456,1796,35,8,357,31,92,740,1951,1637,1779,117,1156,1214,1933,1009
664,168,2037,44,727,852,1950,1958,1913,1042,1133,1000,1927,1833,93,1634,1192,1725,904,1406,1186
665,1993,1197,456,1796,74,35,357,498,1214,823,92,1156,1637,31,1933,1541,8,1995,444,861
666,301,1721,1183,299,1672,403,912,109,1118,1749,712,1958,1355,582,523,727,763,1751,1534,1283
667,1796,498,1197,1993,1156,456,1214,35,8,74,357,1637,1995,1541,92,44,823,31,1933,2037
668,1214,1156,1197,74,1993,456,823,498,1541,1796,1995,35,1933,1637,357,31,861,444,92,8
669,168,2037,1111,1913,44,1927,1000,727,1133,1061,1950,1186,1042,1665,787,1721,1406,582,677,852
670,1214,823,1541,1933,1156,1995,861,444,1796,74,1197,1993,498,35,357,31,92,456,289,8
671,1779,1197,740,74,117,1993,1951,498,456,8,1009,35,31,1387,1637,357,1796,92,1214,1156
672,727,14,1833,221,1396,852,93,749,403,998,648,1958,1856,1272,1721,1703,364,1539,1775,1042
673,727,14,1833,221,93,852,1396,749,403,998,1856,648,1721,128,1703,1958,1272,1539,1775,1118
674,1581,1214,958,1156,1541,823,7,1588,1933,1995,2013,174,1783,799,2034,327,171,513,410,861
675,168,1133,2037,1042,727,852,1833,677,1958,1950,1913,44,967,1000,1406,1111,1927,1665,1971,1763
676,375,1684,806,1018,1718,1064,1541,1522,1214,1995,1276,888,1156,2012,1133,1581,591,1933,990,174
677,1833,727,14,221,93,1396,852,749,998,403,1721,1856,1272,168,648,1958,1703,128,1042,1664
678,1214,375,1156,1541,1995,1018,823,861,444,1684,1933,806,357,1796,1718,1197,1064,74,498,1581
679,727,14,1833,221,852,93,1396,749,403,998,648,1721,1856,1958,128,1272,1703,1775,1476,364
680,1214,823,1156,1933,1541,1995,861,444,74,1796,1197,498,35,1993,357,31,8,92,456,1637
681,357,1993,498,1796,74,1214,1197,35,456,1933,823,31,1156,1541,8,92,1637,1995,861,444
682,498,1197,1796,74,1993,35,456,8,357,92,31,1637,1214,1156,1995,823,1541,1933,861,444
683,1214,1156,823,1933,1541,861,444,1995,1796,1197,74,498,1993,35,92,31,357,456,8,1637
684,727,14,1833,221,93,852,1396,749,998,403,648,1856,1703,364,1721,1775,1539,711,1118,1272
685,1796,498,1197,1993,1214,1156,74,35,456,8,823,357,1995,1541,92,44,31,1933,1637,2037
686,1197,740,74,1951,1796,498,1993,357,1779,35,117,456,1387,1009,31,92,8,1637,1214,1933
687,168,1042,1927,852,727,1833,1950,1133,2037,581,1061,14,1913,1261,749,1000,677,1697,21,1958
688,1197,498,1796,1993,74,357,8,456,35,31,92,1637,1214,1156,1933,823,1541,444,1995,861
689,168,2037,727,1927,44,1913,1111,21,1061,1721,852,1958,1261,1833,1814,221,749,14,582,998
690,1214,1541,823,1933,1156,861,1995,444,74,1796,357,1993,1197,498,289,35,31,1581,44,8
691,727,1833,14,221,93,852,1396,749,998,403,648,1856,1721,1958,1703,364,1664,1272,1118,1775
692,1197,1796,498,1993,456,74,357,35,8,92,1637,31,1214,1156,823,1933,1541,1995,444,861
693,168,2037,1927,44,852,1261,1111,21,1061,1042,727,1000,1913,1763,1133,1697,749,1814,1509,1492
694,727,1833,14,221,93,1396,852,749,998,648,1721,403,1775,1856,1539,1749,711,364,1703,1958
695,1018,1684,375,806,1718,1064,1581,1541,1214,1447,1995,174,1156,591,958,1750,1869,823,677,1933
696,727,14,221,1833,1396,852,93,749,403,998,648,1272,1856,1958,1703,1042,128,1721,1763,168
697,168,1927,1042,2037,1833,1061,1261,21,1133,852,44,1697,727,1111,1763,1913,14,1950,677,749
698,1214,1197,1796,823,74,1993,31,498,1156,357,1541,1933,35,8,456,861,92,1995,958,444
699,1197,74,1993,498,1796,456,1214,357,1156,31,8,1933,35,740,92,1951,1637,823,444,1541
700,1214,1796,1933,1993,1197,357,74,498,823,1156,1541,35,31,456,8,444,861,1995,92,1637
701,1750,791,871,944,991,1480,2068,1214,1447,1995,823,174,227,1541,591,1933,1581,444,1018,375
702,727,14,1833,221,852,93,749,1396,403,998,648,1721,1856,128,1958,1272,1775,168,1749,364
703,1796,498,1197,1993,1156,74,1214,456,35,8,357,823,1541,1995,31,1933,92,1637,861,444
704,1993,1796,1197,498,35,1214,456,1156,74,357,8,92,1637,823,1995,1933,31,1541,861,444
705,1214,823,1933,1541,1156,444,861,1995,1796,1197,1993,74,498,8,31,357,35,289,92,456
706,1197,1796,74,498,1993,1214,456,35,1156,31,357,823,8,1933,1541,92,861,1637,444,1995
707,1214,823,1156,1541,1933,444,1995,861,1796,1993,1197,74,498,357,35,289,456,1581,8,92
708,1214,958,1581,1156,823,1995,1541,1933,861,174,498,2013,444,35,357,456,1937,1197,289,8
709,1993,1197,1796,456,498,35,1214,74,1156,8,357,1637,823,1995,92,1933,31,1541,861,444
710,1951,1779,740,1009,117,1387,1197,1933,357,1993,74,1995,444,1214,1156,498,1541,861,456,1447
711,168,727,2037,852,1833,1913,44,1186,1000,1111,840,1042,1261,1927,787,1509,1406,221,1721,1763
712,1355,582,1751,1705,1512,1058,1010,1283,1764,1054,1149,448,1806,414,711,1539,1649,1961,128,1118
713,168,2037,44,1927,1061,21,1950,1261,1913,1000,1133,1725,1111,1697,1721,1042,904,1492,1958,677
714,168,2037,1721,1913,1927,44,727,1192,1000,904,1186,609,1958,1061,1950,1261,21,1111,1133,1042
715,1796,498,1993,1197,8,456,74,357,31,35,1637,92,1214,1156,1933,1541,1995,823,444,861
716,1018,375,806,1684,1064,1718,1133,677,1995,1214,1156,1541,1750,1581,958,871,1933,944,861,823
717,74,1993,1197,456,498,1796,35,357,8,92,31,1637,1214,1156,1933,1995,1541,823,444,861
718,799,1783,7,171,2034,513,327,410,1588,1581,1097,1869,44,174,918,697,2037,1350,1332,2013
719,1581,174,1447,591,823,1541,1869,1750,1214,1937,1156,1995,1350,2054,227,791,871,1933,2068,444
720,1214,1156,1933,1541,444,1995,861,823,1796,74,31,498,1197,1993,357,35,8,92,1637,456
721,1796,1197,498,1993,74,456,35,357,8,92,31,1637,1214,1156,823,1541,1995,289,1933,44
722,1355,582,1751,1512,1058,1705,1010,1764,1283,1054,1806,448,1149,414,711,43,1539,1649,1143,128
723,375,1018,806,1684,1718,1214,1064,1541,1156,1995,1933,958,823,861,444,1581,1133,677,35,357
724,1197,498,1796,1993,74,357,456,35,8,31,1637,92,1214,1156,823,1933,1541,444,861,1995
725,498,1197,1993,8,1796,74,357,31,456,92,1214,35,1637,1156,1541,1933,1995,861,444,823
726,1951,740,1779,1009,117,1387,1197,357,498,74,1796,1993,456,35,31,8,92,1637,1156,1933
727,1214,823,1156,1541,1796,1197,861,1933,74,1995,1447,444,498,1993,92,591,31,456,1637,8
728,1355,582,1751,1010,1512,1705,1058,1764,1283,1054,448,1806,1149,414,711,1539,1118,1143,1749,1649
729,1783,2034,171,327,513,7,799,1588,410,1214,1581,1156,823,174,1933,1541,1995,861,444,1869
730,375,1018,806,1214,1684,1995,1156,1064,1541,1718,357,1933,823,1750,444,861,74,498,1993,8
731,1197,498,1796,1993,456,357,74,35,31,8,1637,92,1214,1156,823,1933,1541,1995,444,861
732,1214,823,1156,1933,1541,444,1995,861,1197,1796,1993,74,498,357,31,35,456,1637,92,8
733,1993,1796,1197,498,456,74,1214,35,357,92,1637,31,8,1156,823,1933,1541,861,444,1995
734,1197,456,74,1993,498,35,357,1796,8,92,1637,31,1214,1156,1933,1995,444,823,1541,861
735,301,1721,1183,299,1672,912,403,109,948,523,712,1534,1749,224,1355,819,1557,1958,1118,1520
736,727,14,1833,221,1396,93,852,749,998,403,1721,648,168,1958,1856,1775,1272,1539,711,128
737,727,14,1833,221,1396,852,93,749,998,648,403,1703,1856,1721,364,1958,1272,1042,1876,1763
738,498,1796,35,74,1197,1993,456,8,92,357,1637,31,1214,1156,823,1995,1933,1541,861,444
739,1214,1156,1581,1541,1995,1933,1993,823,1197,861,498,1796,444,357,8,74,456,92,31,1637
740,498,1197,1796,456,1993,35,74,1156,8,1214,357,92,31,1637,1995,1541,823,1933,861,444
741,727,14,1833,221,93,1396,852,749,998,403,1856,168,1721,1703,1775,648,1958,1272,1763,1042
742,727,14,1833,221,852,1396,93,749,998,648,403,1703,1272,1856,128,1721,1958,364,1763,1042
743,1197,1993,1214,1796,74,357,498,456,35,8,31,1156,823,1637,1541,1933,92,444,861,1995
744,727,14,1833,221,1396,852,93,749,998,648,403,1272,1721,1958,1856,738,1664,168,1703,364
745,1214,823,1156,1541,1933,444,1995,861,1796,1197,74,498,35,1993,357,31,456,8,1637,92
746,727,1833,14,221,1396,93,852,749,998,1721,403,648,168,1272,613,1775,1958,1703,1856,1664
747,301,1721,1183,299,582,1751,403,109,912,1672,712,1958,1355,731,1283,224,1749,523,1534,648
748,1355,582,1751,1058,1512,1705,1010,1764,1283,1054,1806,448,1149,414,711,1539,43,1143,1749,1649
749,727,14,1833,221,93,852,1396,749,998,403,648,1721,1856,1958,1775,1703,1272,168,1763,128
750,301,1721,1183,299,403,1672,1958,109,582,1751,912,763,1355,1449,1283,727,1725,43,1961,712
751,1197,498,1796,1993,74,35,456,31,357,8,92,1637,1214,1156,823,1541,1933,861,1995,958
752,301,1721,1183,299,1672,912,109,582,224,403,1355,1749,1557,1751,1283,727,948,523,1520,358
753,1214,1156,1933,1541,823,861,444,1995,1796,498,74,1197,31,1993,8,35,357,92,456,1637
754,168,2037,1042,1913,852,1133,1927,1000,727,1833,1186,904,677,1958,1950,44,967,1634,582,1649
755,727,1833,14,221,93,1396,852,749,1856,403,648,998,1721,1272,1703,1958,1042,903,1725,364
756,301,1721,1183,299,403,1672,912,109,1958,948,523,731,1520,224,358,1534,819,1118,1749,1557
757,1951,740,1779,1009,117,1387,1197,74,1993,1796,498,357,35,31,456,92,1933,1214,1637,8
758,301,1721,1183,299,403,1355,912,1751,109,582,1672,1958,1749,1283,224,1557,712,948,1118,763
759,1214,1156,1933,1541,1995,823,1197,498,1993,74,444,357,1796,861,456,35,31,1637,92,8
760,1197,456,1993,498,35,74,1796,1214,1156,357,1637,8,92,31,1995,823,1541,1933,861,444
761,301,1721,1183,299,912,1672,1751,582,1355,109,403,1749,727,224,1534,948,1283,523,712,1118
762,168,2037,44,1186,840,1192,582,1000,1406,852,609,1910,1913,1950,727,1751,1509,1763,1634,613
763,727,14,1833,221,1396,852,93,749,998,648,403,1763,1272,364,1703,1721,1856,613,1042,738
764,791,871,1750,944,991,2068,1480,1447,1018,375,591,1581,1684,1219,621,806,679,422,1064,2043
765,1447,1156,1214,591,823,1995,1541,444,1197,1933,74,861,498,1993,1796,456,1637,8,92,31
766,168,2037,44,1950,1042,967,727,1910,99,1913,1927,1581,1954,1000,1971,1252,1533,1712,730,1541
767,727,14,1833,221,1396,852,93,749,998,648,1721,403,1272,128,1856,1703,1775,1958,1749,364
768,168,2037,1927,1061,1042,1261,44,21,1541,1697,1492,852,1214,582,1913,1000,1814,1133,1933,444
769,168,1833,2037,1913,727,582,1111,1927,1042,852,14,93,749,1192,1665,1950,1958,1283,1649,221
770,1214,1156,823,1541,1995,1933,1796,861,498,1993,444,357,289,74,1197,44,35,456,8,2037
771,174,1869,1581,1588,1447,410,591,958,1214,1937,1350,2054,1712,794,227,1541,823,1995,798,1156
772,74,1197,1993,498,35,456,1796,357,31,8,92,1214,1637,1156,1933,1541,823,861,1995,444
773,1214,1541,823,1156,1933,1197,444,958,1995,861,74,31,1796,498,92,35,1993,1447,357,1637
774,168,2037,1042,44,1111,1927,1665,852,1186,1133,1061,1950,1833,677,967,1913,1406,1261,1856,1725
775,727,14,1833,221,1396,93,852,749,403,998,648,364,1958,1856,1272,1876,1703,1721,1775,1763
776,727,14,1833,221,852,1396,93,749,403,998,1856,1272,648,1721,364,1958,168,1703,1042,671
777,1993,1796,1197,1214,74,498,357,31,456,35,823,8,1156,1933,1541,861,92,1637,1995,444
778,871,791,944,1750,991,2068,1480,1447,591,823,174,1581,1995,1018,1214,227,1541,1219,375,1933
779,168,2037,44,852,1111,727,1186,1000,1927,965,1910,840,1913,1509,613,1950,255,581,128,1958
780,1214,823,1933,1541,1156,444,861,1995,1197,1993,74,498,1796,31,357,35,456,92,8,1637
781,95,1775,474,1751,109,1054,1355,670,1749,1118,582,1961,1705,1512,1283,224,1672,200,546,403
782,727,14,1833,221,1396,93,749,852,403,998,1721,648,1958,1272,1775,1664,1118,1856,1703,128
783,168,727,1833,852,2037,14,221,1042,93,1186,1913,44,1958,1763,749,1721,1192,613,1665,483
784,1995,1214,1933,1156,823,1541,861,35,74,444,357,1197,498,456,1993,1796,1951,375,92,1937
785,1214,1541,1156,1933,823,444,861,1995,1796,1197,74,289,1993,498,31,35,1581,357,958,8
786,498,1581,1993,1796,1214,456,74,1197,35,1995,357,1156,44,2037,1588,174,1541,2013,289,8
787,168,1833,1042,727,2037,221,852,1927,14,1913,1000,1950,44,1061,1261,1133,749,1763,1856,1541
788,1214,174,1541,1995,444,1933,823,1869,1156,944,1750,1581,871,791,1447,861,591,991,1684,227
789,168,2037,1927,1913,44,1261,1111,1061,21,581,1697,852,1186,1133,1042,1581,967,1958,1000,1260
790,1214,1541,1933,823,1156,861,444,1995,1197,1796,74,31,958,498,35,92,357,8,456,1993
791,375,1018,1522,1684,1750,806,871,888,990,1064,1276,1718,942,1652,846,1480,236,378,2012,791
792,1214,1156,1933,1541,861,823,1995,444,1796,498,31,1197,74,1993,8,357,35,456,1637,92
793,727,14,1833,221,1396,852,93,749,998,648,403,1703,1856,1272,1042,1721,1958,128,364,613
794,498,357,74,1197,1993,35,1796,8,456,31,92,1637,289,1214,823,1541,1156,1933,1995,958
795,301,1721,1183,299,403,109,1672,1355,582,712,1751,1283,912,43,1958,763,1749,948,1118,711
796,168,2037,44,1927,1261,289,1042,21,1061,1133,852,357,1697,1000,1913,1186,1541,904,1814,1581
797,727,14,1833,221,852,1396,93,749,998,648,403,1721,1272,168,1856,1703,1763,1042,1958,613
798,727,14,1833,221,1396,852,749,93,403,998,1856,648,1958,1775,1721,1703,1272,1118,364,1664
799,1214,823,1541,1933,861,1156,1995,958,444,289,525,498,74,1197,1796,31,35,1581,456,92
800,1197,498,74,1993,1796,35,456,31,357,8,1637,92,1214,1156,1933,823,1541,1995,444,861
801,1214,823,1156,1933,1541,1995,861,1796,74,1197,444,31,1993,498,357,35,456,8,958,92
802,1197,498,74,456,1796,1993,357,35,8,92,31,1637,1156,1214,823,1933,740,1951,1995,1541
803,1214,823,1156,1541,1933,1197,1995,498,861,1993,1796,444,74,357,31,8,35,289,456,92
804,1993,1796,1197,498,74,456,35,1637,31,357,8,92,1214,1156,823,1933,444,1995,861,1541
805,727,14,1833,221,93,852,1396,749,998,403,648,1856,1721,1958,1272,1539,1749,1775,1703,1118
806,1796,498,1197,1993,74,31,8,456,357,35,1637,92,1214,1156,1541,823,1933,861,1995,444
807,1214,1933,1156,1541,823,1995,444,861,74,1796,1197,31,35,357,498,92,1993,1869,456,958
808,1197,498,1796,1993,456,357,35,74,8,31,92,1637,1214,1156,823,1933,1541,1995,375,444
809,1355,582,1751,1058,1705,1010,1512,1764,1283,1054,1806,448,1149,414,711,128,1961,1143,1539,1649
810,1355,582,1751,1010,1512,1705,1058,1764,1283,1054,1806,448,1149,414,711,1539,1749,1143,1118,1649
811,727,1833,14,221,852,93,749,1396,403,998,648,1721,1856,1958,1775,1703,1749,1272,1118,1539
812,727,14,1833,221,852,93,1396,749,998,648,403,1721,1856,1272,128,1703,1958,168,364,1042
813,1214,1541,823,1156,1933,1995,861,958,444,1197,498,1796,31,74,1581,456,92,8,35,289
814,727,14,1833,221,93,852,749,1396,403,998,1721,648,1958,1856,1775,1272,1118,1539,1749,1703
815,174,1869,1581,2054,1350,1588,1937,410,591,1541,227,1447,1214,823,99,1640,2034,1995,2013,1781
816,727,1833,14,221,93,852,1396,749,998,1721,648,403,1272,168,1775,128,1856,1763,1749,1958
817,301,1721,1183,299,1355,1751,582,1672,403,1283,109,1749,912,712,1958,727,763,1054,224,1118
818,168,2037,1927,1042,1000,44,1913,1261,852,1133,904,21,498,1061,357,1214,581,1418,967,1950
819,1684,375,806,1214,1541,1018,1718,1156,1993,1933,74,456,357,498,1995,823,1197,92,1796,35
820,1214,1156,1197,74,1993,1796,498,1933,456,823,1541,1995,35,357,861,92,31,444,1637,8
821,168,2037,727,44,852,1042,1950,1509,1000,967,581,1958,1927,904,1833,1634,1913,1252,749,364
822,301,1721,1183,299,403,1958,1355,1751,582,109,1725,1449,763,1672,1749,912,727,1764,738,711
823,1522,888,846,2012,942,990,378,1276,1652,1488,1770,236,375,1684,1018,1718,806,1064,691,963
824,168,2037,1913,582,727,1721,1283,1958,852,904,44,1042,1764,21,1950,1058,1833,1111,1751,1634
825,375,1018,1684,806,1718,1064,1133,677,1221,1447,1581,591,227,174,944,1750,1522,1541,1276,958
826,301,1721,1183,299,582,1751,1355,403,109,1958,1764,912,1283,1449,1672,1054,1010,224,1749,763
827,1214,823,861,1541,1156,1933,444,1995,1796,1993,357,74,1197,31,35,498,456,8,92,1637
828,14,727,1833,221,852,93,1396,749,998,403,648,1856,364,1721,671,1775,1958,1703,1763,1749
829,1214,1156,1933,823,1796,1197,861,74,1995,1993,444,498,456,1541,35,1951,740,8,31,92
830,1018,375,1684,806,1718,1064,357,35,92,498,456,74,1197,31,1993,677,1133,1637,1796,8
831,14,727,221,1833,1396,852,93,749,403,998,648,1272,1856,1958,128,1721,364,1876,1042,1703
832,1796,1197,498,1993,74,35,456,8,1214,357,92,31,1156,1637,1541,1995,823,1933,444,861
833,1447,1214,823,1156,591,1995,1933,1541,1621,1640,561,444,6,861,1699,1197,1993,456,74,174
834,1214,1156,823,1541,1933,1995,861,444,1197,498,1796,1993,31,74,357,8,35,289,92,1581
835,1993,498,1197,1796,74,456,357,35,8,31,92,1637,1214,1156,1933,823,444,861,1541,1995
836,168,2037,727,44,1000,581,1950,1927,1913,852,1042,1833,498,1133,904,967,1509,1252,99,1958
837,1447,591,1581,1750,227,871,174,791,1869,944,991,1480,2068,1522,888,2012,958,1214,1018,375
838,727,14,1833,221,93,852,1396,749,403,998,1856,1775,1721,1958,1725,711,1703,1118,648,364
839,1588,410,1783,513,327,799,7,2034,171,1581,174,1869,1712,99,2013,1781,794,1350,193,591
840,456,498,35,1197,1993,74,1796,357,8,1637,31,92,1214,1156,1995,958,823,1541,1933,1581
841,168,2037,44,852,1950,1000,727,1721,1913,1725,1042,1927,967,1958,904,1214,1509,1406,93,1856
842,1214,1581,1156,1541,1933,823,958,1995,174,861,444,1588,1869,410,1197,1350,357,561,74,289
843,727,14,1833,221,1396,93,852,749,998,403,648,1721,1958,1272,1118,1856,1703,1775,1539,168
844,727,14,1833,221,1396,93,852,749,998,648,403,1721,128,1272,168,1958,1703,1763,613,1775
845,727,14,1833,221,93,852,1396,749,403,998,1856,648,364,1721,1958,1775,1763,1725,1272,1703
846,727,1833,14,221,1396,93,852,749,998,648,1856,1272,403,1703,1042,1721,1958,1664,168,738
847,1197,498,1993,74,1796,456,8,35,357,31,1214,92,1637,1156,1933,1541,823,1995,861,444
848,727,14,1833,221,1396,852,93,749,998,648,403,1856,364,1703,1721,1042,1775,1118,1958,1272
849,1214,823,1541,1156,1995,1933,861,444,1197,498,1796,74,31,35,958,1993,357,289,375,1581
850,375,1018,1684,806,1718,1064,1541,1214,1995,1156,823,1933,444,861,958,1581,1133,1522,677,74
851,498,1796,1993,1197,35,74,456,8,357,31,1637,92,1214,1156,1933,823,444,861,1995,1541
852,727,14,1833,221,93,852,1396,749,998,403,1721,648,1856,1775,1958,299,364,1703,1763,1539
853,301,1721,1183,299,582,1355,1751,403,763,109,1283,1958,712,1054,1764,1010,43,1749,1672,711
854,1197,498,74,1993,456,35,357,1796,8,92,1637,31,1214,823,289,1156,958,1995,1541,1933
855,498,35,1993,74,1197,456,1796,31,8,1637,92,357,1214,1156,1933,823,861,444,1995,1541
856,727,1833,14,221,852,93,1396,749,998,1856,403,648,1721,1703,1958,1272,1042,364,903,949
857,1355,582,1010,1512,1751,1058,1705,1283,1764,1054,1806,448,414,1149,711,1539,1143,1118,1749,1961
858,1796,1197,498,1993,357,74,456,35,8,31,92,1637,1214,1156,823,1933,1541,289,1995,861
859,727,1833,14,221,93,1396,852,749,403,1856,1721,998,648,1958,168,1703,1272,1042,733,1725
860,1214,823,1541,1156,1933,861,1197,444,1993,1995,74,1796,498,35,31,357,456,8,1637,92
861,168,852,2037,1133,727,1913,1042,1000,1950,1186,44,1833,904,677,581,1958,1721,787,967,1856
862,174,561,1869,1640,1699,1621,1322,1581,6,1440,1712,410,1214,1588,1350,7,1783,1022,794,327
863,498,1197,1796,74,1993,357,1156,8,1214,456,31,35,1541,92,1995,1933,1637,823,861,444
864,168,2037,44,1927,1061,1261,21,1000,1492,1697,1814,1111,727,1913,1950,581,1133,1541,1958,289
865,1214,1156,1541,823,1933,1995,444,1993,498,1197,861,1796,8,74,1581,357,456,1637,92,31
866,168,2037,44,1721,727,1950,852,1042,1913,1133,1000,1192,581,1927,1958,1763,1186,1509,904,1252
867,727,1833,14,221,852,93,1396,749,998,648,403,1856,1721,1703,1272,1775,1958,364,128,1749
868,1684,1018,806,375,1718,1064,174,1447,1522,1214,1581,591,1995,1541,1869,456,35,74,357,1276
869,1214,823,1541,1197,74,958,1933,1156,1796,444,31,861,35,1995,1993,498,357,92,870,456
870,727,1833,14,221,1396,93,852,749,403,998,1856,1703,1721,648,1958,1272,168,364,1042,1763
871,1796,498,1993,1197,74,456,35,8,92,357,31,1637,1214,1156,1933,823,444,1541,1995,861
872,727,14,1833,221,1396,93,852,749,998,648,403,1856,1721,1272,1958,1703,1539,364,1775,1749
873,1588,1581,410,174,958,799,7,171,1783,327,513,1869,1214,2034,1156,2013,823,1541,1097,1447
874,375,1018,1684,806,1214,1541,1156,1581,958,1995,1933,1718,823,1064,174,561,2013,861,444,456
875,95,1751,582,1705,109,1355,1054,1283,1512,474,43,712,1775,403,1961,670,1058,299,128,1118
876,301,1721,1183,299,403,109,1355,912,1958,582,763,1672,1751,1961,1749,1118,1449,1283,711,1557
877,301,1721,1183,299,582,1751,403,912,109,1355,224,1672,1958,727,523,1749,731,1534,712,1449
878,727,1833,14,221,93,1396,852,749,1856,1721,998,403,648,1958,1703,1272,168,364,1539,1725
879,1214,1156,823,1933,1995,861,1541,444,1993,1197,1447,1796,74,498,456,35,357,92,1637,8
880,375,1684,1018,806,1718,1064,1133,677,1541,1995,1156,1933,1214,823,92,74,498,861,174,1522
881,1214,823,1541,1933,861,444,1156,1995,1796,1993,1197,31,74,35,357,1869,498,174,1637,456
882,168,2037,44,1000,1927,1913,1214,1133,1541,21,1261,1950,727,904,1061,289,1721,375,444,1042
883,1214,1933,823,1541,1156,861,444,1995,74,1796,1197,357,1993,31,498,35,289,1637,456,8
884,375,1018,1684,806,1718,1064,1541,1581,1214,958,1156,1995,1933,1133,823,677,227,174,1447,561
885,1779,1951,1009,1387,117,740,1447,1197,1933,444,591,1995,1750,861,1214,1993,74,1541,1156,357
886,727,14,1833,221,1396,852,93,749,998,648,403,1856,1703,1721,1958,364,1272,255,429,1763
887,727,1833,14,221,93,1396,852,749,998,403,1721,1856,648,1703,671,1664,1958,364,1775,1763
888,1993,1197,498,357,74,456,1796,35,1214,31,8,92,823,1637,1933,1156,1541,444,1995,861
889,727,1833,14,221,852,93,749,1396,1856,403,998,648,1958,1721,364,1539,1703,1775,1118,1749
890,301,1721,1183,299,109,912,403,1672,582,731,948,1355,1520,1958,523,224,358,1283,670,1751
891,1541,1214,1156,1796,823,1197,1933,498,1995,74,861,444,456,35,1993,357,92,31,8,958
892,301,1721,1183,299,1751,582,1672,727,403,1355,109,224,912,1958,1283,1749,948,1449,358,1534
893,168,852,727,1042,1833,1721,1913,2037,221,1396,749,14,582,1958,1283,364,93,1634,1509,1000
894,375,1018,1684,806,1718,1064,1214,1541,1995,1156,1933,823,444,861,677,1133,958,1581,357,74
895,1355,582,1010,1751,1512,1705,1058,1283,1764,1054,1806,448,711,414,1149,1539,1143,1118,1749,1775
896,168,2037,1927,1042,1000,44,1061,727,581,852,1913,1133,1261,1950,1958,1833,582,14,967,1111
897,1447,1214,591,1156,1541,174,1995,1933,823,861,1869,1915,444,2059,698,561,1032,1621,1284,995
898,727,14,221,1833,852,93,1396,749,998,403,648,1721,168,1856,1703,1763,128,1272,1775,1958
899,823,1214,1156,1541,1995,1933,861,444,289,958,1796,1581,44,498,74,1993,1197,456,35,1869
900,1581,1214,1447,958,1156,174,1541,1995,823,1933,1869,591,561,1993,1640,861,1699,456,1197,6
901,168,2037,1927,852,581,44,1042,1000,1261,1913,1950,1186,967,1061,1065,1833,1697,727,713,1133
902,727,14,1833,221,93,852,1396,749,998,403,648,1721,1856,1958,1272,128,168,1703,1539,1763
903,375,1684,74,498,357,1214,31,806,1796,1197,1993,35,1018,456,8,1541,92,1718,1156,1995
904,1796,1993,1197,74,498,35,456,357,8,31,92,1214,1637,1156,1933,823,1541,861,1995,444
905,168,727,852,1833,1721,14,1042,221,1913,2037,749,93,1927,1958,1261,1763,998,21,44,1396
906,1796,1156,1214,1993,498,1197,456,823,74,1995,1541,35,357,1933,44,2037,8,861,289,92
907,375,1684,1018,806,1718,1064,677,621,1133,2043,1844,1219,1592,839,759,1898,1800,2065,905,1624
908,727,1833,14,221,852,93,1396,749,403,998,648,1721,1856,1272,1703,1958,128,1775,1664,1118
909,1214,1933,823,1541,444,1156,861,1995,1197,1993,1796,74,357,31,35,498,8,456,1637,92
910,1214,823,1541,1156,1933,958,861,1995,1197,74,1796,498,456,444,31,289,35,1581,92,1993
911,727,1833,14,221,93,852,1396,749,1856,403,998,1721,1703,648,1725,1958,1272,128,364,1763
912,1951,1779,740,117,1009,1387,1933,1214,1447,861,1995,1156,444,1197,74,1993,823,1541,1796,498
913,1214,1156,823,1541,861,1933,1995,444,1796,1993,1197,498,1581,35,74,456,357,8,92,1637
914,168,2037,727,44,1913,21,1833,1927,1111,1061,582,1261,1000,998,1058,1751,1958,1721,1910,1406
915,727,1833,14,221,93,852,1396,749,998,403,1856,648,1721,1272,1775,1958,364,1703,1118,1749
916,1214,1156,1933,823,1541,1995,861,444,1796,74,31,1197,1993,498,35,357,456,8,1637,92
917,727,14,1833,221,93,852,1396,749,403,1721,998,648,1856,1539,1958,1749,1775,1272,128,711
918,727,1833,14,221,93,852,749,1396,998,403,1856,1721,648,1703,128,1958,1272,1725,1775,903
919,1018,375,1684,806,1718,1541,1064,1214,958,1156,1995,1933,1133,1581,677,823,35,357,174,444
920,513,1783,7,171,2034,799,327,1588,1581,410,1214,1712,561,6,174,227,99,1699,1640,713
921,1796,1993,498,1197,1214,74,1156,456,35,357,823,1541,31,92,8,1933,1995,1637,861,444
922,1214,1933,823,1156,1541,1995,861,444,1796,1197,1993,498,74,357,35,289,1869,31,456,92
923,691,963,1692,1624,719,434,531,1447,591,227,1541,1214,174,823,99,1581,1522,1684,861,444
924,727,14,221,1833,852,1396,93,749,998,648,403,1721,1856,1703,364,1272,128,1763,1958,1775
925,168,2037,1927,1061,1261,1042,44,21,1541,1492,1913,581,1814,1000,1697,1950,1111,727,1214,99
926,168,2037,1833,727,1913,1111,1133,852,1042,1763,749,1950,582,1927,44,1406,677,1958,221,1721
927,727,14,1833,221,1396,93,852,749,998,403,1856,648,1272,1721,1958,1703,364,168,1763,1042
928,498,1197,1796,1993,74,35,456,357,8,92,31,1637,1214,1156,823,1933,1541,444,1995,289
929,727,14,1833,221,93,852,1396,749,998,648,403,1856,1721,1272,1958,1703,168,1775,1763,1539
930,727,14,1833,221,93,852,1396,749,998,648,403,1721,1856,1703,1272,128,1958,1775,1763,1749
931,301,1721,1183,299,403,109,727,1355,1958,1672,912,1751,582,523,224,712,1534,1557,763,1749
932,1214,1197,1993,456,74,1637,1581,498,1156,35,31,958,1541,357,1447,92,8,1995,823,1796
933,1214,1197,357,823,74,1933,1156,1541,498,1993,1796,444,35,1995,8,861,31,456,1637,92
934,1796,498,1197,1993,74,456,35,357,1156,8,1214,823,92,31,1995,289,1541,44,1637,1933
935,1214,1156,823,1995,958,498,357,456,35,1197,1541,8,74,1993,1933,1796,92,31,444,1637
936,727,1833,14,221,93,852,1396,749,648,998,403,1856,1721,1272,1958,1703,1775,364,1042,1725
937,1447,1214,591,1541,174,958,823,561,1581,1640,1699,6,1995,1933,861,1156,1869,1621,1440,227
938,727,14,1833,221,1396,852,93,749,998,403,1856,648,1272,1703,1958,1042,1721,364,1763,1876
939,168,2037,1927,1061,1913,1000,1186,1042,1950,44,1721,1133,1261,581,1697,852,904,967,1111,21
940,1779,1951,740,1009,1387,117,1933,1214,1197,1156,1993,444,74,861,357,498,1796,1541,31,1995
941,301,1721,1183,299,109,403,582,1355,912,1672,1958,1283,763,1751,948,43,1054,711,1749,1520
942,14,727,221,1833,1396,93,852,749,998,403,1721,648,168,1763,1958,1775,364,1272,1703,1476
943,1197,1951,74,1779,740,117,1993,456,498,357,35,1796,1009,1387,1156,1214,8,31,92,1637
944,174,1869,1581,561,1699,1214,1640,1712,410,1541,794,1621,1322,6,1588,1440,193,698,1995,2013
945,168,2037,44,498,1927,727,1913,357,1950,852,967,904,581,1042,1418,1000,1261,21,1061,92
946,727,1833,14,221,93,1396,852,749,998,1721,403,648,168,1856,1775,1539,1958,1703,1749,1272
947,727,1833,14,221,93,852,1396,749,403,1721,648,998,1856,1958,1272,1775,1703,1749,1539,1664
948,168,2037,1042,1111,852,1927,1833,727,44,1763,1000,1406,14,840,1950,1856,904,967,1740,1665
949,1197,498,1993,74,1796,8,456,35,357,31,92,1637,1214,1156,1541,1933,1995,823,444,861
950,727,14,1833,221,852,1396,93,749,998,648,403,1856,1703,1958,1721,1272,128,1042,168,613
951,1214,1541,1156,823,1933,861,444,1995,174,1869,1581,1197,1993,1796,31,74,35,498,958,92
952,1951,740,1779,117,1009,1197,1387,1796,74,498,1993,357,456,8,31,35,92,1637,1156,1933
953,168,2037,44,852,1927,1042,1000,840,1950,727,1833,1856,1186,1261,1725,1541,1913,1111,749,967
954,44,2037,289,1214,823,1993,498,1197,1156,1796,1541,456,1581,1995,35,357,74,1933,1937,2013
955,1796,1197,1214,1993,498,74,1156,456,823,35,1933,1541,357,8,31,861,1637,92,1995,444
956,168,2037,1927,1111,44,1061,1913,21,727,1000,1261,1814,1697,1541,289,1740,357,1763,998,1492
957,1355,582,1751,1010,1512,1058,1764,1705,1283,1054,448,1806,1149,414,43,712,738,1664,711,1856
958,1993,1796,498,1197,74,456,357,35,8,31,1637,92,1214,1156,1933,823,1541,444,1995,861
959,375,1018,1684,806,1718,1064,677,1133,357,1447,1221,1541,1750,871,591,958,498,1995,8,92
960,1214,1156,823,1995,1541,861,1933,444,1581,1197,1993,958,174,498,456,1796,44,357,35,74
961,1018,1684,375,806,1718,1064,1133,677,1522,621,1750,2043,1276,1844,871,944,1592,759,963,1624
962,168,2037,1133,1927,44,1186,1042,1261,1913,1061,1192,1000,1763,677,904,1697,582,21,1634,613
963,1197,498,1993,35,74,456,1796,357,8,92,1637,31,1214,1156,823,1995,1933,1541,861,444
964,1197,498,74,35,456,357,1993,8,1796,31,1637,92,1214,1156,1933,1995,1541,823,444,861
965,727,14,1833,221,93,1396,852,749,403,998,1856,648,1721,1958,1539,711,1272,1118,1749,1775
966,727,14,1833,221,852,1396,93,749,998,403,1856,648,1958,1272,1721,1703,364,1042,1763,1775
967,1018,375,1684,806,1718,1064,1581,1541,958,1214,1156,1995,174,1447,1133,677,1750,1869,1933,823
968,1197,1796,1993,498,74,357,456,35,8,31,92,1637,1214,823,1156,1933,1541,861,1995,444
969,1018,375,1684,806,1718,1064,677,1133,944,1750,357,1219,871,2043,621,1221,2068,1592,1898,1480
970,498,1197,1993,1796,31,456,8,74,357,35,92,1637,1214,1156,1541,1933,375,1995,1684,823
971,1214,1541,1156,823,1933,1995,861,444,498,958,1796,1197,74,31,92,456,8,35,289,357
972,498,1796,1993,456,1197,74,35,357,8,31,1637,92,1156,1214,823,1995,44,1541,1933,2037
973,1993,498,1796,1197,74,456,357,35,8,31,92,1637,1214,1156,1933,823,1541,1995,444,861
974,727,14,1833,221,1396,852,93,749,998,648,1856,1703,403,1042,1272,1721,1664,1763,738,1958
975,1197,498,1796,74,1993,8,35,92,31,456,357,1214,1637,1156,1933,1541,823,1995,444,861
976,1796,1197,1214,498,1993,1156,74,823,456,8,31,35,1541,1637,1933,1995,92,357,861,444
977,375,1018,806,1684,1214,1995,1541,1156,1933,1064,1718,823,861,958,444,1581,1133,677,357,35
978,1796,498,1993,74,1197,456,35,357,8,31,92,1637,1214,1156,823,1933,1995,1541,861,444
979,171,1783,410,7,513,1588,799,2034,327,1581,1869,174,697,1097,1350,2013,99,2037,1712,581
980,168,852,2037,727,1406,582,2034,1913,44,364,1634,1042,1950,1149,93,1283,1725,7,1764,414
981,727,14,1833,221,852,93,1396,749,998,403,648,1703,1856,1721,1763,1958,168,364,613,1042
982,1197,74,498,35,1993,456,1796,357,8,31,92,1637,1214,1156,823,1541,1995,1933,861,958
983,727,1833,14,221,93,852,749,1396,403,998,1856,648,1958,1721,364,1775,1118,1703,1539,1664
984,2037,44,289,1214,1541,498,1156,823,1993,2013,1581,1197,1933,1995,456,1796,861,410,357,35
985,301,1721,1183,299,403,1672,1958,912,109,1557,1355,1749,727,224,1725,1449,582,1751,358,523
986,498,1993,1197,1796,456,74,35,357,1637,8,31,92,1214,1156,823,1995,1541,1933,444,861
987,958,1214,1541,1581,1156,823,498,74,1995,1197,1933,456,1796,8,92,357,35,1637,289,1993
988,1796,498,1197,1993,357,456,74,35,8,31,92,1637,1214,1156,823,289,44,2037,1933,1541
989,44,289,2037,498,1993,456,1197,357,1796,35,74,823,1214,958,8,92,1156,1541,1637,1581
990,168,2037,852,44,727,1913,1186,1000,1950,1833,581,1192,1042,1721,93,1927,1763,1133,1065,998
991,1447,591,1915,1032,1284,698,995,2059,174,298,465,1567,909,68,524,1932,1869,6,1046,475
992,168,2037,44,1927,852,581,1913,1950,1000,727,357,1261,1042,498,1186,1833,99,1133,14,1061
993,1796,498,1197,1993,74,456,35,357,8,92,31,1214,1637,1156,823,1541,1933,1995,861,444
994,1018,375,1684,806,1718,1064,1214,1995,1541,861,1156,823,444,1933,1581,958,174,1447,1869,1750
995,1214,1796,1156,498,1197,1993,1541,1933,1995,74,456,823,357,35,8,31,92,861,444,1637
996,1214,44,1156,498,1993,1541,1796,823,1995,289,1197,2037,1933,456,74,35,357,1581,8,861
997,1447,591,6,561,1640,1699,1621,1440,174,1322,1214,1869,1581,1995,1350,2054,1541,823,1933,1937
998,727,1833,14,221,1396,93,852,749,998,1721,403,648,1703,128,1775,168,1856,1272,1749,1958
999,498,1197,1993,289,357,74,35,1796,1214,456,823,1541,1156,44,8,1995,31,1933,92,958
