0,1214,1995,1541,861,1156,1993,1933,8,456,31,444,92,1637,1869,74,357,823,498,1796,35
1,1214,861,1541,823,1156,444,1933,1995,1993,92,1783,2034,513,74,456,8,7,1796,327,1581
2,1214,861,1541,1869,1933,1995,823,444,1156,958,327,174,410,1588,7,1783,1056,513,1581,2034
3,327,2034,1783,171,799,513,7,1588,410,1214,1933,861,2013,1541,823,1719,1156,1581,1869,1350
4,1214,1541,861,1933,1995,1156,823,444,1993,8,1637,92,31,456,498,74,357,1796,35,1197
5,1621,1440,1699,6,561,1640,168,1322,2034,327,799,513,171,1937,2054,1350,1783,817,738,197
6,2034,1214,8,1869,1933,513,861,1541,1156,1783,327,444,1995,799,1993,174,1197,958,31,498
7,456,74,1387,1993,35,8,92,1637,498,117,740,357,1779,31,1009,1796,1197,1951,289,958
8,1712,934,1621,23,171,1384,327,174,1588,205,1783,798,799,193,513,571,1583,405,410,1511
9,1214,861,1933,1541,444,1156,1993,823,8,1995,92,1869,456,74,1637,958,1581,498,1197,1796
10,1898,521,1793,1035,1275,2043,2065,1592,839,1800,1108,122,422,679,594,1219,621,1844,1851,905
11,791,1750,991,871,1480,375,944,2068,677,1064,1718,1133,806,1018,1898,591,1684,1214,1447,1275
12,1214,1541,1995,1933,861,444,1684,1718,1156,375,823,1064,1018,1439,677,1783,806,513,327,740
13,483,255,1192,613,609,440,1186,1869,2054,2013,1937,852,958,2037,174,713,1870,918,364,410
14,1869,174,2013,1583,561,405,1322,1621,1712,1699,1937,779,1440,6,23,1350,1066,1586,2054,787
15,376,1577,1111,1740,1783,7,2034,799,513,327,1588,171,1621,1440,410,6,1640,364,918,561
16,327,1588,799,513,171,1783,410,2034,7,1581,1869,174,1621,1640,1350,861,1214,958,1712,561
17,861,1541,1214,1933,1995,1156,823,444,1869,8,1637,958,1993,31,74,498,456,92,1796,2037
18,1814,1927,1492,861,1061,1541,1697,1261,21,1214,444,1156,1933,823,1995,2037,44,289,1869,2013
19,1624,691,434,531,1692,963,719,1869,174,1995,677,934,1718,1156,195,794,156,1018,262,1969
20,1869,174,1712,1018,934,1969,410,193,794,23,958,1064,262,806,798,2013,1384,195,227,205
21,1993,1637,8,92,456,31,1796,74,357,498,1197,1214,861,35,1933,1541,444,958,1156,823
22,1869,174,2054,1937,2013,1322,1621,1699,1350,1440,561,405,1066,1583,1586,713,6,410,1932,916
23,1214,1750,1869,1541,791,991,1995,1933,944,861,2068,1480,444,823,871,8,1156,410,1588,1993
24,934,205,193,798,23,794,1384,571,195,262,1969,1511,156,1350,1937,410,697,1712,2054,1869
25,327,171,1783,799,7,2034,513,1588,43,712,410,429,227,1533,897,448,817,697,960,949
26,1214,861,1541,1933,1156,1995,823,444,74,1993,958,8,456,289,92,1869,1637,498,1796,31
27,1873,1405,358,731,575,200,1520,523,1672,670,474,948,819,912,1529,274,1534,546,65,224
28,1214,861,444,1581,1869,1933,1541,1995,375,1156,823,1993,1018,8,1064,958,174,92,1637,456
29,1869,861,958,1541,1214,1993,1156,1581,823,1937,444,174,8,1350,2054,1933,456,1995,713,410
30,1869,174,1783,327,7,2034,1933,1581,958,410,1541,861,171,1588,1712,513,799,444,1214,1201
31,671,1289,405,1583,1586,787,174,561,1440,1932,21,916,804,68,1915,1022,2059,475,524,696
32,1133,677,1064,806,1993,375,1637,92,1718,1684,8,1018,1697,1197,1796,35,456,74,31,1927
33,861,1214,456,1993,444,1933,1995,1541,823,8,1156,357,498,31,1796,1387,1637,92,74,958
34,327,171,1783,7,1588,799,2034,513,410,1869,227,1621,1640,1322,174,6,1440,1699,2013,561
35,1783,327,7,513,171,799,2034,861,1588,1869,410,405,174,1214,444,1640,1712,1583,1933,1541
36,1018,1718,1993,375,806,1064,1684,8,1796,456,92,74,31,677,1637,1197,1133,498,1488,691
37,2034,109,299,1783,852,799,93,513,327,364,168,1725,1588,171,7,648,1865,221,43,727
38,74,8,456,1993,35,92,1995,1637,1214,1933,823,861,31,958,357,498,1796,1541,1156,444
39,727,1833,14,221,93,1396,749,852,1283,1751,1512,1705,299,1764,1649,1703,1058,1923,1143,1355
40,1283,1010,1705,1054,1751,1512,1764,1058,1355,582,1806,414,1149,448,1281,1143,1118,711,671,1775
41,1387,1951,1009,1779,117,740,205,195,1511,1384,193,156,1286,806,1064,571,1969,289,524,323
42,1869,174,861,1214,1541,327,1783,444,823,1933,1156,713,1712,1995,1447,227,410,171,1621,513
43,1588,327,410,171,513,1783,799,2034,7,1869,1937,2013,1350,174,1322,2054,227,561,861,1621
44,1993,456,8,498,357,92,31,1637,1796,35,74,1197,861,1933,1214,1541,1995,1156,823,444
45,1214,1541,1933,823,1995,861,1156,444,991,1750,944,2068,871,791,1973,1781,375,99,513,1056
46,2034,513,7,1588,171,327,410,799,1783,364,227,18,1315,861,1750,268,156,692,817,791
47,1283,1512,1705,1054,1751,1058,1355,1010,1764,582,1806,1149,414,1281,711,1118,1381,1143,1775,448
48,128,1764,1751,1705,1143,1283,1010,1058,1281,1118,1355,1775,1512,1054,711,1923,1539,1381,221,582
49,1621,1322,6,561,1699,1440,1640,1308,116,1870,174,1869,1447,591,798,1586,934,571,193,1712
50,1993,456,31,1637,8,1796,74,92,1197,357,498,35,1214,958,861,1541,1933,1156,1995,444
51,1283,1705,1054,1512,1058,1751,1355,1010,1764,582,1806,414,1149,1281,448,711,1118,1775,1143,1381
52,1583,1022,405,787,1712,1869,193,571,205,798,2013,23,1640,697,174,794,1699,1969,1384,6
53,1621,1588,1699,6,1640,1322,327,799,171,1440,410,513,7,2034,1783,561,1869,1022,174,1712
54,1214,861,1541,1933,1993,1156,8,1995,444,823,92,1637,31,456,498,74,1197,1796,357,35
55,1581,1214,1933,823,861,1541,1156,958,92,444,591,1993,1447,1995,1869,1937,74,410,1796,1588
56,1699,1621,1322,6,1640,1440,1869,561,174,1712,798,934,571,1046,23,1969,68,1023,205,1447
57,74,456,8,1993,35,1637,289,92,498,958,1995,1387,1796,31,357,575,1197,861,823,1541
58,1869,410,1588,174,2013,205,798,934,1937,193,794,1350,1056,23,327,571,1322,1384,262,697
59,861,1214,1541,1995,1869,1933,1156,1447,823,444,591,8,958,1637,174,1993,31,456,1197,92
60,1133,677,1581,375,806,1927,1064,1718,1018,1439,1697,1404,1973,1061,1684,1492,1993,1814,122,1197
61,327,1783,861,7,1214,2034,1541,513,171,799,1933,444,1156,410,1937,823,1995,1869,1056,2013
62,1283,1705,1512,1751,1054,1355,1010,1058,1764,582,1806,414,1149,448,1281,711,727,1118,1143,1539
63,991,1750,1480,1447,791,2068,944,591,871,1869,174,327,1214,1783,1995,23,823,799,171,1541
64,1814,1697,1927,1061,1492,21,1261,861,1541,1214,8,92,1993,1197,1156,1637,444,289,1933,74
65,861,1541,1214,1933,444,1156,823,1995,8,1993,44,958,1637,2037,456,31,74,92,498,1796
66,1035,1275,2065,1898,1793,521,2043,1592,1800,1108,621,839,679,122,594,422,1219,729,905,1844
67,1869,327,1783,7,513,861,171,2034,174,799,1214,1699,1640,823,1541,1056,1621,1588,410,1440
68,410,327,1869,1541,1588,861,1214,1783,444,513,1933,958,2034,7,2013,1995,1156,174,171,1937
69,1283,1705,1751,1512,1764,1355,1010,1054,1058,582,414,1806,1149,1281,448,1143,1118,1775,711,727
70,1214,861,1541,1933,1995,444,1156,823,8,1993,1869,92,958,1783,31,1637,498,456,74,357
71,327,171,2034,513,7,1783,799,1588,410,1719,1581,227,730,1097,1712,1214,1201,918,1869,1640
72,8,1993,456,74,1637,861,1214,1541,1796,31,92,357,1197,498,823,1933,1156,444,1995,35
73,1993,8,1796,456,92,1637,74,498,357,1197,35,31,861,1933,958,1995,1214,444,1156,1581
74,861,1541,1869,958,823,410,2037,444,1214,1933,713,581,174,1937,1583,1995,405,1156,44,1581
75,1993,1214,861,1933,1541,1995,444,456,8,1156,823,1637,357,74,92,31,1796,498,35,1197
76,1214,861,1541,444,1933,1995,991,1156,823,1869,1480,791,1750,944,871,1064,806,375,174,1718
77,1214,1995,1541,1933,1156,861,823,444,1588,1869,410,174,591,513,2012,7,799,1056,1350,1783
78,410,327,1588,1350,171,799,2034,1937,2054,7,513,2013,1783,1869,561,798,1322,1056,174,227
79,1621,958,1699,2054,1350,713,1640,1937,1322,591,1447,561,6,1056,1440,1214,861,581,1581,2013
80,1993,456,8,861,1637,1214,1796,1995,74,92,1541,444,958,1933,498,1156,31,823,357,1197
81,1588,410,327,513,7,1783,2034,799,171,2054,1973,1350,1937,790,174,1869,1439,2013,1913,561
82,327,171,7,2034,513,1783,799,174,1588,364,410,1869,227,1372,18,1440,193,1581,1719,1712
83,1869,327,513,174,7,1783,171,799,1214,410,1937,861,1581,1350,1588,1541,1933,1995,2034,1712
84,871,1750,2068,791,1480,991,944,1133,375,677,1718,1018,1064,806,1684,521,591,1898,2043,905
85,1699,1621,1640,6,1322,1440,561,958,289,2054,2037,1937,327,1583,410,44,2013,787,1056,1350
86,1856,1725,120,327,168,697,268,1551,1516,2034,1400,727,1921,197,832,1194,138,1863,1022,253
87,1750,991,791,1480,871,944,2068,1133,591,1869,1447,1214,677,823,1995,861,1541,375,1718,444
88,1699,1621,6,561,1322,1440,1640,1869,1712,1583,174,861,405,958,1447,23,1022,934,591,1541
89,1405,575,1873,474,912,948,819,200,523,546,274,358,1520,731,65,1529,670,1534,1672,224
90,375,1018,1718,1064,806,1684,1387,456,740,117,1993,1779,1009,74,1951,1637,1197,8,1796,92
91,1588,410,1937,2013,1869,2054,1350,1056,958,174,327,44,1783,2037,713,7,171,1322,1719,205
92,1283,1751,1512,1705,1054,1058,1764,1355,1010,582,414,1806,1149,448,1281,727,1143,1118,711,1381
93,456,861,8,74,1993,1541,289,1637,1214,823,958,1995,31,92,1933,1796,1156,444,498,35
94,1541,1995,861,1933,1214,823,444,1156,8,1637,1993,456,92,31,74,357,1796,498,35,1197
95,327,171,1783,7,799,2034,513,1588,410,1705,337,1751,1054,1283,1355,1010,1806,817,1764,582
96,1214,861,205,444,1933,1541,1995,23,934,1156,1588,823,794,410,1581,1869,174,1384,156,798
97,8,1214,861,1993,456,1933,1796,1637,92,1197,1995,74,1541,958,1156,357,498,823,444,31
98,861,1541,1156,74,1995,8,1993,456,1933,823,1214,444,1637,31,1796,498,92,958,1197,289
99,327,799,171,2034,1783,513,7,1588,410,1581,1719,1097,1350,1640,730,1056,1937,1440,1973,2013
100,168,1783,1289,1192,95,171,727,7,166,440,364,1449,896,738,153,1336,1664,1938,513,255
101,1783,327,513,7,799,171,2034,1588,1541,1214,410,861,1933,823,444,2013,1995,1533,1712,960
102,861,1541,1214,1156,1933,823,444,1995,8,958,1993,44,74,289,1637,2037,456,31,1796,498
103,958,1995,1214,861,8,456,1993,1541,1933,444,1637,74,35,823,1156,92,498,1796,357,1350
104,991,871,1750,791,1480,2068,944,1214,861,823,444,1541,1995,1869,1133,1156,677,227,1933,1581
105,1214,861,1541,1933,444,1156,823,1995,8,1937,1637,1993,92,1783,513,1581,1350,456,327,958
106,861,1214,1541,1156,1933,823,444,1869,1995,1581,2013,8,1814,1993,1927,1350,1492,1056,958,21
107,43,712,1783,327,1533,1588,171,799,513,1937,616,2054,7,1541,1132,2013,364,544,410,1330
108,1387,1779,117,1009,1951,740,289,1664,1725,323,195,738,798,2037,205,168,1856,156,671,456
109,1214,1541,861,1995,823,1156,444,1933,740,117,1387,456,1718,8,1993,1779,944,791,1064,1637
110,375,1275,871,1718,806,521,1898,1800,791,1018,1035,839,1844,679,2065,1219,2043,621,905,1793
111,1214,1933,1541,861,444,1995,1156,823,958,1869,1993,8,1581,74,456,1637,410,174,1056,327
112,1869,174,327,1783,513,7,799,2034,171,1588,410,1447,591,1712,1750,1480,227,991,791,1214
113,1156,1995,1541,861,74,823,1933,1214,444,1993,456,1586,958,475,1637,298,1796,1066,35,205
114,168,727,1322,174,2054,255,609,1588,2013,1869,1937,2037,440,561,1640,1186,410,1712,1192,44
115,74,456,8,1993,1796,1637,92,861,1541,31,498,35,1197,1995,823,1214,357,1156,1933,444
116,1143,1281,1749,1539,1775,711,1381,1764,1118,1512,1705,1355,582,1054,1751,691,1010,1283,1624,1058
117,8,1993,456,1637,74,92,498,1796,31,35,357,1197,958,1214,861,1156,444,1933,1995,410
118,677,1133,1064,806,1718,1018,375,1684,1214,1637,1993,456,1197,8,444,1541,823,958,1995,1156
119,1214,1541,861,1933,444,1995,823,1156,1993,1637,8,92,1796,456,74,357,498,31,35,1197
120,861,327,1541,1783,1214,410,1869,1933,7,171,444,513,1937,2034,1156,2013,823,1588,799,1995
121,727,1833,14,221,1396,93,852,749,1283,1751,1740,1705,1764,1355,1703,1512,1577,1054,1058,299
122,1993,861,8,456,1214,1541,74,1637,92,1796,31,823,1933,444,1995,1156,1197,958,357,35
123,8,1993,456,92,74,1214,1637,1796,31,1197,35,861,1933,357,1541,444,958,498,1156,823
124,74,456,1993,8,35,498,92,1637,357,1796,31,1197,1387,1995,117,861,1541,958,1779,444
125,7,1783,1214,327,2034,513,1869,861,799,1541,1995,1933,444,1156,1581,174,171,823,1588,410
126,1783,513,327,2034,7,171,410,799,1588,861,1214,1156,823,1933,444,1869,790,1541,1995,2013
127,1387,117,1779,740,1009,1951,456,74,1995,1993,8,1541,1156,1637,823,1796,861,1214,1197,498
128,861,1933,444,8,823,1541,1995,1214,1937,74,1156,1993,357,1350,92,1869,1637,456,2054,31
129,1993,861,8,1637,92,456,1214,1541,31,74,1933,1197,1796,1156,498,1995,444,357,823,35
130,791,871,991,1750,1480,2068,944,1133,677,227,1869,591,1214,861,1995,174,1581,823,1541,434
131,861,1993,1541,1214,456,1933,8,1156,31,823,1995,1796,444,1637,92,498,357,74,1197,35
132,727,1833,14,1396,221,93,852,749,1751,1054,1397,1283,168,1764,116,1289,1512,1010,1870,1355
133,193,1322,1624,1640,278,1192,1143,1692,561,934,1315,43,788,1775,712,6,1476,914,1118,195
134,1387,117,740,1779,1009,1951,456,74,8,1993,1796,1214,861,823,1637,1541,92,31,1197,1064
135,1993,31,92,8,456,1637,74,357,1197,1796,498,2034,958,35,1350,1937,327,171,513,2054
136,1143,1281,1118,1775,1749,1539,711,1381,1764,1010,1705,1751,1283,1058,1512,1054,1355,582,1923,128
137,1143,1281,1749,1775,1118,1539,1381,711,1764,1512,1010,1705,1058,1283,1355,1751,1054,582,1211,1649
138,8,1993,1869,74,1937,92,498,456,1350,31,1637,1214,958,861,357,1197,35,327,174,1796
139,1035,1275,1898,1592,1108,2043,1793,2065,521,1844,1800,122,839,679,594,422,1851,621,1219,905
140,861,1214,1541,444,1933,1156,1995,823,1993,8,1637,74,958,456,92,31,498,357,1796,1869
141,2034,513,799,1783,171,1640,1699,1621,1350,7,561,1933,1214,1541,1322,327,6,861,1440,1781
142,727,1833,14,221,1396,93,852,749,1283,1751,1705,1764,1355,1512,881,299,1058,1740,1703,1054
143,327,513,410,1783,7,1588,799,171,2034,861,1214,1869,1541,1933,444,823,958,1995,174,2013
144,1447,591,327,1712,1783,799,1869,1621,23,171,7,1699,513,174,1640,405,934,1969,205,1322
145,168,197,1721,120,738,429,1516,1664,132,405,1725,1511,787,95,740,582,881,166,38,1863
146,1283,1705,1512,1355,1751,1054,1010,1764,1058,582,414,1806,1149,448,1281,1539,711,1381,1118,1775
147,327,7,410,1783,513,1588,171,799,2034,1869,174,1350,1937,2054,861,2013,823,1156,1214,44
148,1725,1856,128,403,648,301,1958,727,299,1923,14,1529,1009,1721,1703,763,1577,546,1118,1751
149,1869,410,1588,174,1937,1214,794,798,205,1350,23,934,861,1384,327,1541,156,571,2013,193
150,168,1516,429,1725,1863,95,1118,120,1721,738,132,1951,117,1817,43,197,897,364,998,460
151,7,1783,1869,513,327,174,799,2034,171,1712,410,1322,1588,1440,561,1699,1640,1621,2013,1023
152,1783,327,513,1869,799,171,7,2034,1712,174,1640,1621,1699,1583,405,561,1440,861,6,787
153,1705,1283,1512,1054,1355,1751,1058,582,1010,1764,414,1281,1149,1806,1775,1539,1381,448,711,1118
154,1750,791,991,944,1480,871,2068,1214,1995,1541,861,444,1933,823,1156,1439,1869,1488,1783,1770
155,1898,1793,521,1275,1035,2065,2043,621,1800,679,839,422,1219,1592,1108,122,594,729,905,1844
156,1718,375,1684,1018,806,677,1064,791,871,1750,991,944,1133,1480,2068,1194,378,1214,1995,434
157,1064,677,1133,806,375,1718,1018,1684,1993,1637,92,8,456,35,31,1796,74,1197,357,498
158,861,1541,1214,1156,823,1933,444,1995,44,2037,1869,289,1056,1581,1927,2013,1814,581,958,1061
159,1869,174,798,205,934,1384,193,1969,1583,23,571,405,156,1712,794,1511,262,2013,1586,1022
160,1869,327,1588,410,171,513,1783,7,174,2013,2034,799,1056,1937,958,1712,227,861,1350,1719
161,791,991,871,1750,1480,2068,944,677,375,1133,591,1064,1718,806,1447,1869,1018,1214,1684,1439
162,327,1937,171,410,1621,1783,1440,2034,1322,1350,513,1699,1640,1588,561,799,6,2054,1097,7
163,1993,456,8,958,74,1637,1214,861,1796,92,31,1541,498,1197,444,357,1869,35,1156,1933
164,1541,1214,1869,861,444,1156,823,1933,1995,934,23,1581,205,916,410,1932,794,174,227,262
165,2034,513,799,7,171,1783,327,364,1588,1268,410,414,817,1640,692,1042,561,1427,168,1727
166,1783,327,2034,799,7,171,513,1588,410,1869,958,174,1719,861,1933,444,1214,1581,2013,2037
167,1993,1995,861,1214,1933,456,8,444,1541,1637,74,1156,1796,823,498,357,92,35,958,31
168,168,1725,43,117,949,1951,429,897,738,1721,132,1664,1387,171,197,1286,544,712,1252,1009
169,483,440,255,44,1186,1192,609,2037,613,713,2054,965,1221,1533,43,1418,817,1713,289,1863
170,1993,8,861,1214,1637,456,92,1541,74,1933,444,1197,1156,1796,498,31,357,1995,823,958
171,1387,117,1009,1779,740,1951,289,456,74,1993,35,958,1637,8,1995,498,92,1796,357,31
172,1869,1214,1541,2013,861,174,1933,410,823,1156,1588,1937,444,1581,1350,23,205,794,1995,798
173,1214,1995,861,958,444,1933,1993,1581,1541,8,1156,1637,456,1796,823,498,92,74,35,357
174,513,327,2034,171,1783,7,799,1588,410,174,1869,1937,1350,2054,697,1447,193,23,1969,591
175,410,1588,1869,174,794,205,934,798,1384,697,23,193,1214,156,1937,1350,1511,958,1969,571
176,861,1214,1541,1156,1995,1933,8,1993,444,1637,823,456,92,1796,31,74,1197,357,498,35
177,1214,861,1933,1993,1156,1995,92,444,1541,1637,456,823,74,1796,357,31,8,35,1581,498
178,513,2034,327,799,1783,171,7,861,1214,410,823,1588,1719,1937,2013,1350,444,1933,1541,2054
179,327,7,513,2034,1783,799,171,1588,410,174,1869,2013,1621,1350,1937,1640,2054,1322,1712,561
180,327,513,171,7,1783,2034,799,1588,410,1869,1201,713,918,561,861,1322,1332,958,174,35
181,171,327,2034,513,1783,799,7,1588,410,1869,1937,1201,2054,1712,174,817,1350,1533,1806,1054
182,727,1833,14,221,1396,93,852,749,1283,1751,1705,1512,1054,1355,414,1764,1923,1058,128,301
183,168,1725,1516,120,429,738,1856,117,1817,95,1286,1664,1406,65,378,414,197,1863,1621,1200
184,1283,1705,1054,1751,1512,1058,1010,1355,1764,582,1806,1149,414,1281,711,448,1118,1143,1775,1539
185,861,1214,1541,1933,823,1995,444,1156,958,8,1993,456,74,1796,1637,498,92,289,31,2037
186,1705,1283,1512,1054,1010,1751,1058,1355,1764,582,1806,414,1149,448,1281,1143,671,1118,711,1381
187,327,1783,861,513,7,1541,171,1869,799,1214,2034,1933,444,174,1712,823,1640,1156,1699,410
188,791,991,944,1750,1480,2068,871,1869,174,410,1214,1588,934,23,798,794,1384,205,861,591
189,1283,1705,1512,1751,1054,1058,1010,1355,1764,582,1806,414,1149,448,1281,1118,1143,711,1381,1539
190,1783,1699,327,1621,1640,1869,1440,513,171,6,174,799,561,1712,7,1322,2034,1937,410,1447
191,1488,236,1522,990,1770,1276,942,888,846,378,2012,1652,1214,791,861,1156,871,1350,1718,806
192,1869,174,1214,1995,444,1156,861,1541,823,23,513,1447,1933,410,934,798,591,794,327,1969
193,1993,74,1637,456,8,92,1197,1995,1796,35,861,1156,677,1133,31,1541,823,498,1927,1061
194,174,1869,1588,410,1712,1322,1440,327,1640,7,1699,513,1937,909,713,697,1621,2013,1541,1066
195,168,197,429,1725,357,897,38,448,95,1516,1667,120,738,1781,1863,132,2034,456,414,364
196,289,958,1699,1873,1322,575,74,1387,456,6,1405,740,912,474,1640,1440,1529,8,1009,1779
197,1705,1283,1512,1751,1054,1355,1058,1764,1010,582,414,1806,1149,448,1281,1775,1143,1118,711,1381
198,1214,1541,1995,444,861,791,991,871,1750,823,1933,1156,1480,2068,944,8,677,1064,1133,1718
199,1387,117,1779,1951,740,1009,456,74,35,1993,357,31,498,1796,8,1637,92,1197,958,1447
200,861,1541,1995,1214,1933,823,1156,444,958,74,8,456,498,1993,289,1197,92,1637,1796,35
201,1447,1869,174,1588,591,958,410,1995,205,1214,1933,794,1541,798,861,1156,23,1969,327,934
202,168,1725,429,1516,1721,95,1664,738,1856,364,897,43,1200,171,156,934,65,197,132,274
203,1588,410,171,327,513,7,799,227,1783,1322,1869,2034,1640,1621,1699,6,174,561,1440,1937
204,794,327,798,205,23,934,156,571,513,1384,1511,1969,195,193,799,410,171,262,1783,7
205,513,327,2034,171,1783,7,799,410,1937,1719,2054,1372,1588,1350,1097,1200,1042,174,1640,790
206,513,327,1783,171,2034,799,7,1588,410,861,1214,2013,1933,1541,1581,444,1869,174,1995,1404
207,327,1783,174,1869,1056,2034,799,1621,1440,7,1699,1640,513,958,1322,171,1750,944,1581,6
208,1869,513,861,1783,2034,823,410,1933,1995,327,1588,799,1214,1156,1541,561,35,444,174,7
209,410,1588,327,861,1869,1350,799,1214,1056,513,958,2013,2034,1541,1783,1937,7,171,1933,444
210,410,1588,327,171,1783,513,174,2034,1621,7,1869,1937,1440,1350,799,1699,1640,1581,1322,561
211,2034,7,171,513,327,799,1783,168,166,410,1588,541,949,1581,364,227,1350,1372,790,18
212,513,327,171,1588,7,1783,2034,410,799,174,364,1869,561,227,1322,6,1640,1440,1699,2013
213,727,1833,14,221,93,852,1396,749,1283,1751,1512,1764,1705,1058,1355,1703,1054,671,299,128
214,1581,861,1350,958,8,1933,1993,1937,1214,444,1541,1439,991,1637,1995,1796,1156,2054,1447,1197
215,327,2034,799,513,171,1783,1937,1719,1350,410,7,1588,2054,2013,1097,861,1214,1488,1404,1522
216,727,14,1833,221,1396,852,93,749,1740,1703,299,1283,881,1577,1751,1289,1111,1583,109,1705
217,327,1783,513,171,410,2034,7,799,1588,1581,1869,1066,227,1699,174,1023,1350,1640,2013,1932
218,1750,871,791,2068,991,1480,944,1133,1898,521,677,2043,422,375,839,1219,594,1275,1844,1108
219,1869,327,1783,1712,410,171,513,799,174,7,2034,1588,1699,1640,1447,591,1621,561,1932,1214
220,861,1214,8,1993,1541,1933,1637,1156,456,92,444,823,74,31,498,1796,1197,1995,357,958
221,794,571,205,23,195,934,262,156,798,1511,2013,1476,193,1712,1384,1330,958,1937,1869,616
222,1783,327,1869,513,7,2034,174,861,171,799,1621,1541,1440,1699,823,1640,1214,6,561,444
223,1588,410,513,2034,171,327,174,1719,799,1214,1332,444,1869,1712,1097,1350,861,205,1783,1511
224,1283,1512,1751,1705,1355,1764,1054,1010,1058,582,414,1806,448,1149,727,1833,1281,1539,711,1143
225,1869,174,1541,861,405,444,1214,1583,1995,1156,823,1933,1712,1022,2013,1586,713,787,1932,1937
226,1214,861,1541,444,1995,823,327,1933,1156,513,1783,1869,958,7,2034,799,171,410,1937,1588
227,1133,677,871,791,1480,991,375,1064,1750,806,1718,944,2068,1018,591,1684,1214,1447,1898,1869
228,1064,1718,806,375,1480,1018,991,791,871,677,1684,1750,1133,944,2068,1214,591,1898,621,521
229,1588,799,327,1869,2034,513,410,174,171,1712,1581,1783,1640,1621,1322,7,6,1214,794,934
230,1993,92,1637,8,456,31,74,1796,1197,498,357,35,1214,861,1933,1156,1541,1133,1697,444
231,1214,1541,1995,861,1933,823,1156,444,1869,8,92,498,1637,174,31,1480,74,944,2068,1993
232,327,7,171,2034,799,1783,513,1588,410,168,1937,1621,1640,2054,1350,1322,561,790,1699,817
233,1214,1541,861,1995,1933,444,823,1156,1993,8,1637,456,1796,92,74,357,31,498,35,1197
234,958,1995,1581,861,1350,1541,1156,74,1933,298,8,1066,444,498,823,916,92,1719,475,1796
235,327,513,799,2034,7,1783,171,1588,410,1869,174,1350,1937,1712,1097,1719,2013,2054,861,1447
236,375,1718,1018,806,1064,677,1684,691,1133,434,1624,1692,963,719,1480,531,871,991,1750,2068
237,1869,861,1541,444,1933,1214,1995,1156,174,823,958,405,8,1583,1993,1712,713,74,1022,1637
238,1133,677,1993,861,1637,1214,8,92,1156,1541,444,456,1197,1995,1796,823,74,958,31,1933
239,1869,174,405,1583,1712,787,1932,1022,916,1586,1066,804,113,1284,1567,1046,1621,68,2059,298
240,2034,410,171,513,327,799,1588,1783,7,1869,174,697,1712,1511,934,23,798,1384,18,591
241,1869,174,958,1937,227,2034,1712,327,1214,2054,405,861,1350,799,410,1541,1781,1719,2013,1933
242,677,1133,1214,1541,823,861,806,1995,1933,1156,375,1718,444,1064,1018,1684,8,871,1869,1993
243,1869,1621,1699,6,1640,561,1322,174,1440,794,798,1712,571,23,934,205,1384,1969,193,195
244,327,513,2034,1783,410,171,799,1588,7,1869,1214,1541,174,1712,861,444,1937,823,1933,1350
245,1541,861,1214,1156,444,1933,958,823,1993,1995,8,456,1637,1869,1197,31,1796,92,74,35
246,1214,861,1995,1993,444,456,1541,1933,823,1156,8,1637,1796,92,74,958,498,35,357,31
247,2037,2034,852,44,483,965,513,1869,289,1833,1783,327,1192,1186,440,799,609,2013,1533,1588
248,1283,1751,1512,1705,1010,1764,1355,1054,1058,582,414,1806,448,1149,1281,1143,1118,1381,711,1775
249,861,1541,1214,1933,823,1995,1993,1156,444,456,357,1637,1796,92,8,74,498,31,1197,35
250,327,513,2034,799,1783,171,7,1588,410,1214,1350,861,1937,1541,2054,1869,1156,2013,1719,1933
251,1869,174,410,327,1783,513,1588,7,1712,171,2034,799,2013,1932,1284,909,298,916,1447,113
252,1583,1022,787,405,1869,174,2013,1712,1933,861,1541,697,1284,444,1640,2037,799,1995,513,1699
253,1588,513,410,2034,327,7,171,1783,799,861,1214,444,1933,1350,1541,958,823,1937,1995,2054
254,1750,991,871,791,1214,861,1480,2068,1541,1995,823,944,444,1933,1156,1439,1869,1581,174,1404
255,861,1214,1541,1933,1156,444,1993,1995,823,8,456,1637,498,31,92,1796,357,74,1197,35
256,727,14,1833,221,1396,93,852,749,1283,1751,1764,1512,299,1705,128,1649,1740,1058,1355,1703
257,1993,456,74,8,1637,92,289,31,958,1796,498,357,35,1197,1214,861,44,2037,1933,823
258,1869,174,405,1583,798,205,571,934,1586,1969,1066,1932,23,916,1621,1322,787,193,794,2059
259,1214,861,1541,1156,1933,1995,444,823,958,1581,8,1869,410,456,1588,1993,1796,74,1637,1350
260,1058,1512,168,1355,1010,1054,582,1705,1283,1751,1764,727,299,1721,712,95,1396,1149,1539,648
261,327,513,2034,171,799,410,1588,7,1783,697,1621,174,561,1640,1869,1350,1699,1440,1581,2013
262,677,1133,521,871,1898,375,1793,2043,422,791,1275,2065,2068,1219,991,839,679,621,1108,594
263,1387,117,1779,1009,1951,740,763,1725,1856,1664,323,195,289,712,1961,671,738,1588,2037,43
264,1750,871,991,791,2068,1480,944,1718,375,1064,1018,1684,591,677,1133,806,1214,1783,327,171
265,727,1833,221,14,93,1396,749,852,1283,1751,1764,1512,299,1703,1705,1355,1054,1740,1010,414
266,861,1993,1869,1541,1214,1581,823,1156,1783,1781,8,327,1933,444,174,357,1995,1588,958,2034
267,410,1783,1869,327,1588,513,861,171,1541,2034,1350,444,1214,1933,1937,799,823,174,1712,2013
268,1214,861,1541,1156,444,1933,1995,823,1581,1993,8,410,1588,456,958,677,1869,92,1637,1133
269,513,327,1783,7,799,2034,171,1869,1214,174,1588,1995,1541,410,861,823,1933,1156,1447,444
270,375,1214,1018,1718,806,677,1995,1064,1684,1133,8,823,861,1993,1933,456,1796,444,1156,1541
271,727,852,168,1856,221,120,1833,327,1396,2034,93,1449,799,914,14,897,268,1588,1725,489
272,1993,456,1796,8,1637,92,498,357,74,31,1214,861,1995,35,1933,1156,1541,823,444,1197
273,1705,1283,1512,1058,1054,1751,1010,1355,1764,582,414,1806,1149,448,1281,671,1118,1143,711,1539
274,1705,1283,1512,1054,1751,1355,1010,1058,1764,582,1806,414,1149,1281,1775,1539,1118,711,1143,1381
275,1214,861,1993,8,1933,92,1156,1541,456,1637,74,444,958,823,498,1796,1197,1995,357,31
276,1214,1995,1933,823,444,1541,861,1156,1581,375,1018,958,1869,1064,1718,806,1993,991,677,1133
277,727,1833,14,221,93,1396,852,749,1751,1283,1923,1705,1512,299,1054,1355,881,109,1281,1058
278,727,14,1833,221,1396,93,852,749,1283,1751,1764,1355,1705,1054,1512,881,299,1703,1010,1058
279,1214,861,1541,1933,1995,1156,31,1993,92,8,1637,823,1447,498,1197,444,456,591,1869,1796
280,861,1541,1214,1933,1156,1995,823,444,1869,8,31,1447,1056,1783,327,958,1637,1993,456,1796
281,591,1447,1322,1621,1699,1640,561,6,1712,174,713,227,1440,1719,405,1869,1097,1937,327,2013
282,1197,1056,1796,1637,405,8,713,2013,1581,1993,357,1932,35,498,684,787,456,74,1206,92
283,1214,1541,861,1933,823,1156,444,1995,1869,1993,8,174,1637,799,1783,456,958,513,327,92
284,171,327,2034,513,7,1783,799,410,1588,1440,1621,1937,1699,1350,561,1322,6,1640,2054,166
285,727,14,1833,221,852,93,1396,749,1751,1283,299,1583,519,1054,109,1705,1703,414,1512,1614
286,1993,74,456,8,92,1637,498,31,861,1197,1796,1541,357,35,1214,1995,1156,1933,823,444
287,794,934,798,23,205,195,156,262,193,1384,1869,1511,571,1969,174,958,410,1588,1712,581
288,861,1214,1541,1869,1156,823,1993,444,1933,1492,1995,1927,92,8,1061,456,1814,1697,31,1637
289,327,171,2034,7,1783,513,799,174,1869,1588,410,1621,1640,591,697,1447,1440,1712,227,561
290,1541,74,1995,823,861,1214,958,1933,1993,456,289,1637,444,8,1156,92,357,498,35,1796
291,861,1156,1214,1869,1583,1541,444,405,823,1933,1995,2013,1022,1447,591,1783,787,174,513,327
292,1133,677,375,806,1718,1018,1064,1684,1927,8,861,1697,791,991,1284,1214,2068,1637,1586,1993
293,456,74,1993,8,1637,92,1796,498,35,958,1995,31,357,1214,861,823,1197,1933,444,1541
294,1993,8,456,1637,31,92,74,1796,498,357,1197,958,35,1933,861,1214,1541,444,1156,823
295,1214,861,991,1995,444,1750,791,1541,1480,1933,944,1156,871,2068,823,1581,1869,958,1447,1439
296,861,1214,958,1541,1993,444,1156,8,1869,1933,1637,456,1995,92,410,823,74,31,1796,357
297,1387,1779,1009,117,740,1951,1993,456,31,357,1796,92,8,498,35,1637,74,861,1156,1995
298,1993,92,8,1796,1637,1197,456,74,35,498,31,357,861,1927,1697,1061,1214,444,1156,1541
299,1018,375,1718,806,1064,1684,691,677,1624,719,434,963,1692,531,1133,1488,1993,31,456,8
300,1993,8,92,456,1637,31,74,1796,498,357,1197,861,35,1933,1541,1214,958,444,1156,289
301,1750,991,2068,791,1480,944,871,1447,591,1869,1995,1541,1214,823,1933,327,861,444,1783,174
302,410,1588,327,1869,799,513,7,2034,1712,171,1783,174,227,1350,1937,2013,2037,376,1583,364
303,168,2034,7,171,799,327,513,1783,1725,43,712,1200,166,1516,117,197,960,77,1372,977
304,791,1522,1750,871,942,990,378,888,1488,1276,236,1770,846,1480,2012,944,991,1652,2068,1718
305,456,1993,8,1214,1637,74,92,861,1197,1541,1796,1156,498,444,823,1933,1995,31,35,1439
306,1993,92,8,1637,456,861,31,1541,498,74,1796,357,1197,1933,1214,958,35,1581,823,1156
307,1993,8,958,456,92,74,498,31,1637,289,1796,357,1197,35,2037,44,1214,1933,1056,861
308,1488,236,1522,990,1770,942,1214,846,2012,378,888,1276,861,1541,1156,1350,1652,1933,1937,8
309,1214,1541,1995,861,1933,444,823,1156,677,8,1133,1993,991,1750,1869,1439,871,1637,375,1480
310,299,109,711,1058,1281,582,1054,1749,1775,1355,1283,1705,1143,1764,1118,1539,1381,1751,221,1512
311,1869,174,1783,327,410,1588,799,1712,171,7,2034,513,1621,1581,1640,227,1214,591,1322,1699
312,1143,1281,1749,1775,1118,711,1381,1539,1764,1705,1283,1010,1054,582,1058,1512,1751,1355,1806,1149
313,1869,174,791,1447,591,1750,871,991,1480,944,2068,677,1588,1133,1581,1783,227,327,870,1995
314,1588,410,327,2013,861,1869,513,171,444,799,174,1214,2037,1783,2034,7,1933,1541,44,713
315,410,1588,1214,958,861,205,1933,794,1993,1637,1995,1541,1156,934,444,798,1447,1384,456,23
316,958,74,1214,456,861,1993,8,289,1995,1933,823,1637,92,35,1541,1156,444,1796,498,31
317,1214,1541,861,823,1995,1933,444,1156,1937,1783,327,958,1350,2034,1869,7,513,2054,8,799
318,791,871,991,944,1750,1480,2068,591,1447,1898,1133,677,1439,990,1214,1869,521,621,1793,861
319,1214,861,1541,1933,444,823,1156,1995,1869,1937,1581,327,1783,1350,174,513,799,2054,1712,410
320,1869,1624,434,691,531,963,174,1692,719,1447,591,1995,1156,1541,1933,1214,861,677,1932,823
321,513,327,1783,799,1214,2034,861,1541,1933,171,7,444,1156,823,1995,1581,1937,410,1588,1350
322,1751,1010,1705,1764,1283,1476,1355,1330,582,1054,1512,2034,1058,1588,788,799,1865,1143,616,1017
323,301,1721,1183,712,1664,1010,1923,43,881,1512,738,403,109,903,299,1751,93,414,749,1961
324,1993,1637,456,8,1197,92,31,1796,74,958,498,1214,35,1541,357,1156,861,1933,444,823
325,74,1993,456,8,1796,1637,498,1995,92,35,861,357,31,1214,1156,1541,1933,958,1197,444
326,327,1783,513,799,171,2034,7,1640,1621,1869,1699,561,1588,410,1440,6,174,1322,1712,405
327,327,1588,410,2034,171,1783,799,7,513,697,174,1869,1937,166,1056,1100,1581,1621,1750,991
328,1447,591,410,1869,1588,991,327,1783,677,944,791,1350,174,2034,513,171,1480,1932,1750,1066
329,1869,410,174,1588,934,205,798,23,794,1621,1384,1937,193,1699,1969,1322,1640,327,156,6
330,1283,1705,1512,1054,1010,1751,1355,1058,1764,582,1806,414,1149,448,1281,1143,1381,1118,1539,711
331,1621,1699,6,1322,561,1640,1440,1712,1937,799,327,1870,1447,1783,1350,7,513,591,2054,1869
332,1869,1214,861,1541,1156,1933,1995,444,823,174,591,1783,513,1581,1447,327,7,958,1201,1712
333,1649,376,1961,763,1577,1512,44,1058,43,1111,1993,1740,1289,1958,840,1856,1865,1664,1764,1492
334,1995,1541,1214,861,1156,1933,444,823,1869,8,456,1993,1637,74,31,357,92,1796,174,498
335,8,1993,92,1197,456,1637,357,74,31,1796,498,35,958,1933,1214,861,1350,1937,1156,1719
336,861,1214,1995,1541,823,1156,444,1933,1480,871,991,944,1993,2068,1750,791,456,8,31,498
337,861,1214,1541,1156,1995,823,444,1933,8,92,1993,1796,1637,498,1197,456,31,74,35,357
338,1541,861,1214,1933,1869,823,1783,1937,327,513,405,1583,410,174,1588,444,7,1350,171,1156
339,861,1214,1541,1933,1156,444,823,1995,1993,8,92,74,456,289,1637,1927,1869,31,1796,2037
340,1214,1541,861,1869,1933,1156,444,1995,823,174,327,1783,513,410,958,2034,1581,1993,7,799
341,1214,1995,861,1541,444,1993,8,1933,1156,823,456,92,1796,1637,74,498,31,357,1197,35
342,410,1588,513,327,171,2034,1783,1869,799,7,174,1937,1350,2013,2054,1712,934,227,798,794
343,1133,677,1064,806,1018,375,1718,1684,1869,1214,1480,1581,174,871,1439,1750,2068,791,944,991
344,677,1133,375,806,1018,1064,1718,1869,1581,1684,1214,174,861,444,1995,823,591,991,1541,1933
345,1588,327,171,799,410,513,2034,1783,7,1621,1640,1322,561,1699,6,1440,174,1869,713,1937
346,1275,521,1898,621,1793,2043,839,1035,905,422,594,1219,2065,122,1592,1800,1108,679,729,1255
347,1214,1541,861,1869,1933,823,444,1156,1995,327,1783,410,174,1581,1588,513,171,227,7,2013
348,513,171,327,7,1783,2034,799,410,1588,1581,1869,1712,174,227,1201,1214,918,861,1937,958
349,1275,1898,1035,1793,2065,679,521,2043,1108,1592,1800,621,1844,422,839,122,1219,905,729,594
350,1993,456,74,1796,958,1637,92,357,1197,8,498,31,35,794,1214,1156,1933,205,934,1350
351,1588,410,798,327,794,1869,205,513,958,934,1447,23,171,1384,1511,2034,174,195,156,1783
352,2034,327,171,513,799,1783,7,410,1937,193,1588,1350,798,1869,934,23,174,1384,1511,1969
353,871,791,991,1480,2068,1750,944,1898,521,1275,1219,422,2043,677,679,2065,1133,1844,1793,839
354,1214,861,1995,1541,1933,444,1993,8,823,1156,1637,456,1796,498,92,74,31,958,357,35
355,456,8,1993,92,1637,74,35,357,498,1796,31,1197,444,861,1214,1995,1541,1933,958,1156
356,168,738,1664,197,1534,65,1725,1721,95,948,429,1118,949,731,120,897,274,1516,1557,998
357,958,8,861,289,1214,1541,1993,74,456,444,2037,1156,44,498,31,1995,1796,1637,1933,92
358,168,1725,429,43,197,95,117,1951,1856,132,1516,712,1118,1283,740,120,738,1721,1054,1387
359,871,791,1898,1750,1275,991,1480,2068,944,521,621,2043,905,679,422,1793,2065,594,1035,1800
360,1750,991,1480,944,591,871,791,1718,2068,1447,806,1214,1064,1869,1018,677,1995,375,2012,1684
361,1488,1522,1770,846,236,990,1869,174,942,2012,888,1214,1156,1541,958,677,1652,1276,861,378
362,691,1624,434,963,1692,531,719,1718,1018,375,806,677,1684,1064,1133,1869,1581,934,174,2068
363,1588,410,794,958,1350,205,1869,934,1937,174,798,23,1511,1719,1581,156,791,1384,1480,1750
364,1214,1541,861,823,1995,444,1156,1933,677,1133,1869,958,1993,456,8,1637,1064,1197,31,1718
365,43,712,1721,1958,168,301,960,1183,727,299,403,1529,546,1520,93,1865,1396,109,881,1534
366,410,1588,327,1869,7,513,2034,799,1783,174,861,171,1541,444,1214,1933,1066,1156,1712,1937
367,871,1750,791,1480,991,944,2068,591,1447,677,1133,227,1588,1718,1869,1581,1064,18,375,806
368,1214,861,1541,958,327,1937,444,799,513,1995,1350,1933,1156,410,1869,2034,823,171,1783,1581
369,301,1721,1183,712,43,1664,881,1923,1961,128,763,738,1649,403,1010,948,65,1740,474,274
370,513,327,1783,171,7,2034,799,1214,861,1541,1869,444,1933,823,1588,410,1995,2013,174,1156
371,1488,236,1214,1522,1770,871,846,990,1276,888,2012,378,861,942,1541,1480,791,1156,944,1995
372,1993,8,1796,1637,871,456,498,1214,1995,1581,1718,1064,1197,1933,92,944,861,1750,31,991
373,1764,1705,1283,1010,1751,1054,1058,1512,1355,582,1281,1118,1143,1775,1539,711,1381,1749,1806,414
374,327,513,1783,171,7,1588,799,2034,1621,410,1640,1322,561,1699,1201,958,1332,1440,918,6
375,174,1869,1712,205,405,1583,934,1022,571,798,193,1969,1384,1783,23,7,1447,410,787,591
376,301,1721,1183,712,1923,128,881,1664,403,43,738,1961,763,1779,1010,274,1649,299,1009,1740
377,1581,1869,1214,375,1718,677,174,1133,1018,806,1933,1064,227,1588,410,861,1684,444,991,591
378,410,1588,1937,1350,2013,1712,799,2054,1583,787,193,227,1719,171,2034,327,262,713,23,1022
379,1541,1214,1995,861,444,1933,823,1156,1869,174,23,410,513,958,205,1783,794,1712,7,327
380,1705,1355,1010,1512,1283,1058,1751,1764,582,1054,1806,414,1149,448,1281,44,609,1727,1588,2037
381,1588,1447,798,410,205,1511,794,1933,591,1384,1995,1869,1214,195,934,23,444,156,861,174
382,327,1783,2034,513,7,171,799,1214,861,1541,1933,823,1995,444,1156,410,1581,1937,1588,1869
383,1283,1705,1010,1512,1751,1058,1054,1355,1764,582,414,1806,1149,1281,448,1118,1143,711,671,1539
384,791,1898,871,991,1480,1793,521,1275,1133,677,1750,621,172,422,679,944,2068,2043,905,591
385,1581,2034,1214,171,1937,327,513,410,1201,1350,1783,1097,1588,799,958,1719,227,1156,861,991
386,513,1541,1214,1783,861,327,1995,1933,2034,1156,823,799,7,444,1588,171,410,1581,1869,174
387,861,1214,1933,1541,444,1156,1995,823,1581,1993,1783,327,1637,92,713,958,8,74,44,2037
388,1995,1214,861,1933,1541,1156,8,823,1796,444,1637,1993,1447,456,498,31,92,74,958,357
389,1869,1783,327,174,513,2034,7,1541,861,799,1214,823,1995,1201,444,171,991,1284,1933,944
390,861,1214,8,1541,823,1933,1993,1869,92,1156,1197,357,1995,31,327,444,2034,513,456,1719
391,1387,740,117,1779,1009,1951,456,74,375,1718,1064,1993,8,806,1637,1684,35,1995,92,1796
392,1624,691,963,434,531,719,1692,1869,1156,1995,1214,174,1933,444,1541,8,861,74,677,456
393,327,799,171,2034,513,410,1783,1588,7,1384,205,1511,798,193,794,934,1350,156,1937,195
394,727,14,1833,221,852,93,1396,749,1583,1703,1740,299,1289,787,109,671,519,881,1325,1022
395,727,1856,1725,429,852,1705,1400,120,14,677,1551,648,1833,582,1751,1133,1010,897,1921,1865
396,327,2034,1588,171,799,513,1783,7,410,1283,697,1937,174,1869,1054,2054,1350,2013,1705,1712
397,168,1721,740,117,1725,1516,429,1951,934,998,197,1863,132,1009,1387,43,897,582,120,2037
398,991,944,791,1750,1214,871,861,1480,2068,1869,1156,1541,444,1933,1995,591,823,1447,2013,174
399,727,14,1833,221,1396,93,852,749,1740,1703,1751,1283,128,1577,299,1289,1111,1705,671,1764
400,1621,1699,6,1640,1322,561,1440,1447,591,1350,1937,2054,1712,958,327,713,799,870,1056,1783
401,1993,92,456,8,74,1637,498,31,35,357,1796,1197,861,1214,1541,1933,444,1995,1156,289
402,410,1588,1869,174,327,1783,171,513,1712,7,799,2034,798,1056,2037,2013,1937,1447,934,591
403,1937,327,1783,410,171,2054,7,1588,2034,1350,799,513,1621,1056,861,44,1640,2013,2037,1869
404,958,1993,8,1214,74,498,1541,861,456,444,1933,92,289,2037,823,1637,1156,31,1995,1796
405,1214,1541,861,1993,444,1156,823,8,74,958,1995,1933,357,498,289,456,1637,92,1197,31
406,1783,2034,1993,327,1214,2037,1933,513,861,171,44,289,7,92,1637,1581,31,8,799,1541
407,1621,1699,6,1322,1640,561,1440,1447,591,1937,327,1712,1350,799,2054,1869,1783,171,7,2034
408,171,7,327,2034,799,513,1783,410,2054,227,1322,1699,1640,1621,6,1937,2013,561,1440,1588
409,168,197,429,95,1725,1667,132,117,1118,1054,120,1856,582,414,738,1283,1539,1951,1516,274
410,861,1541,1214,1933,1156,444,823,1995,958,44,2037,289,1869,1993,8,1056,1637,74,456,498
411,1214,1541,861,444,1933,823,1995,1156,958,1869,1783,174,799,2034,8,1937,1350,513,327,1993
412,168,429,1516,197,120,132,1721,1725,881,1397,38,1863,1387,95,738,1951,582,1923,117,998
413,727,1833,14,221,1396,93,852,749,1283,1583,1143,1751,1764,128,1705,299,1649,1740,1703,671
414,794,205,798,934,195,1511,156,23,262,1588,1384,410,571,193,1969,958,1933,444,1869,861
415,1214,861,1541,1933,1869,444,1156,823,1995,8,1993,456,31,1637,498,92,1197,74,1796,35
416,205,798,571,193,794,1969,23,1384,1583,405,156,934,1869,262,174,1511,1066,113,195,1022
417,1133,677,1214,1869,991,871,1750,1995,1480,791,944,2068,174,861,444,823,375,1541,1156,1933
418,8,1869,410,1933,958,74,456,1214,1993,861,498,1719,1541,1588,35,444,1581,1995,92,1156
419,1993,456,74,35,8,958,498,1197,92,1796,1637,31,1541,861,1350,1699,357,1156,1621,1440
420,327,513,171,1783,2034,799,7,410,1588,174,1621,697,1869,1640,1440,561,6,1699,1322,1350
421,1869,174,1588,410,2013,1712,1783,513,327,591,2034,1447,171,798,799,697,870,7,934,405
422,1133,677,375,1064,1718,806,1018,1684,871,1480,991,791,591,1750,944,2068,521,1447,679,434
423,1621,1588,1640,1322,171,6,7,561,799,327,1440,1699,410,227,2034,1783,174,513,168,591
424,1993,8,92,1637,456,74,1796,31,357,1197,498,35,958,861,1214,1933,444,1541,1156,1995
425,1588,327,410,513,1783,7,2034,799,171,1621,1640,1322,1699,1350,561,1440,861,1581,227,958
426,861,1541,1214,1995,1933,1156,444,823,1993,8,74,456,1637,498,958,92,1796,31,357,1197
427,1869,174,1712,1915,1583,1284,1932,916,2013,513,1066,804,68,1541,1937,909,1586,298,327,405
428,1581,327,1783,7,513,2034,171,861,1214,799,1869,1933,823,410,1588,1541,958,227,1995,174
429,1993,958,8,92,456,1637,31,1796,74,1197,357,498,289,44,2037,861,35,1581,1933,1350
430,861,1541,1214,1933,513,1783,823,444,327,1156,410,1995,2034,1937,7,171,1588,1869,799,1350
431,327,1783,513,2034,171,7,799,174,1869,410,1588,1712,1581,1640,561,1440,1214,1583,1621,405
432,1993,1637,8,677,456,1214,1197,92,31,861,1796,1541,74,35,1133,1156,958,444,1933,823
433,1993,1214,861,1933,1541,1637,8,456,92,1995,357,823,31,1796,498,444,1156,74,35,1197
434,1869,1541,1214,1933,861,1995,174,444,1156,1588,791,823,1750,410,991,227,327,1783,1581,1447
435,861,1214,1541,1933,1993,1156,444,8,823,1995,1637,92,456,498,31,74,1796,357,1197,289
436,1541,1933,1214,1156,861,1993,35,92,823,1995,444,1637,31,456,8,357,498,513,1796,99
437,934,1869,798,23,205,1969,794,174,571,195,156,193,262,1511,1384,1712,410,327,799,513
438,1447,1993,1796,456,8,1637,591,498,31,74,357,92,35,1197,861,1995,1214,958,1933,1156
439,1621,1699,1640,1322,561,1440,1588,6,410,327,1783,2034,171,513,799,1937,2013,7,798,1712
440,1283,1751,1512,1705,1010,1355,1058,1764,1054,582,414,1806,448,1149,1281,1143,1118,711,1539,1381
441,1869,1624,174,691,1995,434,963,531,1692,1156,719,1541,1933,444,1214,823,861,677,871,1480
442,8,1214,1993,1933,861,92,1541,1637,456,74,1156,498,444,823,1995,357,1197,1796,31,35
443,8,456,1993,1214,92,1637,1197,74,498,410,861,958,1541,1588,1933,31,35,357,1156,1796
444,168,738,1516,934,197,1286,132,429,156,1664,166,117,1725,949,195,171,1397,1511,337,120
445,1214,375,871,677,1488,1133,1718,806,1018,1064,1276,1480,791,944,1750,1770,990,236,1522,846
446,1387,740,1779,1009,1951,117,456,1796,31,1993,1995,861,823,1214,8,35,357,1933,92,1637
447,1214,1869,861,1541,444,1933,958,823,581,1156,1995,1937,1781,410,174,99,1350,2013,870,713
448,1133,677,1869,1214,174,861,871,1480,1541,1995,1750,791,2068,823,1581,991,944,1156,1933,444
449,1993,8,456,92,1637,1796,74,498,31,1214,861,357,1197,1995,1933,35,1541,1156,444,823
450,375,1718,1064,806,1018,871,677,1684,1133,791,1480,1750,991,944,2068,1214,1439,1488,2012,1404
451,1718,375,806,1018,1064,1684,871,1480,791,1750,1488,944,990,991,677,2068,378,942,2012,1276
452,1283,1512,1705,1751,1054,1010,1058,1355,1764,582,414,1149,1806,1281,448,1118,1143,1539,1381,711
453,861,1541,1214,444,1933,1995,823,1156,958,327,1869,8,1783,1993,513,74,92,456,1637,1581
454,168,43,712,738,819,948,65,274,1534,1721,1664,429,1118,1286,117,1516,731,1557,575,224
455,861,1214,1541,1933,1869,1156,823,444,1995,1699,1783,174,327,1350,8,2054,1719,1197,513,870
456,861,1541,1214,1156,1933,823,1995,444,8,1581,958,1588,1993,410,1781,456,1869,1637,357,74
457,1993,74,456,861,1541,8,1995,1637,1156,1214,1933,958,92,444,1796,823,498,1197,31,35
458,727,14,1833,221,1396,93,852,749,1283,1923,1751,1143,128,1281,299,671,1539,1705,1583,1703
459,1869,174,1541,861,1214,410,444,958,1156,1933,1995,1712,1937,870,327,1588,2013,1056,1781,713
460,1214,861,1541,1156,823,1995,444,375,1933,806,227,1718,991,1439,1064,1869,791,944,1937,1018
461,1993,8,456,92,74,35,498,357,1637,1796,31,1214,1197,861,1933,1995,1541,444,823,1156
462,483,613,440,2013,1192,44,1186,255,2037,609,43,289,410,930,1588,1056,965,958,1315,941
463,301,1721,1183,1923,712,274,1664,474,1010,128,912,881,1961,731,948,1557,575,1534,65,670
464,1869,174,2013,1937,2054,1350,410,1581,870,713,1214,861,327,1541,1699,1588,1621,958,697,1719
465,8,1993,456,74,92,1637,35,31,1197,498,357,958,1796,1214,1869,1933,861,1156,410,444
466,327,1350,410,1937,1869,2054,2013,7,1588,1783,513,174,2034,799,1699,1581,1621,171,1322,1447
467,327,513,1783,7,171,2034,1214,861,799,1541,1581,1869,1933,444,410,823,1156,1995,1588,958
468,958,861,2037,289,44,1214,1541,1933,823,444,1156,1995,1993,8,1056,74,498,1061,456,31
469,1133,991,677,791,871,1869,944,1750,1480,2068,591,1214,375,174,1064,444,806,1718,227,1447
470,168,327,513,799,171,2034,227,364,1721,1712,7,174,1322,1719,1975,1516,91,1252,998,210
471,1869,174,327,513,1783,7,2034,171,799,1447,410,1712,1588,591,1066,1384,1583,23,465,696
472,174,1322,1699,1869,1621,6,1640,171,410,1440,7,1350,327,1588,561,513,870,1783,2034,1937
473,727,1833,14,221,1396,93,852,749,1283,1751,1764,1705,1577,1740,414,1703,1355,128,1512,299
474,1541,861,1214,1933,1995,1156,958,444,74,1993,8,456,1637,823,92,35,1197,498,1796,31
475,861,1214,1541,1869,823,958,1933,444,1156,1995,410,1581,1588,174,1783,327,1937,1056,44,2037
476,327,2034,513,171,1783,799,7,1588,410,1719,1097,1869,1581,2013,174,1712,1937,1214,1350,1056
477,991,1750,791,1480,944,871,1783,171,327,2068,799,1869,410,591,513,174,7,2034,23,1447
478,168,197,120,1516,1725,738,405,949,156,740,166,934,1664,132,117,429,1511,1397,1721,1969
479,205,794,156,1588,798,1384,23,195,1511,410,444,1969,193,861,934,327,571,405,799,1933
480,171,1581,327,410,799,2034,1937,513,1588,1783,1214,1350,861,958,7,444,1869,1995,1541,2054
481,861,1588,1214,1541,410,444,1783,327,513,1995,823,1933,1156,1869,7,2034,171,799,958,174
482,410,327,1783,861,1588,7,1541,1869,1214,513,2034,171,174,799,2013,444,1933,1937,2037,1056
483,1869,677,1133,944,871,1750,1480,991,174,791,2068,1541,861,227,1214,1156,1581,1995,823,1488
484,1624,434,963,1692,531,691,719,1214,1869,1581,1995,1933,174,1541,1156,823,2068,991,861,677
485,1993,74,456,8,498,92,1637,1197,1796,35,31,357,958,1995,1156,861,1933,1541,1214,444
486,1214,1541,861,327,1783,1933,444,513,823,2034,799,171,1156,7,1995,1937,1581,958,1350,410
487,1283,1705,1512,1751,1010,1355,1054,1058,1764,582,414,1806,1149,448,1281,1539,711,1143,1118,1289
488,1064,1018,375,1718,806,1684,677,1133,1480,871,2068,991,944,1750,791,621,521,1993,2043,990
489,1993,8,1637,456,92,74,861,31,1214,1933,498,1197,1156,1541,357,35,1796,1995,823,444
490,1993,8,456,1637,92,74,1796,31,357,1197,958,1492,498,861,35,1927,444,1697,1061,1933
491,1718,806,1018,1064,375,677,1684,1133,871,791,434,1750,1624,944,1480,719,691,991,1194,963
492,1750,991,791,1480,944,871,2068,1214,1995,1869,823,1541,1933,861,591,444,1447,1783,327,174
493,1512,1283,1705,1751,1355,1054,1764,1058,1010,582,414,1806,1149,1281,448,1381,1143,1118,1775,1539
494,861,1541,1214,1869,1933,444,823,1156,1995,958,1993,8,410,174,456,1637,74,1056,1581,31
495,1214,1993,958,1581,8,861,456,1995,1156,1933,1796,92,1541,444,823,1637,74,498,35,1588
496,1214,1541,861,1933,1995,1156,823,444,8,1637,1993,92,1869,74,31,35,1796,456,174,677
497,1621,561,1322,1640,1699,6,1440,171,2054,1577,799,2034,327,1350,1042,1097,1783,711,376,1499
498,1869,174,171,513,327,1588,1022,2034,1937,405,1783,7,410,1583,1712,787,799,2054,1350,571
499,677,1133,375,1718,806,1018,1064,871,1684,1480,991,791,1750,2068,944,521,1898,434,2043,1108
500,1214,1541,861,8,444,1993,1933,1156,1995,823,92,456,1637,74,498,1796,1197,357,31,1581
501,327,2034,171,513,799,1783,7,1588,410,697,1869,1937,174,1350,2013,1581,1719,2054,1404,1973
502,1214,861,1869,1995,1541,823,444,1933,1156,1750,991,1993,958,174,8,871,456,1480,944,791
503,1869,174,405,1022,1583,787,1712,2013,1541,1588,410,513,861,327,298,1783,444,1933,1284,68
504,301,1721,1183,1664,712,738,881,1923,403,274,912,948,763,1010,474,1961,109,1512,128,1534
505,74,456,8,1637,958,35,289,1993,92,1995,357,498,31,1796,1933,861,1214,823,1197,1156
506,327,1396,2034,799,1705,513,1283,171,1512,1865,609,1058,1143,1042,1232,1330,1783,1764,1355,727
507,1214,1541,861,1995,823,1156,1933,444,8,1993,1869,1637,1581,498,456,357,31,92,35,74
508,1869,958,861,1581,1541,1214,174,1933,713,1995,1156,823,444,410,8,1322,1993,74,1937,498
509,95,727,1721,14,1833,738,403,1192,1186,1396,429,1289,1449,168,1241,301,1664,1336,852,881
510,1783,327,2034,171,7,799,513,174,1869,591,1447,991,1640,1214,227,1480,1133,1581,1588,410
511,1783,327,2034,7,799,171,513,1214,861,1869,823,444,1621,1447,174,1640,1699,591,1933,1541
512,1751,1512,1010,1058,1355,1705,1283,1764,1054,1118,1281,43,582,1143,1775,1539,1749,712,1721,711
513,1750,991,871,791,1480,2068,944,1214,1133,327,1718,823,1783,677,1995,171,375,1869,2034,444
514,168,95,1725,1721,1200,1516,738,1749,1856,132,1118,301,1817,429,1664,712,166,1252,460,120
515,1621,561,1640,1322,6,1440,1699,1937,2054,513,7,1350,1783,327,799,171,2034,1588,410,1308
516,301,1721,1183,712,575,274,948,474,224,43,1534,65,1529,912,1405,1557,403,1873,1520,670
517,727,852,1856,93,1833,14,403,1725,1396,648,1958,541,489,1577,221,299,77,168,949,1529
518,168,582,1054,1512,1725,1010,95,440,364,43,1283,1355,483,1751,1806,1539,1705,1775,1856,1381
519,861,8,1541,1214,958,1993,1156,444,92,456,74,1995,823,1933,498,289,31,2037,1637,1796
520,168,727,1058,1751,1512,364,1355,1054,43,582,1010,1705,712,93,1764,95,1283,1806,171,448
521,301,1721,1183,712,43,1664,1961,1923,763,738,1281,1534,912,1649,881,274,474,749,1703,948
522,327,1783,513,1588,799,7,410,2034,1869,171,174,2013,1712,1937,1350,1719,1447,861,1097,1440
523,1541,1214,861,1933,823,1156,1995,444,289,2013,8,1993,1637,35,513,498,31,92,357,44
524,168,1725,1516,95,1856,738,429,1664,440,1200,1817,117,65,1721,740,132,448,43,120,474
525,456,1993,591,31,1197,8,35,1637,357,1447,1796,74,498,92,1624,806,1018,1869,1064,375
526,1541,1995,1214,1933,861,1156,823,444,8,1993,2068,1480,944,991,1869,31,1637,1750,92,1796
527,168,1951,1721,117,65,197,166,1387,120,1672,949,1863,132,460,948,95,1534,1405,912,740
528,958,289,861,2037,1214,44,1993,1541,1933,823,444,1156,8,1995,1056,74,498,456,92,1637
529,1699,1869,1621,6,1640,1322,1440,561,174,1712,1583,798,571,405,934,23,1022,787,2013,1969
530,1705,1764,697,1869,1283,1384,1588,798,195,1054,1512,1751,794,174,1511,1058,1010,934,410,582
531,1993,92,31,456,1796,1197,8,1637,357,74,498,35,958,1214,1933,444,861,1541,1156,1995
532,1577,376,1740,1111,942,1770,1588,846,794,1712,410,958,193,1969,1022,1522,378,262,1621,156
533,861,1214,1541,444,1156,1933,1995,823,1869,1993,8,958,410,1581,1637,44,2037,92,498,74
534,1581,1214,958,1156,1488,1447,1993,713,410,806,375,1844,1800,1439,1588,846,591,621,1624,1898
535,1541,1214,823,327,1933,861,1995,1869,444,2034,7,171,513,1783,1156,174,799,1581,591,1750
536,1869,1995,1541,1156,861,1214,1933,823,74,456,444,1624,8,691,719,1993,31,1796,35,963
537,861,1214,1541,1933,444,327,1995,823,513,1783,1156,7,171,2034,799,958,2037,8,1937,410
538,861,1993,8,1214,1541,456,1796,1995,1933,1637,823,1156,444,74,92,31,498,958,357,1197
539,861,1869,444,1541,174,1933,1995,823,1214,1156,8,357,1993,1581,92,31,581,74,1061,2013
540,861,444,327,1156,1541,1933,823,1583,1214,1783,1869,1995,405,799,513,1447,2034,7,1022,171
541,1447,591,696,1046,1932,113,916,1342,1066,2059,1915,1586,1032,524,1023,909,995,475,465,68
542,1869,174,1712,227,934,2013,794,327,205,1969,591,1447,798,571,405,193,1022,1783,23,787
543,1699,1621,1322,6,561,958,1640,23,794,1440,798,1583,571,205,1969,1384,1869,262,156,934
544,1869,1581,1933,1156,1214,1447,1588,591,1995,861,1541,1993,92,456,444,74,357,958,174,8
545,2034,513,327,171,1783,799,7,410,1588,1937,1350,1869,174,2054,2013,1214,1581,798,934,861
546,1869,174,2013,1712,327,1783,513,405,591,1156,2034,1214,1541,444,1284,787,1583,1447,799,171
547,861,1214,1541,1156,1933,1995,444,823,958,1869,8,1993,1637,456,74,92,1197,1796,31,357
548,95,65,546,200,1520,274,912,474,731,738,1534,1557,168,358,1721,727,819,670,1664,1186
549,861,1541,958,1995,1214,823,1933,1156,8,444,1993,456,74,498,31,1637,92,1796,357,2037
550,1541,1214,1995,861,823,1933,1156,444,1993,456,357,1637,8,498,31,92,74,1796,35,1197
551,1214,327,799,513,1541,1783,1933,861,2034,1581,171,444,7,1995,1156,823,410,1869,1588,1350
552,168,95,429,1721,1725,1516,301,197,117,731,1817,1856,738,274,1200,1118,1863,120,224,65
553,561,1699,1621,1440,1322,1640,6,1214,1541,861,1783,444,823,513,1933,1937,171,2013,1869,799
554,2034,327,513,1588,1783,799,171,410,7,798,1581,1214,1933,794,205,861,1511,1995,23,1384
555,1750,327,513,7,1783,991,2034,171,2068,799,871,791,1480,1869,944,174,1588,410,918,1201
556,1214,958,1796,8,861,456,1993,1581,1995,1637,92,1933,498,74,1156,1197,1541,444,823,31
557,871,991,1750,944,1480,791,2068,861,1995,1214,591,1624,1869,1541,677,1156,1133,823,444,227
558,168,1118,1721,429,1775,934,582,1516,1054,43,1381,1355,960,1283,1539,998,1149,1764,132,1751
559,1387,117,1779,1009,740,1951,74,456,1993,289,1995,35,958,1637,8,498,1796,861,1541,1197
560,327,513,410,1783,171,7,2034,799,1588,1869,174,1350,1937,2054,2013,1640,1712,561,1322,1621
561,410,861,327,513,1588,1869,1214,1783,1541,1933,7,171,823,2034,444,1156,1937,174,799,2013
562,1783,327,7,2034,513,799,171,1588,410,1214,861,1541,1581,1869,174,1933,1156,1350,823,444
563,794,798,1588,195,1447,205,934,1384,23,1511,1869,156,1969,174,262,410,193,571,958,697
564,1869,410,174,794,1588,205,798,23,934,1384,156,1712,1511,1719,1056,193,958,195,1097,1350
565,513,1783,327,2034,171,799,7,410,1588,1214,1933,1869,1541,1581,823,861,174,444,1995,1712
566,205,794,798,934,23,1384,156,1511,193,195,1969,262,571,410,1588,1869,1993,8,174,1214
567,1995,1156,1541,74,861,456,1214,1621,35,1993,8,958,1933,591,1699,444,1796,823,1447,1637
568,513,171,799,2034,327,1783,7,1640,410,1621,1322,561,1588,1699,1440,6,1869,1712,1384,193
569,1214,1541,1995,861,1933,1156,823,444,8,1637,1993,498,1796,92,456,357,31,1197,74,35
570,375,1018,1718,806,1064,1684,1133,677,1480,991,2068,871,1750,791,691,944,1624,434,719,963
571,1993,456,92,8,861,357,1796,1637,31,1541,498,1933,958,74,1214,35,823,1995,1156,1197
572,1993,8,456,92,1637,74,1796,31,35,1197,357,498,861,1214,823,1541,1933,444,1156,958
573,727,1833,14,221,93,1396,852,749,1283,1751,299,1703,109,1705,1512,519,1054,1289,1740,414
574,861,1541,8,1214,1993,456,823,1933,74,31,1156,444,1796,1637,92,1995,1197,498,958,357
575,861,1214,1933,1993,1156,1995,1541,456,823,444,1637,1796,31,92,8,498,357,35,74,1197
576,227,1214,591,1541,1995,1581,1750,1933,444,823,1322,861,1447,871,944,1156,2068,991,1869,791
577,2034,513,327,799,1783,171,7,410,1869,8,1588,1712,1796,1993,1937,92,456,31,1197,2054
578,1214,1541,1995,823,861,1933,1156,444,74,1796,1993,498,357,8,92,1637,35,456,958,31
579,168,429,197,1118,1516,1721,95,738,1557,132,897,934,1405,262,881,1863,120,949,1381,523
580,456,1993,74,8,498,1637,1796,357,92,31,1995,35,861,1541,1156,1933,1214,1197,823,444
581,456,1993,74,8,498,1637,92,357,1197,31,35,1796,1156,958,1995,1933,1541,1214,823,861
582,861,1541,1214,1933,823,1995,444,1156,958,1581,1869,327,1783,1056,8,2013,410,1937,2037,1350
583,861,958,1541,1214,1995,823,1156,1933,444,2037,289,44,8,1581,1056,1993,74,713,456,410
584,1621,1699,1322,6,561,1440,1640,1447,1937,2054,1712,1350,591,327,799,7,1583,1869,958,410
585,1018,1718,375,806,1064,1214,1993,1995,1684,1637,456,8,1796,1156,861,92,498,823,1541,444
586,1869,861,1214,1541,1933,1156,823,444,1995,174,1581,2037,958,1993,298,410,1284,405,44,1781
587,1869,174,1541,861,1214,1586,1781,823,1284,444,1156,1995,1933,1993,1022,1583,916,581,1066,465
588,1541,861,1214,1933,823,1156,1995,444,8,1993,31,289,44,1637,1056,958,92,2037,1796,498
589,591,1447,1869,1712,327,1932,1621,174,799,1783,1699,916,1066,1640,113,1023,1322,298,68,7
590,168,117,1951,1516,1387,43,429,197,95,120,1283,1721,998,740,738,1725,132,1664,1923,1355
591,1214,1541,861,1156,1995,1933,823,444,1869,1993,8,74,1637,92,1783,1796,513,498,456,958
592,677,1133,861,1214,1541,806,1156,823,1993,444,1197,1064,1637,958,1995,8,1718,1933,375,456
593,1581,1993,8,456,74,1637,92,498,1214,1796,958,861,1995,1933,1197,357,823,31,444,35
594,1214,861,1541,1933,1995,1156,444,823,1937,1350,1637,8,2054,958,92,1993,1796,31,713,1488
595,861,174,1541,1214,1995,1933,444,958,525,1869,1156,1719,1581,823,327,1350,730,1937,2034,1712
596,1447,1588,1214,1933,861,1541,1995,410,591,794,798,1581,1750,444,958,1869,944,2068,991,1156
597,7,327,513,1783,799,171,2034,410,1588,168,166,1640,174,1350,790,949,541,1937,1921,1581
598,1214,861,1933,1541,2034,799,327,1156,1995,823,410,1937,513,1719,444,1350,1588,171,227,1869
599,1869,861,1581,958,174,1588,410,1712,794,1214,823,1541,1156,1933,798,934,205,1969,1384,444
600,8,861,74,1197,1541,456,1933,1214,1995,1156,1993,92,823,958,1637,498,444,357,1796,35
601,1993,8,1214,92,861,1933,1541,1637,456,31,74,1995,498,823,1156,1796,357,1197,35,444
602,410,1588,327,174,513,171,7,2034,799,1783,1869,1712,1581,205,1719,1097,798,2013,1937,1511
603,1869,1214,861,444,1541,1933,823,1156,1581,1995,174,958,2013,8,410,1993,1937,1712,74,713
604,861,1214,1541,1933,823,1995,444,1156,1993,8,456,92,31,357,1637,1796,74,498,327,958
605,168,1721,738,1118,429,1664,1516,582,1054,1010,998,1355,43,1283,95,897,414,1534,1149,881
606,171,2034,1783,513,799,327,1588,410,7,168,364,1937,1350,1516,227,166,1336,1143,1749,1833
607,1214,1541,861,444,1995,823,1156,1933,1993,8,92,31,456,1869,1133,74,357,1796,1637,498
608,1993,456,8,74,92,1637,35,498,1796,357,31,1197,861,1214,1541,444,1995,958,1933,1156
609,1869,174,1783,327,2013,513,410,1937,958,2034,1588,171,799,1350,7,1214,2054,861,1719,1541
610,327,7,1783,513,799,2034,410,171,1588,861,1869,1214,1933,1541,444,823,1156,174,2054,1937
611,168,1725,429,197,1721,1516,448,132,117,1387,1118,897,738,1951,740,414,95,1009,1664,1863
612,8,456,1993,958,74,498,1637,1796,92,35,357,1197,1214,861,31,410,444,1933,1995,1156
613,1993,8,92,498,74,1637,1796,456,31,1197,357,958,1214,861,1933,1541,35,1995,1156,444
614,1869,861,1541,823,1214,1699,174,444,1995,1583,1156,1933,1640,1621,561,405,1022,1440,1586,6
615,1699,1621,6,1322,561,1869,1440,1640,174,1712,934,410,861,581,405,2013,870,1781,697,1541
616,958,1869,2037,44,1056,1214,861,410,581,174,1781,713,444,289,99,1993,1937,1156,870,1933
617,1283,1054,1705,1010,1751,1512,1058,1764,1355,582,1806,414,1149,448,1281,1143,1118,711,1381,1775
618,327,1783,7,513,2034,799,171,861,1214,1541,444,1933,823,410,1995,1156,1581,1869,1588,174
619,1581,861,1214,1933,327,1783,823,958,1156,799,171,1995,1541,444,7,513,2034,713,1439,1993
620,1995,1541,8,1214,1156,1933,456,958,1869,861,1637,74,31,1350,1993,2012,498,35,357,1588
621,1993,8,92,1637,1197,456,498,1937,1796,31,1350,1581,861,74,35,410,357,958,1541,1214
622,1993,92,8,1637,31,456,74,1197,1796,498,357,289,35,861,1214,1933,958,1061,1156,1541
623,327,2034,513,171,1783,7,799,1588,410,1581,227,1097,1719,1869,1201,918,1214,1640,1937,1332
624,727,1833,14,221,93,1396,749,852,1751,1283,1512,1649,1923,1764,1703,1143,1705,299,1355,1740
625,1869,174,794,798,1384,1969,934,870,23,2013,581,1712,571,156,262,195,193,99,1781,1214
626,513,327,171,2034,7,1783,799,410,1588,174,1869,1581,1350,1937,227,2013,1712,790,1214,2054
627,861,1214,1995,1993,1933,1156,1796,1637,456,444,823,1541,8,1581,958,498,92,74,31,357
628,727,1833,221,14,1396,93,749,852,1751,1283,1740,1764,1703,1512,1705,1355,1577,1010,1054,414
629,1488,990,1522,236,1770,378,1276,846,942,2012,888,1652,1018,806,1993,456,357,1718,1637,92
630,1869,861,174,1541,2013,1937,1214,410,444,1933,405,1712,1583,2037,2054,327,1156,1350,1699,1783
631,1699,861,1621,6,561,1214,1541,1322,1869,1440,1995,1640,444,697,823,410,174,1933,958,2013
632,1387,117,1779,740,1951,1009,1447,591,1718,791,1064,806,1018,991,1750,375,944,1480,1684,205
633,691,1692,1624,1995,719,531,434,1214,1156,1541,444,963,861,1933,1869,823,1447,227,591,1581
634,1697,1927,1061,1993,1492,1814,1133,92,1261,1637,677,21,8,1197,31,861,456,1796,74,1214
635,168,43,429,197,117,1387,1951,95,897,1516,998,1054,740,1149,712,460,1506,120,1283,738
636,1869,1214,677,1541,861,174,1133,1933,1156,823,1995,444,958,1056,1581,870,1637,1781,918,8
637,1869,1581,1214,174,861,591,227,1933,327,171,1937,823,444,1995,1133,1541,375,410,1480,1447
638,958,861,1993,1214,44,1869,8,444,1581,1933,1156,74,2037,456,1637,823,1056,1541,31,92
639,861,410,1541,2037,1214,1588,1933,44,444,1156,823,1869,1937,958,1995,227,1350,1056,327,289
640,1588,410,1447,205,798,934,794,23,1511,591,174,1869,156,861,1384,195,327,262,1214,1933
641,168,429,197,448,2034,414,1516,171,95,738,120,1817,1522,1664,1725,132,1506,1200,364,38
642,327,1783,1588,410,1869,2034,171,513,7,861,799,1541,1214,1933,1056,823,958,174,444,1156
643,1133,677,1869,806,174,375,1064,1718,1018,1684,1581,1214,861,1697,1439,1927,1541,1156,1995,1061
644,168,1516,227,1712,174,1719,591,405,1863,960,1506,1721,1975,544,1397,1097,513,364,1817,1252
645,1869,174,205,1969,934,798,405,571,1022,1583,193,23,1384,262,298,156,195,1023,1712,794
646,174,1869,1712,2013,697,410,591,1447,1588,405,1541,327,1214,1932,787,934,991,581,1023,1969
647,1783,327,513,2034,1214,7,861,1541,171,444,799,823,1933,1995,958,1156,1869,1937,410,1719
648,1214,861,1541,1933,1156,1995,823,444,8,1869,958,1581,1993,1637,456,92,31,74,1796,498
649,1447,591,524,1066,1932,298,1046,916,995,475,113,465,1342,68,1284,1387,696,1915,2059,1586
650,456,74,8,1993,35,498,1197,1637,92,1796,357,31,958,1156,1995,861,581,444,1933,289
651,168,934,1118,1725,582,274,998,65,429,197,1283,156,1721,1516,1529,948,738,1054,337,897
652,1447,1869,591,1581,1214,327,1156,1541,1933,1783,823,513,7,2013,174,861,171,958,1995,799
653,990,1522,1488,942,378,1276,236,1770,888,846,2012,1652,1718,791,806,871,1480,1750,1064,1018
654,168,1516,738,429,364,117,120,1664,1522,1488,132,197,1200,1506,95,448,1652,414,740,942
655,1869,798,405,934,1583,571,1023,1969,205,1066,23,298,1932,1022,794,113,1586,2059,156,174
656,1699,1640,1621,6,1322,561,1440,958,327,513,1937,171,2054,1783,799,2034,7,1350,289,410
657,410,1937,171,1588,1440,327,1322,2034,1699,2054,1097,227,6,1621,1350,168,1640,2013,513,364
658,327,7,171,2034,799,513,1783,410,1588,166,1640,541,168,1621,852,1322,949,1581,1440,116
659,1214,861,1993,1541,1933,1156,92,444,823,1995,8,1637,456,31,74,1197,498,1796,357,35
660,171,327,2034,799,513,1783,7,1588,410,1350,1054,1764,1937,817,1283,168,1143,1806,364,1751
661,327,513,799,2034,1783,7,171,1588,410,1581,1869,1214,1937,861,174,1350,2013,1156,1933,823
662,1541,861,1156,1214,1933,1995,823,444,958,1350,1869,74,405,289,1583,2013,1937,2054,8,456
663,861,1214,8,823,444,456,1541,74,958,1993,1933,1869,1937,1387,1350,1995,92,1796,1156,740
664,1447,591,1932,916,113,1066,1342,1915,1284,696,1046,465,298,909,1023,1869,1144,524,68,1032
665,1214,1993,8,1541,861,1637,1156,444,92,1933,1995,456,1796,498,1197,823,357,74,31,958
666,1750,871,1480,791,991,944,2068,1447,677,591,1133,1581,1718,375,1064,227,1783,1684,806,327
667,727,1833,14,221,1396,93,852,749,1283,1751,1703,1740,1764,1355,1512,1705,299,1577,1054,1923
668,1699,1322,6,1621,561,2054,1440,1937,1350,1640,2013,513,171,7,1252,1200,1783,210,410,1541
669,1387,1779,1951,117,1009,740,1447,591,205,475,524,23,1066,195,798,298,1511,1284,156,958
670,327,1588,2034,7,410,513,1783,799,171,861,1869,444,1214,958,174,1350,1541,1933,1440,1699
671,1214,1541,823,861,1156,1995,444,1933,1581,958,1937,1350,327,2034,1783,513,171,8,1404,799
672,861,1541,1214,1995,1156,1933,823,444,1869,174,1284,1783,227,2037,2013,44,1583,1581,1439,958
673,8,1197,1993,456,92,357,1637,31,74,498,1796,1488,35,236,1522,1350,1214,990,1933,378
674,861,1541,1993,1214,8,823,1869,1995,444,31,92,1156,1933,456,357,74,1637,1796,1197,958
675,861,1214,1541,1933,444,1156,823,1995,8,410,958,1993,1350,1197,1637,92,1937,456,1869,1719
676,1621,1699,1712,1640,1322,561,327,1440,6,799,1869,1783,7,513,171,174,2034,591,1447,410
677,1214,861,1541,1718,1064,1995,375,1933,823,1387,740,1156,1993,444,117,8,677,1684,806,456
678,1214,861,1541,1933,1869,444,958,1156,8,823,1993,410,1995,1588,456,74,1581,92,1637,1056
679,1937,410,1350,1581,171,327,1588,2034,2054,513,1783,958,799,861,1214,1541,1440,99,2013,1621
680,1214,861,1541,1783,1933,327,1995,799,2034,444,823,1156,7,513,171,1581,1447,591,991,1869
681,1995,1541,1933,1156,861,1214,1447,823,591,74,444,8,498,456,1637,1066,31,1197,916,35
682,1447,591,1869,1993,1932,456,31,861,1637,1796,8,696,1066,1541,1197,916,357,74,1586,92
683,8,1869,1993,1581,1214,92,1637,498,74,861,1933,1197,456,1541,357,444,31,1156,174,1995
684,1993,456,92,8,357,1637,31,1796,498,74,35,1197,1933,1214,861,1156,444,958,1541,1995
685,1995,1541,1214,1933,861,444,35,1156,74,823,456,1637,498,8,1993,92,1796,357,31,958
686,205,1350,2054,193,934,794,1869,798,1937,23,571,1384,156,1583,1214,1511,1156,444,2037,823
687,1214,861,1541,1933,444,823,1995,1156,1869,958,174,1712,1583,794,581,8,1781,23,1993,870
688,1869,1541,861,174,958,444,1214,1995,1933,1156,823,1583,1699,405,1586,8,1937,1322,798,74
689,1869,174,513,410,327,1712,171,1783,7,1588,2034,794,799,1583,798,2013,934,571,23,205
690,1018,591,375,691,806,1718,677,1133,1064,1624,434,963,719,1447,1684,1692,1869,791,1750,871
691,2034,171,799,513,1350,727,2054,1937,852,327,881,168,738,7,1833,221,1664,1449,1721,14
692,513,171,2034,327,1783,799,7,1588,410,174,1712,1869,1621,1719,1640,1581,817,1350,1933,713
693,1993,8,92,456,74,1637,31,1796,1197,357,498,1933,958,1214,861,35,1541,823,1156,444
694,1214,1541,1933,861,1995,1156,823,444,1993,1637,1796,92,8,456,74,357,31,498,35,1197
695,327,171,1869,1783,410,7,1588,799,513,2034,174,1937,1712,1350,870,2013,581,1781,2054,1056
696,327,513,2034,1783,171,799,7,1588,410,1869,174,1712,2013,23,1719,1214,1581,1933,1447,1097
697,1387,1951,1779,1009,740,117,1447,591,524,1539,422,1283,1054,738,1143,337,1281,1898,1725,1775
698,1869,174,861,1541,1214,823,1156,1133,444,1995,991,791,1933,591,1480,677,1447,944,8,1993
699,174,1869,561,1322,1621,1440,1583,1699,405,1022,6,1640,787,1937,1712,2013,2054,571,798,193
700,1993,456,8,1796,31,92,1637,74,357,861,1214,1387,498,1541,35,1933,823,1197,1995,1156
701,1993,8,1796,456,1637,92,498,958,35,31,74,1197,861,357,1581,410,1214,1933,1541,1156
702,1541,1214,1995,861,1933,1156,823,444,1869,8,1993,74,1796,1637,31,92,958,1783,357,498
703,1783,327,7,2034,513,799,171,1581,1214,1869,861,174,823,410,1933,444,1541,1995,1156,1588
704,410,1588,1869,174,794,205,798,934,23,1511,1384,193,156,1719,262,571,581,1937,1969,2013
705,1488,990,1522,236,1718,942,1276,1770,806,1064,846,378,1018,888,2012,375,1214,1652,1684,1480
706,1869,174,1588,327,513,171,410,2034,7,1783,799,1937,1712,1350,2013,1022,798,2054,1583,23
707,861,1581,1214,958,1541,1933,1156,1588,823,410,1995,444,327,1783,1869,7,2037,513,2034,1993
708,1993,8,74,456,92,498,1637,35,861,1796,31,1541,1197,1156,1214,357,1995,444,1933,823
709,327,410,171,1588,2034,1783,799,513,1581,1097,7,1719,1350,1973,1056,1404,1439,1937,2054,227
710,1993,456,8,1796,74,1637,92,861,31,1214,498,357,1995,35,823,1197,1541,1933,444,1156
711,1214,410,861,1933,1541,1937,1588,1350,958,444,2013,1869,1156,327,1995,823,1719,8,1056,1581
712,1869,174,798,934,23,205,1969,410,794,156,571,193,1621,1588,1384,7,195,1023,1322,6
713,1869,174,298,1284,1066,465,916,696,1932,909,1046,1712,113,804,1342,1023,1144,1915,68,1586
714,1869,174,1541,861,410,1214,1588,327,1937,1933,1783,823,2013,444,1056,1156,1712,1350,958,1995
715,1993,1214,8,92,74,861,1637,31,1541,456,1197,444,1933,1156,823,1796,958,1995,498,35
716,1750,1480,991,944,791,1214,871,861,2068,1933,1995,823,444,1156,1541,1447,591,677,1869,1718
717,1541,1995,1214,861,823,1156,444,1933,958,456,74,8,1993,1637,35,92,1197,1796,31,289
718,1214,861,1541,1933,823,444,1995,677,8,1993,1156,1133,1637,456,92,1064,958,31,74,1869
719,1541,1214,861,1995,444,1933,823,1156,8,1993,958,456,92,1637,74,31,35,1869,357,1796
720,677,1133,1214,1541,1064,1718,806,861,823,1995,444,1933,1018,375,1156,1684,1993,1637,8,1869
721,1993,871,456,1214,1447,1933,8,498,1637,1796,31,591,1480,1197,944,1750,1995,991,357,92
722,727,1833,14,221,1396,93,852,749,1283,1751,299,1512,1705,1764,1649,1539,109,1010,1058,1703
723,1869,174,410,1712,798,934,156,1969,2013,1588,23,1384,205,794,1511,1023,1932,1066,870,571
724,861,1214,1541,1933,823,1995,1156,444,1993,456,8,498,74,357,92,31,1796,958,1637,1197
725,1541,1214,861,1995,1933,444,1156,823,8,1869,498,456,1637,1993,958,1796,74,1581,31,92
726,1869,174,327,1214,799,410,1588,1541,1488,1522,1933,2034,861,513,1937,8,958,791,1712,823
727,1993,1214,92,8,74,1197,1933,1637,357,861,498,31,456,1796,1869,444,35,1541,1156,958
728,168,197,1721,1516,117,1863,1725,120,132,738,1101,429,166,1200,65,949,1951,897,268,740
729,410,1588,794,958,456,8,934,1993,74,23,205,498,35,798,1637,1350,1197,31,92,1796
730,861,1541,958,1214,8,289,1156,1993,823,1995,444,1933,456,2037,74,44,1637,31,498,1796
731,1869,861,1541,1214,174,444,958,1995,1933,1156,823,1699,1621,1322,1440,1447,1993,1640,1586,74
732,513,327,2034,799,410,1588,861,1214,1783,171,1933,7,1541,1350,1937,1995,1156,823,1869,1581
733,410,205,23,1588,193,1384,1350,798,156,934,1937,794,571,697,1511,171,1869,262,327,1969
734,861,1541,1214,1933,444,1156,823,1995,1869,8,1993,958,1637,2037,456,74,44,498,31,92
735,1993,92,8,1637,456,357,74,1796,498,31,1197,958,35,289,1350,1933,1937,861,1541,444
736,95,727,168,1396,738,1721,1186,1833,1664,881,1336,852,14,1725,1397,1192,1856,429,1507,274
737,1214,861,1541,1995,1933,1156,444,823,1993,1869,8,1637,958,74,31,498,35,456,92,1796
738,513,2034,327,171,1783,7,799,410,1214,1933,1588,444,1541,861,823,1973,1995,1439,1937,1581
739,1993,8,1214,92,861,1637,456,1541,498,31,74,1796,357,1933,35,1156,444,1197,823,1995
740,1993,456,1637,8,92,31,1796,357,35,74,498,1197,1214,861,1933,1156,1995,1541,444,823
741,1133,677,991,1750,791,871,1480,944,2068,1869,375,591,1214,1064,806,1718,1684,174,1018,823
742,1588,327,513,1783,2034,410,171,799,1447,798,174,205,23,1869,1581,7,1214,1933,794,1384
743,1993,8,92,456,1637,357,74,1796,31,35,1197,498,958,444,1492,1927,1933,861,1061,1214
744,1993,8,456,92,1637,74,31,861,1796,1214,1197,498,357,1541,1933,35,823,1156,444,1995
745,1869,174,1588,410,2013,1783,1712,513,327,799,870,2034,7,171,1214,697,1719,581,444,861
746,375,1064,1018,806,1718,1684,1133,677,1480,871,991,691,434,1750,2068,944,791,1692,963,1581
747,861,1993,1541,92,1214,1156,8,444,357,31,1637,823,456,1796,1995,498,1933,74,1197,35
748,1214,1541,1995,1933,861,823,1156,444,8,1637,1993,74,357,1796,498,1197,1869,92,456,35
749,861,1541,44,823,1214,2037,444,1869,1933,1995,1156,1927,1492,327,1783,1993,8,1061,31,174
750,521,1898,122,839,1793,1035,2043,1844,1108,1592,679,422,1275,1851,759,594,1219,172,729,1800
751,1214,1995,1541,861,1933,1156,823,444,1869,174,1018,1718,375,1684,944,1783,791,1750,1439,806
752,1621,1699,1440,561,1640,6,1322,1447,591,1869,1712,1932,174,916,327,113,1032,1783,958,1023
753,1869,174,861,1214,444,1541,1933,410,1156,823,1588,1995,1783,327,513,1712,1993,44,2037,958
754,1387,1009,740,1779,117,1951,819,289,523,575,456,1873,74,1529,274,912,1405,35,8,546
755,861,1995,1156,1541,1933,1214,823,444,1993,456,74,958,1637,8,498,1796,92,35,31,1197
756,327,513,1588,2034,171,410,1783,7,799,174,1869,364,227,2037,2013,1719,1581,1022,405,1214
757,168,429,43,582,1721,897,1516,1725,132,998,934,414,377,1283,738,1118,1054,1286,1781,1058
758,1993,74,8,456,1637,92,35,1796,498,31,1197,357,861,1995,1156,1214,1541,958,1933,444
759,727,14,1833,221,1396,93,852,749,1751,1283,1764,1705,1143,1649,1577,1512,299,128,1539,1923
760,327,513,2034,799,171,1783,1588,410,7,1214,1869,1719,1937,861,1933,2013,174,1581,1350,823
761,861,1541,1214,1933,1156,823,444,1995,8,1993,92,1637,1927,31,74,456,1061,1697,1197,498
762,1869,174,327,1783,1214,1541,7,799,591,1750,1480,791,823,513,1995,991,1933,1447,944,2034
763,1993,1214,861,1933,1541,92,1637,8,1995,456,1156,444,1796,31,823,74,357,498,1197,35
764,1869,174,1214,861,1541,1995,444,1933,823,1712,1156,23,794,798,1384,934,205,571,156,193
765,456,74,8,1993,1387,92,1637,740,35,31,1796,117,1779,1009,357,289,958,498,861,823
766,1764,1010,1283,1751,1705,1054,1058,1512,1355,582,1281,1143,1118,711,1775,1539,1381,1749,1806,128
767,1214,1541,861,1995,1933,823,1156,444,8,1869,1637,1993,456,498,92,74,1796,31,513,1581
768,1869,1624,691,1447,531,963,719,434,1692,174,591,1581,1156,1995,1933,1214,1541,1932,1066,861
769,727,168,93,1751,171,1721,364,799,7,1355,91,1865,1512,2034,1010,1705,1058,1396,1449,852
770,327,513,2034,799,1783,171,7,1588,410,1350,1937,1097,1869,1712,1719,174,2054,1621,2013,1640
771,1869,174,1712,405,1583,205,571,23,1022,798,1384,934,193,794,787,1969,156,262,195,697
772,327,513,171,1783,799,2034,7,1214,410,861,1588,1933,958,1201,1869,1541,1332,823,444,1995
773,410,1869,1588,1937,174,1350,2054,591,1214,1447,861,205,958,713,327,934,1541,23,171,798
774,171,327,1783,513,7,2034,799,168,1588,817,697,410,1192,440,364,1921,897,43,429,1869
775,43,712,1665,1192,1783,1149,91,1533,327,1958,7,616,2054,1089,1588,1355,1315,1713,1853,247
776,1322,327,1699,1621,1640,227,168,1440,6,1719,799,561,1937,1921,1516,1712,174,1447,544,2034
777,1856,1725,168,697,440,255,174,483,1779,934,138,1192,1400,156,117,1551,1387,832,1869,197
778,1214,1541,861,1993,8,1637,1933,1156,444,456,1197,823,92,958,1995,74,31,1796,498,357
779,1214,1541,861,444,1933,823,1995,1156,8,1869,958,1993,74,1581,1637,456,92,498,1937,1197
780,861,1541,1933,1993,8,1214,444,1156,1637,92,74,498,1995,823,1796,456,357,1197,31,958
781,1214,1933,1995,861,823,444,1541,1156,375,1018,1133,677,1581,1993,1718,1064,1684,1637,1869,806
782,375,1133,806,677,1018,1718,1064,1684,1581,691,991,434,1480,944,1692,591,1750,791,719,871
783,1214,1133,677,1541,861,1993,1995,444,1064,823,1933,1156,806,1637,375,1718,8,1018,1684,456
784,168,934,429,166,949,195,1511,1621,738,571,1667,65,23,1118,117,197,337,156,1516,95
785,1018,1718,806,375,1064,1684,677,1133,991,871,1993,1750,791,944,1214,456,1480,1637,2068,1995
786,1869,1133,677,174,375,1018,1718,806,1581,1064,1214,1684,1480,591,1995,1750,1933,871,2068,1541
787,861,1214,1993,1933,92,1581,1637,1156,1541,1697,444,1995,74,8,823,456,1492,31,1814,1061
788,1350,1937,513,327,171,2034,1588,7,410,799,2054,1869,174,193,1783,571,697,205,1969,2013
789,1214,677,1133,375,1541,861,1995,1718,1064,823,1933,444,1684,1156,1869,1018,806,434,719,1624
790,1750,991,2068,791,871,1480,944,1214,1541,1995,1933,861,823,677,1581,1447,1156,1439,375,444
791,174,1869,1712,410,1588,934,205,23,1384,798,1969,193,571,794,195,1583,156,1511,262,1022
792,1541,861,1214,1933,823,1995,444,1156,8,1869,1993,958,1637,92,74,31,1796,456,498,44
793,1064,375,1718,806,1018,456,1684,1993,1637,8,1796,871,74,1133,1214,92,1480,791,1197,498
794,171,1783,327,513,799,2034,7,1588,410,1533,1937,1449,727,1640,541,1581,2054,227,323,1447
795,861,1214,1541,1933,823,444,1156,1995,1993,8,1637,456,31,92,958,1796,74,357,498,1197
796,861,1541,1214,1933,823,1995,1156,444,8,1993,456,31,74,92,1637,1796,498,958,1869,357
797,1214,1541,861,444,1933,1995,823,1156,1993,8,1869,677,806,1133,410,375,1718,1064,1637,92
798,1993,8,92,456,1637,1796,498,74,1197,357,31,35,1214,1933,861,444,1541,1156,1995,823
799,1541,861,1995,1214,1156,1933,823,444,74,1993,8,456,1637,498,92,35,958,1796,1197,357
800,1869,174,1624,691,434,531,1692,963,719,1995,1156,1541,1933,444,1214,861,823,591,916,1284
801,1869,174,1541,861,1214,1156,444,958,1933,823,677,1699,1995,1781,1932,1993,870,1586,456,1197
802,1869,174,410,958,581,1588,934,1384,794,1699,205,1712,798,1621,1640,1322,23,861,1440,1350
803,1869,174,171,1583,1022,327,205,798,23,1588,405,513,571,1712,410,193,934,799,2034,787
804,2034,513,327,171,1350,410,1937,7,799,193,1588,1783,174,2054,1869,1969,1583,1022,697,934
805,1214,861,1541,1156,1933,1995,444,823,1869,8,958,1993,456,74,1637,1581,92,498,31,1796
806,727,14,1833,221,1396,852,93,749,1751,1283,1923,1539,299,1143,1705,1512,1281,1649,881,1054
807,1214,861,1541,1933,1995,1156,823,444,958,1993,1637,8,92,1796,498,74,31,357,1869,289
808,327,410,1588,513,171,1783,2034,7,799,1581,861,1869,174,1214,1350,2013,958,1097,1201,1937
809,327,513,799,2034,171,1783,1712,174,7,410,1214,1541,444,823,861,227,91,1933,1332,1588
810,1869,1588,410,174,1783,327,1581,171,2034,1023,916,2037,7,1932,227,465,1066,513,44,909
811,1993,8,1214,1995,456,861,1796,1933,74,92,1637,1541,498,823,1156,444,357,35,31,958
812,168,738,1721,65,1664,197,1534,120,429,1516,95,819,731,948,1557,38,949,1529,274,1283
813,301,1721,1183,1923,1010,712,1961,1058,1751,128,1664,403,763,881,43,1281,1512,474,1958,1649
814,327,513,799,2034,171,7,1783,1588,410,1869,174,1581,2013,1447,1056,1712,1719,958,861,156
815,7,174,1869,171,327,1322,799,1712,205,1783,1588,410,513,2034,958,1640,1581,1699,1621,193
816,8,1993,92,1796,1197,456,1637,31,498,861,35,1214,1541,357,444,74,1156,1933,823,1869
817,74,456,1993,8,1995,498,1541,1637,92,1796,861,1933,357,31,1156,35,823,1214,444,1197
818,174,1712,410,1869,1511,205,7,513,327,1588,799,798,934,262,1937,1783,171,193,1322,2034
819,375,1718,1018,1064,871,806,1133,1750,1684,677,991,1480,791,2068,944,1214,521,621,2043,1275
820,1214,1995,1541,1933,823,861,444,677,1684,1133,375,1156,1718,1018,1869,1064,7,2068,806,1783
821,791,1750,991,1480,944,871,2068,1869,591,1447,174,227,1541,1995,1214,1712,823,861,1156,1933
822,1322,6,1869,561,1440,1699,174,1621,1640,1586,1066,68,1932,1915,2059,113,1022,475,995,1284
823,327,2034,513,1783,799,171,7,1588,410,1937,1350,2013,1214,1869,2054,861,1581,1933,174,1973
824,168,43,712,1725,1721,429,1516,1200,948,1118,881,738,120,960,819,1923,274,95,65,1664
825,1869,174,410,2013,1712,1541,1588,861,327,870,1932,1214,1583,1937,513,958,1156,823,1783,405
826,1214,1581,1541,1995,861,1156,444,1933,823,227,1447,1624,525,591,1783,327,1692,2013,434,958
827,1993,456,8,92,1637,1214,357,498,1796,861,31,74,1933,1197,1541,1156,35,444,1995,823
828,1718,375,1684,1064,806,1018,677,791,1133,1750,871,991,1194,944,1214,1480,434,719,378,1624
829,168,738,95,429,1721,1664,197,1118,1534,1516,897,166,949,1449,948,43,65,1557,998,120
830,1993,456,74,8,1637,92,35,31,1796,357,498,1197,958,289,1214,1995,861,1133,1064,1699
831,1869,1624,174,691,434,1692,1750,719,963,791,531,2068,871,1995,944,991,1480,1588,2012,1541
832,1993,92,1637,8,74,456,1581,357,1796,498,1214,1197,1933,958,861,35,31,1156,444,1541
833,410,1588,1937,1621,1097,1440,1699,174,1869,1350,227,561,327,171,1322,1719,2054,2013,6,1640
834,327,1783,513,1588,7,410,171,2034,799,1869,174,1712,1937,1719,1214,2013,1581,205,1350,861
835,727,1833,14,221,1396,93,852,749,1283,1751,1764,1512,1054,1355,1010,299,1705,1143,1703,1649
836,727,14,1833,221,1396,93,852,749,1740,299,1703,1583,881,1577,1111,1022,109,1289,787,1867
837,1214,861,1541,1933,1995,444,823,1156,1869,1993,1637,92,8,74,1581,35,357,1796,456,958
838,958,1214,289,861,1541,1156,1933,444,2037,823,1993,1869,1995,44,8,74,456,1056,2013,1637
839,327,513,1214,1447,1719,823,174,591,1541,227,444,799,2034,1869,171,861,44,1783,1712,1097
840,1869,174,934,193,1588,571,205,23,794,195,1322,410,591,1447,1621,1640,798,697,513,1511
841,1750,791,871,991,1480,944,2068,677,1133,591,1447,227,1783,1581,327,171,1898,1588,2034,375
842,1705,1283,1054,1512,1058,1751,1010,1355,1764,582,1806,414,1149,1281,448,1775,711,671,1118,1539
843,727,1833,14,221,1396,93,749,852,1751,1283,1764,1740,1705,1512,299,1010,128,1923,1703,414
844,958,1581,1588,410,92,713,1869,2037,1350,1993,357,1937,2013,1933,861,1796,74,456,1214,2054
845,1637,1993,456,92,8,1488,1796,31,1197,498,74,990,357,1214,236,1770,1522,846,1276,1156
846,410,1588,1937,174,1869,1350,2013,1581,227,1750,991,1621,2068,2054,1440,1783,870,1699,327,1480
847,1214,1933,861,1995,1541,444,823,1156,799,1783,1869,2034,327,513,7,1581,171,174,1439,1404
848,1993,8,1637,456,92,74,1796,1214,498,861,357,1197,31,1933,1541,444,1995,1156,35,823
849,861,1541,1214,1933,823,1937,444,1156,2013,289,1583,1869,1350,410,327,1995,1783,405,1022,2054
850,1539,1281,1143,727,1381,1749,1118,711,1775,1725,1396,852,168,1856,881,93,1705,897,1283,840
851,791,1480,1750,991,2068,944,871,591,1214,1447,1995,444,1541,1869,1933,861,1156,823,1898,174
852,1214,327,861,1541,1783,513,2034,444,171,1933,799,823,7,1995,1156,1937,1581,958,410,1350
853,91,799,1721,561,544,327,519,1322,364,513,960,541,171,1551,1865,1516,1921,7,727,1719
854,958,861,1214,1933,1541,1156,2037,289,1350,2013,444,1581,8,44,823,1056,1937,1993,2054,456
855,1869,174,1712,23,794,934,1384,798,958,410,205,1583,1969,571,1588,193,156,1541,1214,861
856,861,1541,1214,1933,823,1995,1156,444,958,8,44,2037,1869,1993,1637,1581,289,74,92,1796
857,861,1214,1541,958,1933,8,44,1993,1156,444,823,289,2037,74,1637,31,456,92,1197,1796
858,1541,1214,1995,861,1933,823,1156,444,1869,8,357,1637,174,92,498,74,1796,1993,2068,456
859,958,289,8,1993,44,2037,456,74,31,861,1637,92,1796,1197,498,1214,1541,1156,357,1933
860,1350,1937,410,1588,2054,1621,327,861,958,2013,1541,1581,1322,171,799,1699,561,1640,1783,513
861,1869,174,410,327,1588,1783,513,1581,171,799,2013,7,2034,1712,870,1056,1350,861,1937,581
862,1718,375,1018,806,1684,1064,677,1995,1541,434,871,1214,944,1133,791,1194,1624,1156,1480,1750
863,174,1869,405,1583,1712,1322,1022,205,1440,916,561,1586,787,1621,804,1699,1284,1937,798,571
864,1541,1214,1993,861,1995,8,1869,1156,1796,958,444,1637,456,1933,31,92,1197,74,823,1447
865,1588,327,513,410,1783,7,1621,799,171,561,1322,2034,1640,1440,1699,1581,6,1350,958,1937
866,727,1833,221,14,93,1396,749,852,1283,1751,299,1705,1512,1764,1054,1703,1355,1058,779,414
867,168,1725,197,738,95,1118,132,1200,1856,429,544,1664,120,166,65,405,1667,77,1817,1749
868,1750,1718,871,1064,1480,791,991,375,1018,944,2068,806,1684,677,2043,1275,621,1214,1133,1898
869,1869,861,1937,2013,1541,405,174,1583,2054,2037,444,289,1214,1712,1350,787,1933,1022,1156,561
870,861,1541,1214,1156,1933,823,444,2037,958,44,1995,289,1056,1869,1993,8,1937,410,456,31
871,677,1133,375,1214,1718,1684,1018,1064,806,1995,823,1541,861,1933,444,871,1156,434,991,944
872,727,1833,14,221,1396,93,852,749,299,1283,1740,1751,1703,1512,1705,414,109,1764,1054,1058
873,74,1993,8,456,92,498,1197,1796,1637,35,357,31,1933,861,958,1541,1156,1995,444,823
874,861,1541,1214,444,1933,823,1995,1156,327,1869,958,1783,1581,513,410,7,2037,2034,171,1937
875,861,1541,1214,1933,444,823,1156,8,1993,1995,456,1637,74,92,31,1796,958,498,357,1197
876,1387,1009,1779,740,117,1951,1995,74,456,524,823,1796,8,35,1541,861,1156,1066,31,289
877,1783,799,327,2034,171,513,7,1581,1869,958,1588,1214,174,861,1350,410,1712,1699,444,1640
878,1783,327,2034,513,799,171,7,1640,1621,1440,561,1699,6,1322,1447,405,1712,116,591,174
879,1064,677,1133,1993,806,1637,375,1018,456,1684,92,8,1214,1718,1796,74,31,1197,1995,444
880,861,205,1214,1541,1384,23,1933,444,798,794,156,1969,934,571,1156,1995,193,262,1511,823
881,168,197,429,897,1725,43,1863,738,38,166,65,132,95,77,1667,460,1740,949,364,1054
882,1718,1064,1684,1993,1018,806,375,92,31,8,1637,1796,456,677,74,1197,1133,691,498,357
883,1869,1699,1322,1783,327,174,1440,1284,7,1621,1932,909,1447,1640,1586,475,561,1023,6,465
884,861,1541,1214,1156,444,1995,823,44,958,1933,2037,8,1993,1056,1937,289,74,227,31,456
885,1993,1718,8,1796,1018,1064,1637,456,92,1214,74,806,498,1995,375,35,31,1684,861,444
886,1718,375,1018,806,1064,677,1684,1133,1480,1214,1750,1995,791,871,434,2068,991,944,1624,691
887,1214,1995,444,1541,861,1933,591,1156,823,1064,1133,677,375,1447,1718,806,1684,1993,1018,944
888,1066,1995,916,1541,1932,1156,861,1586,298,475,804,113,1284,1032,696,524,958,1993,74,465
889,2034,171,327,513,799,1783,7,1588,410,1937,1350,2054,168,1315,1712,1097,1533,817,2013,174
890,1588,327,410,1783,7,799,513,171,2034,174,1869,861,2013,1937,1350,1541,958,1214,2054,1581
891,327,513,171,7,1783,799,2034,1869,410,1588,174,1581,227,1937,1712,1332,918,1214,861,1350
892,1869,174,410,205,1581,934,861,327,171,1712,1588,798,1214,1783,1937,713,1384,794,581,444
893,791,1750,991,2068,871,1480,944,591,1214,1869,1447,1995,861,1541,823,1933,174,444,1133,677
894,327,1783,799,513,2034,171,7,1869,1588,174,410,1581,1447,1937,1933,1350,1621,2013,591,1712
895,861,1541,1869,1214,1933,958,444,1156,410,1995,174,823,1993,1588,1581,2037,1937,8,327,1350
896,327,513,7,1783,171,799,2034,1588,1621,410,1640,561,1322,1699,1440,6,1869,174,1350,1937
897,410,1588,1869,174,327,713,1214,513,1322,1783,1937,2054,171,561,444,861,2034,1640,1541,1712
898,410,1588,513,799,171,2034,327,7,1783,1937,174,1511,1350,193,1712,23,934,1384,156,205
899,1133,677,1064,375,871,1718,806,991,1750,1684,1018,1480,791,944,2068,1214,1993,8,1869,1995
900,1588,1447,410,327,1933,1869,861,174,1214,591,1541,1995,958,2034,513,171,1156,1581,444,1201
901,1995,1214,861,1541,823,1933,444,1156,958,8,1993,456,74,1637,1796,498,92,357,31,35
902,1387,117,740,1951,1779,1009,1718,1684,375,1064,806,1018,791,944,991,1286,1750,903,719,1539
903,727,1833,221,14,1396,93,852,749,1283,1751,1764,1705,299,1512,1058,1355,1054,779,128,1703
904,1214,1581,861,1995,1933,1541,823,1869,444,375,1156,677,958,1133,806,174,1018,1718,1064,227
905,1995,1541,1214,1933,1156,861,444,823,8,1869,1637,31,456,357,74,2068,1993,434,92,174
906,1214,1995,1541,861,1933,444,823,1156,1133,677,8,1993,1637,456,1869,31,1796,92,1197,74
907,1214,1541,861,1995,823,1933,444,1156,8,1993,456,92,31,74,1637,1796,357,498,1197,35
908,727,1833,14,221,93,1396,852,749,1283,1751,1740,1705,1512,1764,1355,1703,128,1058,1054,1577
909,168,1721,95,429,738,1118,1516,120,197,1664,1010,65,1725,448,43,132,1149,582,414,1817
910,1581,1214,1869,861,1350,1937,1588,1541,1933,444,410,1995,174,958,1156,327,823,2054,1783,799
911,791,1750,991,2068,871,1480,944,1869,1214,591,23,205,1541,327,1439,1447,1995,410,1588,174
912,799,1588,327,410,1581,2034,171,513,958,1214,1350,1783,7,1937,1719,1156,2013,861,1933,1541
913,1214,861,1933,1541,444,1995,1156,823,1993,958,8,1581,1637,92,456,1796,74,498,35,1197
914,327,513,2034,799,1783,171,7,410,1588,1869,174,227,1712,1350,1621,2013,1937,591,23,1440
915,1869,327,1783,1581,174,171,7,861,1214,513,410,2034,1588,799,444,1933,1541,1156,227,823
916,727,14,1833,221,93,1396,852,749,1283,1751,1764,1512,1705,1054,1355,299,1010,1058,128,582
917,2034,1783,799,327,7,513,171,1640,1440,1621,561,1581,1100,1322,1447,1719,116,897,1699,817
918,171,1214,327,513,1783,7,799,2034,823,861,1541,444,1933,227,410,1937,1995,1640,1588,713
919,327,2034,513,1783,799,7,171,1588,410,1621,1350,1712,174,1869,2054,1640,561,1937,1440,1322
920,1995,1214,823,1933,1541,1156,444,861,1993,1133,677,8,456,74,31,944,92,498,1796,1637
921,1869,174,697,2013,410,1712,1588,1969,794,327,934,23,798,1097,1937,870,1384,571,1350,205
922,168,65,1721,738,197,819,274,948,224,429,1534,1405,912,731,1725,1529,575,474,523,120
923,791,991,1750,944,1480,871,2068,591,1447,1869,1214,861,1133,174,823,1581,677,227,1995,1933
924,1869,410,1588,174,205,794,934,798,1350,1384,1937,2013,23,156,193,262,571,1511,1969,581
925,1214,861,1541,1933,1995,1156,444,823,1869,8,1637,174,1783,799,1993,456,357,74,1781,35
926,1624,691,963,434,531,1692,719,1718,1018,1993,934,1214,794,806,8,1869,92,74,677,195
927,791,1750,991,871,2068,944,1480,1214,1541,1439,1869,1995,375,444,1933,861,677,1718,1064,410
928,1750,991,791,1480,2068,871,944,1718,1064,174,375,806,1869,1018,1214,1684,1588,1275,444,1995
929,513,1783,327,2034,171,7,799,410,1869,1588,174,1581,1712,227,1719,2013,1097,23,1937,697
930,727,1833,14,221,93,1396,852,749,1283,1751,1705,1740,1355,1703,1577,1764,299,1512,881,1054
931,1541,861,1214,1995,1933,444,823,1156,1869,174,8,2013,74,227,1583,1993,357,1637,1581,1781
932,1387,740,1779,117,1009,1951,456,8,1796,823,861,31,74,1214,1541,1995,1993,92,1197,1637
933,1588,410,327,1541,861,1869,1783,1214,1937,1056,174,7,1933,2013,823,444,171,799,1350,958
934,1993,8,92,1637,456,1214,498,74,1197,861,31,357,1796,1541,1933,1156,35,444,823,1995
935,1588,410,1937,1350,1581,2034,1522,1719,327,171,799,1869,861,1214,513,990,1488,174,236,958
936,861,1214,1541,1933,444,1156,823,1995,1993,8,958,1637,92,456,74,1796,31,498,1197,1581
937,727,1833,14,221,1396,93,852,749,1283,1751,299,1705,414,1512,779,1764,1703,519,1054,1806
938,1214,1995,861,1541,1933,1156,444,823,8,1993,1637,456,498,1796,74,92,31,357,35,1197
939,1993,456,861,1214,8,1637,1541,1796,31,92,1995,1933,357,1156,74,444,823,498,35,1197
940,168,1516,429,364,132,998,1667,120,117,1721,197,38,1132,738,95,289,1933,730,337,1488
941,1869,174,861,405,1541,1583,1586,2037,1284,1937,804,909,1066,1932,958,444,298,1022,916,475
942,861,1214,1541,1869,1933,1995,823,1156,444,174,1783,513,327,1588,410,7,799,2034,1581,1937
943,861,1541,1214,823,444,1933,1995,1156,958,1869,1993,410,8,456,92,44,2037,74,1637,1056
944,861,1541,1214,1933,444,410,1937,327,1350,823,1588,1156,1869,1995,2013,958,799,171,1783,513
945,1898,521,1275,1793,621,2043,839,905,594,422,1592,1035,1219,122,1844,1108,2065,172,1800,679
946,168,1725,117,740,1721,1951,1856,1516,1009,731,1387,712,1779,43,65,95,197,1863,474,224
947,1214,861,1995,444,1541,823,1933,1156,1993,958,8,1637,456,1796,498,92,74,31,357,35
948,8,1214,861,1993,456,1933,1541,74,823,92,1796,1995,1637,31,1156,444,357,35,1197,498
949,861,1541,1214,823,1156,1869,1933,1995,444,958,174,581,410,1781,2013,99,870,1937,1588,1350
950,168,1721,95,43,1725,712,364,1923,998,171,120,1200,1252,738,1516,93,1749,1817,648,1449
951,327,1783,513,2034,799,171,1447,1588,1869,7,410,174,1581,861,1933,1214,591,1541,1995,444
952,799,327,513,2034,171,7,1783,410,1588,1350,1750,174,1869,591,991,791,1480,1447,1937,944
953,1541,861,1214,1869,1933,444,1156,823,1995,958,8,1993,410,1937,174,1637,1350,1581,1588,327
954,1869,174,1322,934,1621,697,1969,1699,1712,798,1937,571,1640,205,1440,6,2034,23,1588,171
955,1993,1581,1214,861,1869,1933,1197,1156,92,1541,1637,8,456,31,1927,1061,444,823,1995,498
956,1214,861,1933,1993,1995,1581,1637,92,444,1156,74,456,1796,823,1541,8,958,35,498,357
957,871,944,791,1480,1993,8,991,1750,1581,2068,1197,92,456,1637,1214,1133,1439,31,498,1796
958,1993,8,92,1637,456,74,1197,31,1796,498,357,958,1214,861,35,1933,289,1156,444,1541
959,8,1933,456,1637,1995,1541,74,861,1156,1993,357,1214,498,823,92,31,1796,35,444,1197
960,327,1588,2034,513,171,7,1783,1440,799,1621,1322,1640,1350,609,1937,561,174,1192,1719,410
961,2034,513,799,1783,327,171,7,410,1937,1588,1350,1214,174,1869,2054,1581,2013,958,1719,861
962,327,1783,2034,513,171,7,799,1588,1869,861,410,1933,1541,174,1581,444,1214,1156,1712,823
963,1869,410,794,1588,1214,23,861,205,798,934,1933,193,174,1541,1384,327,156,1969,1995,444
964,861,1214,410,444,1933,1541,1995,823,1588,327,1581,1156,171,1783,513,958,2037,1869,7,2034
965,1869,174,1588,410,2013,1350,1712,171,327,1937,870,2034,713,7,44,2037,798,799,227,2054
966,375,1133,677,1064,1718,806,1018,1684,521,871,791,1480,944,1750,991,1898,422,2043,621,1108
967,1869,1322,1699,327,713,410,2013,1440,1937,561,2054,174,1588,1581,7,1621,1350,1783,171,1640
968,1725,1856,31,1796,995,357,1993,2059,1586,113,92,465,1032,1066,456,168,448,1637,1342,1284
969,327,513,410,7,1588,171,1783,2034,799,861,1869,1214,1581,1541,1350,2013,174,1712,227,870
970,410,327,1588,513,174,861,171,799,444,1214,227,2034,1541,1937,1712,1783,1322,1719,1350,1097
971,1869,794,205,934,23,410,8,798,861,958,1993,156,1156,174,456,444,1712,1214,1541,581
972,1387,1779,740,117,1009,1951,1993,456,1796,35,74,1637,357,861,498,8,1995,31,92,1214
973,791,1750,991,1480,944,871,1214,2068,823,1995,444,1933,1156,861,1541,677,1783,1869,591,1439
974,1869,174,791,991,1480,1750,871,1712,1541,1214,944,410,2068,861,227,591,1156,1588,2013,444
975,1718,375,806,1018,1064,1684,677,1624,691,117,434,719,791,1133,871,1387,740,1480,944,1951
976,327,410,1937,513,1869,1783,1588,7,2013,2054,1350,1621,171,1699,1322,799,958,2034,174,861
977,1699,1869,1621,1640,1322,174,6,1440,561,861,581,1541,1781,1284,1214,995,1066,1783,804,8
978,513,327,2034,171,1783,799,7,410,1588,1384,798,794,934,205,1511,156,193,1969,23,1869
979,1214,1995,1541,823,1718,1156,861,444,740,1933,1387,375,1018,944,1480,791,1064,117,1750,1951
980,791,871,1488,1480,944,846,1750,990,991,1522,236,1770,2068,1214,888,2012,1276,942,378,861
981,301,1721,1183,712,43,1923,1281,1961,1010,763,474,881,403,1539,1664,1775,1740,1534,1557,1406
982,1214,1541,444,823,1933,1156,861,1995,1993,958,918,456,870,1869,92,410,327,513,74,1796
983,1214,1869,1541,677,861,1933,444,1156,174,1995,958,1056,823,1133,8,1197,1993,1712,456,410
984,1214,1541,1993,861,1933,1637,1995,8,1156,444,456,823,1796,92,74,31,357,498,1197,35
985,861,1214,1541,1995,1933,8,823,1993,444,74,456,1156,958,1637,289,92,498,31,1796,357
986,727,1833,14,221,93,1396,852,749,1283,1751,1764,1705,1512,1355,1703,1058,1054,1010,128,1740
987,727,1833,221,14,1396,93,852,749,1740,1751,1283,1577,1705,1703,1764,299,1111,1512,414,1054
988,1214,375,1018,1995,861,1933,1541,444,1718,823,1684,1156,1064,806,677,1133,1869,1581,1480,2068
989,1869,174,410,1712,1588,405,1583,205,1022,934,787,571,193,1384,798,23,1969,1541,156,794
990,958,1993,289,74,456,498,8,92,1637,31,1796,357,1197,2037,35,861,1214,1541,44,1156
991,1993,8,92,74,1637,456,357,1796,31,498,35,1197,1933,1214,958,861,1541,444,1995,1156
992,74,1869,958,456,1993,8,861,1637,498,1541,1933,444,92,1156,1197,1214,35,1995,31,1796
993,991,1750,1480,944,791,871,2068,1869,1447,591,174,1214,1581,410,327,1783,1588,823,861,23
994,1993,861,8,31,1541,92,456,1214,74,823,357,1796,1637,444,1995,1933,1156,1197,498,1869
995,727,14,1833,221,1396,93,852,749,1740,1283,299,1703,1577,1751,1705,881,1764,1111,1512,1355
996,1488,990,236,942,888,378,1276,1770,1522,846,2012,1652,1718,806,1018,375,1684,1064,791,871
997,1214,861,1993,456,1541,8,1156,1933,1995,1796,1637,357,92,31,498,823,444,35,74,1197
998,174,1869,1937,1712,1581,1933,861,2037,444,2054,823,410,1322,1588,1350,168,1541,1583,1921,2013
999,1993,1637,357,8,31,456,498,92,74,35,1796,1197,1018,691,1214,1995,1933,719,1156,1624
