0,357,8,1197,444,1214,2034,498,456,1541,35,1993,1588,1933,31,74,823,1796,1637,92,513
1,1214,444,861,1541,823,1933,1995,1156,1197,1993,456,498,35,8,1581,92,1796,357,2054,1937
2,174,1937,444,591,1447,1640,1214,2054,1322,1541,561,1350,581,870,1156,1440,823,1869,1995,1480
3,444,1156,1541,1995,1214,823,861,1588,1933,410,2034,799,327,7,513,171,1783,1581,1937,958
4,1541,1214,444,1995,823,1156,861,357,8,1197,498,456,35,1993,1933,31,74,1796,1637,92
5,1355,1764,1283,582,1010,1705,1751,1512,1058,1054,712,6,7,1183,43,1440,301,171,799,414
6,958,1197,456,498,1637,357,8,1796,1993,31,35,74,92,1156,861,444,1214,2034,1322,1541
7,1993,35,1197,8,357,498,1796,74,1637,31,456,92,1779,1387,1009,561,1951,740,1322,117
8,195,262,934,205,1511,1969,156,798,571,23,193,1384,794,6,1322,561,799,1640,1440,7
9,357,1993,444,498,35,1214,1541,1197,31,1933,1637,8,456,861,74,1796,92,823,1156,958
10,1592,172,2065,905,1035,2043,759,528,621,839,679,1219,1800,594,729,1844,1898,521,1851,1108
11,1750,944,791,1480,991,2068,871,591,375,528,1684,2065,677,1718,1592,621,594,1035,521,1447
12,1750,1214,1541,74,1995,35,1197,375,357,1796,1018,1993,1480,8,444,944,31,498,1718,1684
13,93,174,591,1869,1751,1512,1764,171,582,1058,1355,870,2013,852,1783,1781,2034,1705,1118,1283
14,934,1511,262,205,1384,156,193,195,1969,23,571,779,174,1869,798,794,1022,787,1588,405
15,1740,376,1111,1577,1783,327,2034,7,513,171,799,1588,410,1581,174,1869,1933,444,823,1764
16,1783,2034,799,7,513,327,1588,171,561,1322,6,410,1440,1621,1699,1640,1937,1712,1581,444
17,444,1541,1214,823,861,1933,1995,1156,1937,2054,1350,289,958,2037,456,1993,174,591,1581,561
18,444,1541,1214,823,861,1933,1995,1156,1937,2054,1350,289,958,2037,1697,1814,1061,21,1492,456
19,1624,1692,531,963,434,691,719,1588,2034,870,1783,99,444,410,1480,581,1156,1712,1214,1541
20,174,1869,934,444,205,1588,1937,1214,861,1350,1541,1933,823,193,1995,1511,262,23,2013,1384
21,289,498,357,1993,35,1796,31,1197,1214,8,456,1637,74,444,958,1541,92,823,1995,2037
22,934,1511,262,475,1588,205,1384,156,1342,193,195,804,1969,524,23,995,571,1046,1586,581
23,991,944,1588,410,1480,791,870,1750,934,174,871,581,1937,2068,1781,99,444,861,977,1214
24,934,156,205,23,193,1384,195,1969,1511,262,1588,798,410,794,571,1781,1214,581,1156,995
25,712,410,1588,43,1783,799,2034,513,949,166,763,7,171,376,403,1581,327,1921,1961,1856
26,357,1197,444,498,35,92,1214,1541,1796,1993,31,1933,8,1637,861,456,823,1156,1640,1322
27,1534,819,1873,357,1405,948,200,575,1197,1529,523,912,670,224,1520,498,1672,35,65,92
28,456,1993,1197,357,498,8,35,31,1637,1796,958,74,92,1018,1937,1684,444,861,375,1933
29,444,1541,1214,823,357,1993,1156,35,861,498,456,1197,1995,74,1933,31,92,1796,8,1637
30,171,1783,2034,7,513,861,1214,174,444,327,1869,1933,799,1937,1156,1588,1995,1350,1541,823
31,671,1289,934,1511,262,205,1384,156,193,195,1969,23,571,174,1869,798,794,1022,787,1588
32,31,498,357,8,35,1993,74,1796,1197,92,456,1637,375,1718,1018,1035,806,1064,528,1684
33,1993,1197,35,498,92,357,456,31,8,1796,74,1637,1541,1214,444,1933,823,1995,1156,1951
34,2034,799,7,327,1783,1588,171,513,410,958,1322,581,870,99,1712,1933,1206,861,1440,6
35,799,513,171,561,7,2034,327,1783,1640,1322,1440,1699,6,1621,787,1022,1588,1583,405,410
36,375,1018,1684,1718,8,357,806,74,31,92,1064,498,1197,1637,1993,35,958,1796,456,1750
37,582,1355,1058,1283,1856,1725,1512,1010,1764,1054,740,1705,327,448,414,1806,1149,1751,1009,799
38,1993,1796,92,35,31,357,1779,8,498,1197,1387,1637,1009,456,74,561,1951,740,1322,117
39,727,1833,14,221,93,1396,749,852,1058,301,230,1764,711,1512,1355,1064,1018,1751,489,1684
40,1355,1512,1764,1751,582,1058,1054,1283,1705,1010,414,1149,448,1806,712,1923,43,299,1143,1927
41,1779,1009,1951,1387,740,117,35,8,92,1197,357,498,1993,456,74,1637,31,2037,44,1796
42,561,1322,1937,6,2054,1640,1621,444,591,1350,1447,1541,1699,1440,174,823,1995,861,870,1214
43,1588,2034,513,171,7,1783,327,410,799,1937,174,1581,444,2054,1933,1156,1350,1712,861,977
44,1993,357,1197,31,35,498,92,456,8,1796,1637,74,1541,1214,444,1933,823,1995,1156,1951
45,1750,1480,991,871,944,791,870,2068,581,1781,444,861,1541,1186,1995,2065,1712,903,521,168
46,791,944,1750,991,1156,2068,1480,444,1588,410,1541,871,861,1933,227,171,1995,697,759,905
47,1512,1355,582,1764,1283,1751,1058,1705,1054,1010,448,1143,414,1149,1557,1118,1806,93,1697,1927
48,128,1751,1355,1705,582,1764,1512,1058,1054,1010,1283,1539,1143,711,712,1775,1958,1749,1721,403
49,1870,6,561,1308,116,934,1440,1621,1640,1322,1699,1511,262,205,1384,156,193,195,1969,23
50,444,1541,1214,823,1995,1933,289,35,958,861,1156,498,357,1796,456,1637,1993,31,8,1197
51,1283,1355,1512,582,1764,1751,1010,1058,1054,1705,712,414,43,448,1118,1149,1143,1806,1557,93
52,787,1022,405,1583,561,193,156,262,1384,1511,1969,23,205,6,934,195,1640,571,1621,798
53,1783,2034,7,327,513,171,799,1588,1322,561,1440,410,1699,1640,6,1621,1933,861,1541,1581
54,357,8,1197,444,1214,498,456,1541,35,1993,1933,31,74,823,1796,1637,92,861,1156,1995
55,31,1993,498,35,357,8,92,456,1796,1197,74,1637,1581,1541,444,289,958,1933,44,2037
56,1640,561,1322,1440,6,1621,1699,174,1937,1350,2054,1869,1712,581,934,205,804,787,2034,475
57,1993,1796,92,35,31,357,1779,8,498,1197,1387,1637,1009,456,74,561,1951,1640,1322,740
58,1588,410,2034,174,1322,561,1869,799,1440,6,1640,513,1783,171,7,327,1621,870,934,581
59,444,1541,1214,823,357,1993,1156,35,861,498,456,1197,1995,74,1933,31,92,1796,8,1637
60,1581,375,1718,1018,1035,806,1064,528,444,1684,1800,1592,621,1214,172,729,759,1439,2065,679
61,513,444,171,327,1783,2034,7,799,1588,1214,1156,1541,1937,1933,410,1350,823,2054,861,870
62,1512,1355,1283,1764,1054,1751,582,1705,1058,1010,414,448,1149,1806,712,1557,93,1697,1927,274
63,1480,944,1750,791,2068,991,871,195,1995,1447,591,174,262,1156,444,1937,156,1541,193,861
64,357,8,1197,444,1214,498,456,1541,35,1993,1933,31,74,823,1796,1637,1697,92,1814,1061
65,1993,444,357,1214,958,498,31,8,35,1541,1933,1197,823,74,289,1796,456,1637,1995,1156
66,1592,172,2065,905,1035,2043,759,528,621,839,679,1219,1800,594,729,1844,1898,521,1851,1108
67,444,1581,561,1640,513,1541,1440,1621,1322,410,823,6,327,1214,1588,591,1447,1995,174,2034
68,561,1322,6,1621,1440,1640,174,1699,1588,934,410,2034,1581,958,444,581,861,7,870,327
69,1355,1512,1764,1751,582,1058,1054,1283,1705,1010,414,448,1149,1806,712,1833,1927,43,1143,93
70,444,1214,1541,1156,1995,823,861,1933,958,1937,1350,1993,74,1588,456,2054,498,8,1197,174
71,513,2034,1783,171,327,7,799,1588,410,1206,1937,1350,1712,561,1640,861,444,6,1440,1156
72,444,1541,1214,823,1995,1933,289,35,958,861,1156,498,8,357,1796,456,1993,1197,92,74
73,1197,35,1993,357,8,1541,498,1637,1214,1796,92,31,444,456,195,74,1933,823,1995,958
74,444,561,1214,1541,1322,823,2037,1933,958,1640,861,1156,1621,6,174,1995,1440,2054,289,1699
75,1993,1197,35,498,92,357,456,31,8,1796,74,1637,1541,1214,444,2054,1933,823,1447,1995
76,1937,1350,2054,1447,591,174,1718,1322,1684,1018,444,2037,375,561,944,870,958,806,1869,1480
77,2034,444,1214,1588,1541,513,1156,1995,7,1933,171,861,823,1783,1581,327,799,410,1937,2013
78,561,1640,1322,1440,1783,327,6,7,1621,405,787,1699,513,2034,591,1583,1581,171,174,1447
79,1350,958,1937,2054,1783,7,498,591,513,1447,31,35,171,74,1637,327,8,1796,1197,1993
80,1197,35,444,1541,1993,357,1214,8,498,823,1637,1796,92,1156,31,861,456,1995,195,74
81,410,1588,2034,7,1783,799,327,513,171,1440,1322,1640,1621,6,1699,561,1869,174,1937,2013
82,1783,7,2034,171,799,327,513,410,1588,6,364,1440,1640,1322,561,1699,1621,1692,1869,1921
83,444,1937,2054,1350,1214,1995,1156,1933,823,1541,174,861,2034,171,1869,799,1581,870,327,1588
84,1750,944,1480,791,991,2068,1018,1684,1718,871,903,375,677,806,1214,1275,1592,1133,729,1064
85,289,1322,2037,1640,44,1440,6,561,1621,1699,958,1350,2054,1937,357,498,1796,410,2013,35
86,1856,1725,1592,871,172,1844,2068,621,905,759,1480,1255,128,1898,521,1793,2053,677,1387,1009
87,1480,791,871,1750,944,2068,991,1447,1718,591,2065,759,227,1219,375,1018,172,1937,521,1255
88,561,6,1322,1621,1440,1640,1699,193,156,262,1384,1511,1969,23,205,934,787,195,405,571
89,1993,1796,1534,92,35,31,357,1779,819,8,498,1197,1873,1387,1637,1405,948,200,575,1529
90,1779,1009,1387,375,117,740,1951,1018,1684,1718,1064,498,1796,1637,1197,806,1993,35,31,456
91,444,1581,1937,1541,1156,2054,1350,1588,1214,410,861,823,1995,174,581,1933,870,1869,289,561
92,1512,1764,1355,1705,582,1751,1283,1058,1010,1054,448,414,1149,1557,93,1697,1927,1806,712,274
93,1993,444,357,958,498,31,8,35,1796,92,1933,1779,1197,74,289,1541,1214,456,1387,1637
94,1214,1541,444,823,1156,1995,1933,861,1993,456,498,35,357,74,1197,92,1637,8,1796,31
95,2034,171,327,513,799,7,1783,582,1058,410,1751,1355,1010,1283,1512,1143,1588,1705,1764,1054
96,195,1969,2037,35,357,794,498,934,156,1993,1637,798,8,92,23,262,1197,193,1796,44
97,1197,35,1993,357,8,1541,498,1637,1214,1796,92,31,444,456,195,74,1933,1588,823,1995
98,1993,444,357,958,498,31,8,35,1933,1197,74,289,1541,1214,1796,456,823,1637,1350,92
99,7,171,1783,327,513,2034,799,1588,410,958,861,1156,1933,1995,1206,444,1973,268,1439,1581
100,1783,513,2034,327,799,7,171,1588,410,168,1111,1740,1751,1512,93,376,174,274,109,1577
101,799,513,171,7,2034,327,1783,1588,410,1581,712,861,1541,1156,1933,43,1995,1937,1781,444
102,444,1541,1214,823,861,1933,1995,1156,1937,2054,289,35,958,1350,498,357,1796,456,1993,8
103,1993,1796,92,35,31,357,1779,8,498,1197,1387,1637,1009,456,74,561,1951,740,1322,117
104,1750,944,1480,871,791,2068,991,1018,1937,2054,1447,1718,1684,375,591,942,1214,1350,1156,444
105,1214,1541,1937,1995,357,1350,171,1588,444,513,1197,823,7,1993,327,1933,498,1156,861,2034
106,1588,410,357,8,1197,444,1214,498,456,1541,35,1993,2034,799,1933,31,74,823,1796,1637
107,712,1783,171,43,852,513,7,1009,799,327,1779,2034,117,1581,1951,1503,1461,221,1396,740
108,1779,1387,1951,740,1009,117,35,8,92,1197,357,498,1993,456,74,1637,31,2037,44,1796
109,1779,1009,1387,117,740,1951,444,1214,1541,1156,1995,823,861,1933,1480,958,1684,375,1018,92
110,1035,1851,1592,905,1898,839,759,729,172,594,621,1844,1800,521,528,1219,2065,1750,1275,679
111,561,1322,6,1621,1440,444,1640,1541,174,2054,1214,1933,1447,1699,823,1588,934,1156,1350,410
112,174,2034,799,513,561,171,1937,1588,7,1869,1621,327,410,1350,1783,6,1322,1640,2054,444
113,357,1197,498,35,92,1796,1993,31,8,1637,456,1640,1322,561,74,1541,1214,958,6,1621
114,513,7,171,168,327,1783,799,1308,116,2034,613,2013,323,1712,255,1192,410,1133,1512,977
115,357,1197,498,35,92,1796,1993,31,8,1637,456,1640,1322,561,74,1541,1214,958,6,1621
116,1775,711,1749,1539,1143,1381,1281,1118,171,2034,7,1783,513,327,799,1588,958,1440,1719,444
117,1197,35,1993,357,8,1541,498,1637,1214,1796,870,92,31,444,410,456,1588,934,195,74
118,1018,375,1684,1933,1718,806,1214,444,1541,861,677,1156,1064,1995,1133,823,1480,1750,944,958
119,1214,444,1541,1156,1995,823,1933,357,1993,74,1796,498,1197,92,31,8,1637,35,861,456
120,444,1588,1214,1156,1541,1937,1933,410,1350,171,2034,513,823,2054,861,870,289,1447,2013,2037
121,14,727,1833,93,221,1396,749,852,1703,711,1058,1143,1961,1557,1381,1856,1764,1529,763,819
122,444,1541,1214,823,357,1993,1156,35,861,498,456,8,1197,1995,74,1933,31,92,1796,1637
123,498,1197,8,74,1796,35,357,1993,456,31,92,1637,444,1350,1214,958,1692,1779,2054,1588
124,1993,35,1197,8,357,498,1796,74,1637,31,456,92,1779,1640,1322,561,1951,1387,1541,1214
125,1783,327,2034,7,513,171,799,1588,444,861,410,1995,1581,1214,1541,823,1156,1933,174,591
126,2034,171,327,513,799,7,1783,958,1440,1588,1719,444,268,1281,581,2002,1781,1509,456,918
127,357,1197,1779,1009,498,35,92,1796,1993,31,1387,8,1637,117,740,456,1951,1640,1322,561
128,8,1993,357,1197,92,498,1796,456,35,31,74,1637,444,1350,1214,1779,2054,1937,1541,1933
129,444,1541,1214,823,357,1993,1156,35,861,498,8,1197,456,1995,74,1933,31,92,1796,1637
130,944,1750,791,591,1480,2068,1447,991,871,1018,1718,1684,375,1937,942,1214,227,1322,1156,806
131,1993,444,357,958,498,31,8,35,1933,1197,74,289,1541,1214,1796,456,823,1637,1350,92
132,1833,14,221,93,727,749,171,1721,1183,513,852,1396,7,1355,582,1783,1705,1520,1397,819
133,1721,2034,1937,171,1712,1621,1588,1322,1440,444,942,1783,1133,513,561,1118,1350,6,7,1652
134,1779,1009,1387,8,117,740,1951,1993,357,1197,92,498,1796,456,35,31,74,1637,444,1350
135,289,498,357,1993,35,1796,31,1197,8,456,1637,74,958,92,2037,44,2054,1350,1937,561
136,1775,711,1749,1539,1143,1381,1281,1751,1355,1118,1705,582,1764,1512,1058,1054,1010,1283,128,1721
137,1775,711,1749,1539,1143,1381,1281,1118,1764,1355,582,1856,1283,1054,1705,1058,1588,1751,1725,1010
138,1214,444,1541,958,1995,1933,861,357,1796,823,498,1156,1637,74,1197,1993,35,8,456,31
139,1592,621,172,1035,1844,1898,905,422,759,2065,1793,1800,839,1851,729,2043,679,1275,528,1108
140,1214,444,498,357,1993,1541,1197,92,823,8,35,1637,1796,1933,456,74,1995,289,1156,861
141,1322,1440,6,561,1621,168,31,1640,357,1699,1637,92,2034,1783,1197,74,171,513,1993,870
142,14,727,1833,93,221,1396,749,852,1703,711,1058,1143,1961,1381,1856,1764,763,1749,1111,1355
143,1588,410,1440,7,6,1621,327,171,1783,1322,799,2034,561,513,1712,1640,1699,581,870,444
144,561,1322,1621,6,1440,174,1640,1699,1779,1937,1350,1588,1951,1783,444,1009,740,1869,2054,1712
145,168,7,1721,434,1783,420,249,1200,171,513,376,881,268,227,442,1516,1624,166,1910,799
146,1355,1512,1283,582,1054,1764,1058,1705,1010,1751,414,448,1149,1806,1143,712,1118,711,43,1381
147,1588,410,2034,171,327,513,799,444,7,861,1783,174,1581,823,1156,1869,1214,1322,1933,1541
148,727,14,1018,806,221,375,1058,1833,1283,1684,1009,93,1183,1764,740,117,852,1856,1718,582
149,991,1588,944,1350,410,1937,1480,7,513,791,870,1750,2054,327,2034,171,934,799,174,871
150,168,1721,249,541,420,376,1585,1583,798,870,1712,195,1111,1781,914,871,1750,99,581,1762
151,1588,561,1322,410,1440,2034,1869,1640,174,7,1699,6,171,327,1783,1621,513,799,99,1581
152,1783,513,2034,327,7,799,171,561,1640,6,1322,1440,1621,1699,1937,591,1588,193,156,262
153,1283,1355,582,1764,1512,1751,1010,1058,1705,1054,712,414,43,448,1118,1149,1143,1806,1381,711
154,1750,944,1480,1214,1995,1156,991,791,861,444,823,2068,871,1541,1933,1869,174,591,1937,1350
155,1592,172,2065,905,1035,2043,759,528,621,839,679,1219,1800,594,729,1844,1898,521,1851,1108
156,1750,375,1018,1480,944,1718,1684,903,806,2068,871,791,991,677,1194,444,1214,942,1064,823
157,1018,375,1684,1718,806,677,1064,1133,31,498,1480,1750,944,357,8,35,1993,74,1796,1197
158,444,1541,1214,823,861,1933,1995,1156,1937,2054,1350,289,958,2037,456,1993,174,1581,561,35
159,174,934,1869,1511,262,561,205,1350,1322,1440,1640,1384,156,193,195,6,1937,1621,1969,1699
160,174,410,1588,171,1869,327,513,1783,1350,2054,2013,7,2037,799,1440,2034,561,581,444,1796
161,1750,944,791,1480,991,2068,871,591,375,528,1684,2065,677,1718,1592,621,594,1035,521,1447
162,171,799,7,327,268,1783,2034,513,1350,1588,1937,2054,787,410,1921,581,1581,753,561,1806
163,444,1541,1214,823,357,1993,1156,35,861,498,456,1197,1995,74,1933,31,92,1796,8,1637
164,934,195,156,798,1511,1384,205,1214,444,193,1969,262,1581,571,23,1541,861,1750,1995,1933
165,513,7,171,1156,444,327,1783,1588,410,1541,799,861,1933,2034,1995,1214,823,1512,613,440
166,171,1783,2034,7,513,861,1214,444,327,799,1933,1937,1156,1995,1541,1588,1350,823,1751,958
167,35,1993,498,1197,357,8,1637,92,456,1796,31,74,1541,289,2037,444,44,1214,958,1933
168,168,1721,881,7,171,437,914,799,1783,650,440,1762,513,1975,1581,249,327,903,2034,715
169,174,591,1869,870,2013,1781,1770,529,99,1097,581,1322,1332,483,1719,18,1509,1984,733,942
170,444,1541,1214,357,823,1993,498,35,1156,861,1197,456,31,1637,8,1995,74,1796,1933,92
171,1779,1993,1796,92,35,31,357,1387,1951,8,498,1197,740,1637,1009,117,456,74,561,1322
172,1588,410,2034,799,513,7,171,1783,327,944,23,1480,791,934,991,870,1750,2068,1384,581
173,1197,35,1993,357,8,1541,498,1637,1214,1796,92,31,444,456,195,74,1933,823,1995,958
174,171,2034,327,513,799,1783,7,1796,74,456,357,8,92,31,498,1197,1588,1993,35,410
175,991,944,1588,410,1480,791,870,1750,934,174,871,581,1937,2068,1781,99,444,861,977,1214
176,444,1541,1214,823,357,1993,1156,35,861,498,1995,456,1197,74,1933,31,92,1796,8,1637
177,1993,1197,35,498,92,357,456,31,8,1796,74,1637,1541,1214,2034,1581,444,513,1933,1783
178,1588,513,1783,327,2034,7,171,410,444,1214,861,1156,799,174,870,1933,1995,1937,1541,1350
179,1783,7,327,2034,799,171,513,1588,410,1921,581,268,1781,323,99,870,1350,1712,2013,1581
180,1440,7,6,1621,327,171,1783,1322,799,2034,561,513,1712,1640,1699,958,581,1350,1588,498
181,1783,327,7,171,799,513,2034,1588,410,99,1640,6,561,582,1058,1322,1581,1751,1355,1937
182,727,14,1833,221,93,1396,852,749,1703,1143,1058,1381,1557,711,1118,1281,1775,1529,819,1512
183,168,905,376,18,1721,249,420,541,1800,1750,1480,1585,1583,375,798,871,1712,1133,521,195
184,1355,1512,1764,1751,582,1058,1054,1283,1705,1010,414,1149,448,1806,712,1557,93,1697,1927,274
185,1197,35,1993,357,8,1541,498,1637,1214,1796,92,31,444,456,174,195,74,1933,823,1937
186,1283,1355,582,1764,1512,1751,1010,1058,1054,1705,414,1149,712,448,43,1806,1118,1143,1923,1381
187,1783,513,2034,327,7,799,171,444,561,1640,1588,1214,6,1322,1440,1156,1621,1699,1541,1937
188,944,791,591,2068,1480,1447,991,1750,1588,410,871,870,934,174,581,1937,1781,99,444,861
189,1512,1355,1764,1283,1058,582,1751,1705,1054,1010,448,414,1149,712,1557,93,1697,1806,1927,274
190,1640,561,1783,513,2034,327,7,1322,1440,6,799,171,1621,1699,174,1937,1350,2054,1869,1712
191,1652,2012,1770,1522,888,942,1488,1276,990,236,378,846,729,1214,1592,1937,444,1541,839,1995
192,444,1995,1214,861,1541,1937,823,1933,1511,1156,934,2054,156,1350,205,1969,174,195,193,262
193,357,1197,498,35,92,1796,1993,31,8,1637,456,1640,1322,561,74,1541,1214,958,6,1621
194,1588,444,410,1447,591,1156,174,823,1214,1933,1915,1342,1559,1995,1541,1783,696,1032,2034,99
195,168,420,249,1705,1764,1058,1512,171,1010,582,871,1762,963,914,126,1585,7,1355,1721,1545
196,1993,1796,92,35,31,357,1779,8,498,1197,1387,1637,1009,456,74,561,1951,740,1322,117
197,1283,1355,1512,1764,582,1751,1705,1010,1058,1054,712,414,43,448,1118,1149,1143,1806,1381,711
198,1214,444,1933,1156,823,1541,1995,991,1750,944,1480,791,2068,861,958,871,375,1018,2054,1684
199,1993,35,1197,8,357,498,1796,74,1637,31,456,92,1779,1951,1009,1387,740,117,958,1541
200,444,1214,1541,823,861,561,1933,357,1156,1581,1197,1322,1937,1350,498,35,1995,92,289,1796
201,195,934,1969,794,262,193,156,1511,798,174,1384,23,1779,571,561,1937,2037,205,1951,1869
202,168,1721,1111,249,648,727,171,376,513,7,903,1619,93,14,420,650,914,74,541,1712
203,410,1588,7,513,327,171,1783,2034,799,1933,861,1541,1581,444,1156,2013,581,1214,1781,1439
204,1440,7,6,1621,327,171,1783,1322,799,2034,561,195,513,1712,205,1640,1699,156,934,1969
205,2034,171,799,513,327,7,1783,1350,1937,2054,1621,410,1640,561,1712,1322,1588,1440,581,174
206,799,513,171,7,2034,327,1783,1588,410,1581,99,444,1156,861,1541,1933,1781,1712,1214,581
207,1214,561,1621,861,1933,1322,1995,1640,1870,1699,1440,174,6,444,1541,1581,1156,2034,1781,18
208,444,1541,823,1214,1995,561,1933,861,1156,1993,1197,1581,1322,456,174,357,498,1440,35,8
209,934,870,1588,991,410,944,23,156,205,1440,6,581,1750,1781,99,1384,1969,561,195,1480
210,2034,1783,799,327,7,513,171,268,1588,561,410,6,870,1781,1350,581,99,1440,1322,787
211,171,513,1783,2034,327,799,7,1588,168,410,174,376,648,249,1503,1832,323,1869,420,364
212,1783,7,2034,171,799,327,513,410,1588,364,1933,861,1541,1581,444,1156,581,1214,2013,1692
213,1833,727,14,221,93,852,749,1529,912,1396,1557,1534,575,1873,474,1183,274,65,1520,731
214,444,1541,1350,958,2054,1973,1156,1937,861,2037,1439,1933,1404,1581,35,1588,498,1214,1993,1995
215,1588,410,444,1214,861,1156,174,870,1933,1995,2034,1937,1541,513,799,327,823,7,561,991
216,727,14,1833,221,93,1396,749,852,1058,1703,1764,1355,1751,1923,1183,712,711,1705,1749,1281
217,2034,513,7,1783,799,327,171,1581,1588,410,581,1932,1342,1046,99,1144,1781,1066,696,870
218,1480,791,871,1750,944,2068,991,1592,729,2065,759,1275,1219,679,1035,594,1851,1844,621,528
219,561,1322,1621,6,1440,174,1640,1699,1937,1350,1588,1783,444,1869,2054,1712,2034,7,327,171
220,1993,444,357,958,498,31,8,35,1933,1197,74,289,1541,1214,1796,456,823,1637,1350,92
221,934,205,195,1384,193,262,1969,156,1511,23,794,798,571,561,1440,6,1322,1621,1699,174
222,444,1581,561,7,171,2034,1783,327,1640,799,513,1541,1440,1621,1322,823,6,1214,591,1588
223,1588,410,2034,1783,799,7,513,327,174,171,1156,1581,444,1541,581,1933,861,870,1781,1322
224,1512,1764,1355,1283,1054,1705,582,1058,1010,1751,414,448,1149,1806,712,43,1833,1927,1143,1061
225,444,1214,1156,1541,823,861,1933,1995,934,174,1511,262,205,1384,156,193,195,1969,23,1937
226,561,444,1937,6,1350,1322,1640,1621,1440,2054,1214,171,1588,2034,1541,823,7,1156,958,513
227,1750,944,791,1480,991,2068,871,591,375,528,1684,172,1937,2065,1592,677,594,1718,621,1035
228,1750,944,791,1480,991,2068,871,591,375,528,1684,2065,677,1718,1592,621,594,1018,1035,521
229,561,1322,6,1440,1588,1621,1699,1640,410,1937,2034,1712,327,444,1783,799,1350,1156,1581,171
230,357,8,1197,444,1214,498,456,1541,35,1993,31,1933,74,823,1796,1637,92,861,1995,1937
231,1214,444,1541,1933,1995,823,1156,861,1581,1937,2054,1750,958,1993,35,357,1404,456,289,498
232,2034,171,327,513,799,168,7,1783,1588,268,581,1781,870,1350,1712,410,99,1921,174,1022
233,1214,444,1541,1156,1995,823,1933,357,1993,74,1796,498,1197,92,31,8,1637,35,861,456
234,357,1197,498,35,92,1796,1993,31,8,1637,456,1640,1322,561,525,74,1541,1214,958,6
235,171,7,799,2034,327,1783,513,1588,410,1640,1869,561,6,1581,1699,1621,1440,1322,1350,861
236,375,1018,1684,1937,1718,806,1322,944,561,2054,1133,963,1350,1064,1447,1624,677,591,1621,1692
237,444,1541,1214,823,357,1993,1156,35,861,498,456,1197,1995,74,1933,31,92,1796,8,1637
238,444,1541,1214,823,357,1993,1156,35,861,498,456,1197,1995,74,1933,31,92,1796,8,1637
239,934,1511,1322,262,205,591,174,1384,1447,156,193,195,561,475,1588,1969,804,23,571,1869
240,1783,2034,171,7,513,327,799,410,697,1588,677,364,174,1440,561,870,1350,1503,1640,1699
241,1937,1350,2054,174,444,2034,1869,1995,171,591,561,1783,1447,1621,7,513,944,1214,1156,327
242,1018,1684,375,1718,1933,1214,1750,444,1541,861,1156,806,1995,1480,903,2068,1064,944,677,823
243,1322,561,1640,6,1440,1699,1621,934,193,156,262,1384,1511,1969,23,205,787,195,804,405
244,174,1588,444,2034,327,799,171,7,513,1869,1783,1214,1156,410,1541,861,1995,1933,1937,823
245,444,1541,1933,1214,861,823,357,1993,1156,1995,35,498,456,1197,74,31,92,1796,8,1637
246,1197,35,1993,357,8,1541,498,1637,1214,1796,92,31,444,456,195,74,1933,823,1995,958
247,1856,1725,174,591,1869,740,327,870,1009,2013,799,117,1781,1387,2034,1355,1770,529,1951,513
248,1512,1764,1355,1751,1283,1705,582,1054,1058,1010,414,1149,448,1806,712,1923,43,299,1833,1143
249,1993,1197,35,498,92,357,456,31,8,1796,74,1637,1541,1214,444,1933,823,1995,1156,1951
250,444,1156,1541,1995,1214,823,171,861,7,1588,1933,2034,1783,327,513,799,410,1581,1937,958
251,561,1621,6,1640,1440,1322,1869,1046,804,475,916,174,1699,1586,1032,698,1559,1915,68,1284
252,787,1022,405,1583,1322,1869,6,561,1621,1699,1640,870,410,1350,1440,1781,174,1937,804,99
253,410,1588,2034,1783,799,327,444,171,7,1933,513,861,1350,1156,1214,823,1541,1937,2037,2013
254,1750,944,1480,2068,791,991,1581,871,1156,1995,1214,1718,1588,444,823,1684,99,861,1541,581
255,1214,444,498,357,1993,1541,1197,823,35,8,1796,1933,456,1995,289,1156,861,958,1637,31
256,1833,727,14,221,93,1396,852,749,1529,912,1557,1534,575,1873,474,1183,274,1058,65,1520
257,1993,289,1796,92,35,31,357,1779,498,8,1197,1387,1637,1009,456,74,958,561,1951,740
258,934,1511,262,205,1384,156,193,195,1969,23,571,174,1869,798,1588,794,2034,1022,787,327
259,1588,1197,35,1993,357,8,1541,498,1637,1214,1796,92,31,444,410,456,195,74,1933,2034
260,168,1355,582,1010,1721,1512,1958,1705,442,14,1833,852,1200,109,403,221,1406,1183,881,1764
261,1783,171,799,7,2034,513,327,1588,410,581,174,1781,1869,99,2037,444,870,1581,1995,1541
262,1018,1684,375,1718,1750,806,1480,903,2068,1064,944,1035,1851,1592,905,1898,677,839,759,729
263,1779,1387,1951,740,1009,117,35,8,92,1197,357,498,1993,456,74,1637,31,2037,44,1796
264,1480,1750,944,791,871,991,2068,2065,903,521,905,1718,1793,444,1937,1156,1275,759,1219,375
265,727,1833,14,93,221,1396,852,749,1923,711,1775,1281,1143,1539,1703,1749,1705,1381,1529,1118
266,444,1581,561,1640,513,1541,1440,1588,1621,1322,823,6,327,1214,591,410,1447,1995,174,2034
267,513,444,861,1995,171,2034,1214,1541,1156,799,327,1783,7,823,1937,1933,1869,174,1588,410
268,1214,444,1933,1156,823,1541,1995,991,944,1480,1750,791,1581,861,958,1588,871,375,2068,1018
269,799,513,171,7,2034,327,1783,1511,934,156,205,1969,174,195,193,262,798,1384,581,99
270,1018,1197,1684,35,375,1718,1993,357,8,1541,1750,498,1637,1214,1796,92,806,31,444,456
271,677,255,613,727,1133,1725,168,1100,116,93,1396,14,1856,513,1042,602,323,646,1260,1712
272,1197,35,1993,357,8,1541,498,1637,1214,1796,92,31,444,456,195,74,1933,823,1995,958
273,1283,1355,582,1764,1512,1058,1751,1705,1010,1054,712,414,43,448,1118,1149,1143,1806,1381,711
274,1355,1512,1764,1751,582,1058,1054,1283,1705,1010,414,1149,448,1143,1806,712,1118,711,1381,1927
275,1541,1214,444,1995,1933,861,823,958,1156,498,357,1993,456,35,74,1581,1197,1796,8,31
276,1018,1214,1937,1684,375,1993,1322,456,944,1541,561,2054,1133,498,963,35,1718,357,1933,74
277,1833,14,727,221,93,1396,852,749,1143,1381,711,1118,1281,1775,301,1539,1058,1749,1764,1355
278,14,727,1833,93,221,1396,749,852,1703,1058,711,1143,1961,1381,1856,1764,763,1749,1111,1010
279,357,8,1197,444,1214,498,456,1541,35,1993,1933,31,74,823,1796,1637,92,861,591,1995
280,1993,444,357,958,498,31,8,35,1933,1197,74,289,1541,1214,1796,456,823,1637,1350,92
281,1783,7,591,513,1447,171,327,1937,799,1322,2034,561,531,227,2054,1692,1624,1640,691,434
282,498,35,1993,357,31,456,1197,92,8,958,1796,74,1058,1637,1783,171,1867,513,6,2034
283,444,1214,1541,1156,1995,823,861,1933,958,1937,1993,74,1588,1350,456,498,8,2054,1197,174
284,799,7,327,268,1783,2034,513,171,1588,1350,787,1921,1937,753,561,1806,6,1727,1100,168
285,14,727,1833,221,93,1396,749,852,1143,1381,711,1118,1703,1281,1775,1684,1183,1058,903,1718
286,357,1197,498,35,92,1796,1993,31,8,444,1214,1637,456,1541,1640,1322,561,1933,74,823
287,934,205,195,1384,193,262,1969,156,1511,23,794,798,571,561,1440,6,1322,1621,1699,174
288,357,8,1197,444,1214,498,456,1541,35,1993,1933,31,74,823,1796,1637,92,861,1995,1937
289,1783,2034,171,7,513,327,799,6,410,1440,1640,1322,697,1588,561,1699,1621,364,174,1869
290,1993,1796,92,35,31,357,1779,8,498,1197,1387,1637,1009,456,74,561,1951,740,1322,117
291,444,1214,1541,1581,1995,823,1933,861,1156,1869,561,1511,1384,934,1322,174,591,1937,1447,787
292,1018,8,31,1718,375,92,1133,1684,35,357,1796,1197,21,806,677,74,498,1697,1061,1064
293,1993,1197,35,1796,92,31,357,1779,8,498,1387,1541,1637,1214,1009,456,444,74,561,195
294,289,498,357,1993,35,1796,31,1197,8,456,1637,74,958,92,2037,1214,44,2054,1350,1541
295,444,1541,1350,958,2054,1973,1156,1750,944,1937,861,2037,1480,1439,1214,1933,1995,1404,991,1581
296,444,1541,1214,823,357,1993,1156,35,861,498,456,1197,1995,74,1933,31,92,1796,8,1637
297,1993,1197,35,498,92,357,456,31,8,1796,74,1637,1541,1214,444,1933,823,1995,1156,1951
298,8,31,92,1133,35,357,1796,1197,498,21,1993,677,74,456,1637,1350,2054,1937,1697,1061
299,375,1018,1684,1718,1064,498,1796,806,1637,1197,1993,35,31,456,357,8,92,74,1692,1624
300,1993,444,357,958,498,31,8,35,1933,1197,74,289,1541,1214,1796,456,823,1637,1350,92
301,1480,1750,944,2068,991,871,791,1214,1937,444,1995,1541,2054,861,1156,195,1933,1447,591,1350
302,7,1588,1783,410,513,2034,99,327,171,799,561,581,870,6,1206,174,713,444,1322,1781
303,168,171,513,1783,7,2034,327,799,376,648,249,1503,1832,364,881,2002,1975,126,1111,1619
304,1652,1770,1522,236,1488,378,2012,888,1276,1750,990,1480,942,846,991,871,944,791,2068,2065
305,357,1993,498,35,1779,1009,1197,444,1387,31,1637,8,1214,456,117,74,1796,92,740,1951
306,357,8,1197,444,1214,498,456,1541,35,1993,1933,31,74,823,1796,1637,92,861,1995,1937
307,289,2037,357,498,958,444,1993,456,1933,35,31,44,1541,1796,823,1197,92,8,1214,1637
308,1652,2012,1770,1522,888,942,1488,1276,990,236,378,846,1588,410,444,1214,729,861,1156,1592
309,1214,444,1541,1156,1995,1750,823,1933,1480,861,791,944,991,2068,871,1684,375,1018,677,903
310,109,299,1703,881,613,1958,1283,1650,128,255,291,1865,1725,1355,1764,1281,1863,1932,1649,1089
311,561,1322,1621,6,1440,174,1640,1699,1937,1350,1588,1783,444,1869,2054,1712,2034,7,327,171
312,1775,711,1749,1539,1143,1381,1281,1118,1588,582,1058,410,1751,1355,1010,1283,1512,1705,1764,1054
313,1480,944,791,1750,991,2068,871,1937,942,2054,1214,444,591,1541,174,1156,1995,1718,1350,1684
314,410,1588,2034,1783,799,327,444,171,7,1933,513,861,1350,1156,1214,823,1541,1937,2037,2013
315,1937,2054,1350,195,1541,1214,1995,444,1156,823,934,1969,861,794,1933,262,193,156,1511,798
316,1993,1796,92,35,31,357,1779,8,498,1197,1387,1637,1009,456,74,561,1951,740,1322,117
317,1937,1214,444,1541,2054,1995,823,1156,1933,861,1350,171,1588,2034,7,958,513,561,799,1322
318,1480,1937,944,1750,1035,991,791,1851,1592,905,1898,1350,2054,839,759,729,1214,444,172,594
319,1937,1350,171,1588,513,7,327,2034,799,444,1156,2054,1783,410,1439,1404,1973,99,581,525
320,1624,1692,531,963,434,719,691,591,1447,1588,2034,870,1783,99,444,410,1480,581,1156,1712
321,1937,1350,171,1588,513,7,327,2034,799,444,1156,2054,1783,410,1439,1404,1973,99,581,525
322,1283,1355,1058,1764,1751,582,1512,1054,1010,1705,712,2034,1865,1937,171,43,1712,1621,1143,448
323,301,1183,1721,712,1283,582,1958,1764,1355,575,1751,1058,1010,403,1054,1672,474,1923,1534,948
324,1933,1214,444,1541,861,1156,1995,498,1197,35,357,1796,92,74,8,456,1637,1993,31,823
325,1197,35,1993,357,8,1541,498,1637,1214,1796,92,31,444,456,195,74,1933,1640,1322,823
326,1783,513,2034,327,7,799,171,561,1640,6,1322,1440,1621,1699,1937,591,1588,1350,1712,1447
327,1783,171,799,7,2034,513,327,410,1588,944,991,1750,791,1480,871,2068,1214,870,1156,1937
328,1480,991,871,944,2068,591,791,1937,1588,1447,1750,1322,1932,444,581,1350,1342,2054,870,410
329,195,205,156,934,1969,193,262,1640,1511,798,1322,1621,1699,6,23,1440,561,571,794,1384
330,1355,582,1751,1283,1764,1512,1058,1054,1705,1010,414,1149,448,1806,712,1143,1923,43,1118,711
331,6,561,1640,1322,1440,1621,1699,1350,1583,1937,1022,405,1712,1869,713,787,1447,591,1637,31
332,591,1447,444,861,1995,944,2068,1214,934,791,262,1541,823,1156,1933,174,991,1937,1384,1750
333,1783,799,7,327,2034,2037,513,763,171,1961,1712,1322,6,1973,2013,861,1206,1933,1503,44
334,1214,444,1541,1156,823,1995,861,357,1993,1933,35,498,456,1197,74,31,92,1796,8,1637
335,357,1197,1796,31,1993,35,498,456,92,1637,8,74,1588,410,444,1214,861,1156,174,870
336,1750,944,1480,1993,791,2068,991,871,1197,35,498,92,357,456,31,8,1796,74,1018,1637
337,1214,1541,444,823,1995,1156,8,1933,31,92,1133,861,35,357,1796,1197,21,677,74,498
338,174,1937,1350,289,2054,410,1588,1640,444,561,2013,2037,1581,1621,7,1440,1322,1699,581,6
339,2054,444,1350,1937,1214,1541,357,1156,1933,861,8,1197,823,498,456,289,1995,35,1993,31
340,444,1541,1214,823,357,1993,1156,35,861,498,456,1197,1995,74,1933,31,92,1796,8,1637
341,1197,35,1993,357,8,1541,498,1637,1214,1796,92,31,444,456,195,74,1933,823,1156,1995
342,1588,410,2034,327,7,513,799,1783,171,1712,870,1350,1937,581,861,1541,1781,1581,195,934
343,1018,375,1684,1718,806,677,1064,1133,1480,2054,1750,944,1350,1937,581,174,991,2068,1588,791
344,8,31,1018,92,1133,35,357,1796,1937,1197,21,1684,677,74,498,375,1322,944,561,2054
345,1783,171,799,7,2034,513,327,1588,410,1933,861,1541,1581,444,561,1156,1440,581,1214,2013
346,1592,172,2065,905,1035,2043,759,528,621,839,679,1219,1800,594,729,1844,1898,521,1851,1108
347,444,1588,1350,1937,2054,823,1214,1541,2037,289,861,410,958,1933,2034,1156,799,171,1640,1581
348,1783,327,7,171,799,513,2034,1588,410,1581,174,1869,99,444,861,1640,6,1350,561,1937
349,1592,621,172,1035,1844,1898,905,422,759,2065,1793,1800,839,1851,729,2043,679,1275,528,1108
350,8,357,74,31,92,498,1197,1637,1993,35,958,1796,456,156,1511,195,205,571,1384,798
351,195,934,1969,794,262,193,156,1511,798,1384,23,1779,571,2037,205,1951,410,1447,1588,44
352,513,171,327,1783,2034,7,799,195,1384,934,156,787,1511,205,262,1969,193,1588,798,571
353,1750,944,1480,791,2068,991,871,1035,1851,1592,905,1898,839,759,1018,729,172,594,621,1844
354,1197,35,1993,357,8,1541,498,1637,1214,1796,92,31,444,456,195,74,1933,823,1995,958
355,1993,35,1197,8,357,498,1796,74,1637,31,456,92,1697,1779,1492,21,1814,1951,1261,1387
356,168,914,376,420,1111,1712,1721,903,171,715,881,410,1260,249,648,93,1351,1022,364,513
357,289,2037,444,1214,1541,823,1933,1995,958,44,2054,861,1993,357,1796,1156,1937,498,35,1197
358,168,1721,249,1705,43,1200,442,1958,1512,1762,440,1619,1449,1764,171,403,712,1186,420,715
359,944,1750,791,1480,991,871,2068,2065,1035,1219,1275,591,729,1592,1898,1851,528,905,621,172
360,561,1322,1640,6,1440,1621,1699,1718,1684,1018,375,806,591,1447,944,1750,1064,909,1480,804
361,1652,2012,1770,1522,888,942,1488,1276,990,236,378,846,1214,729,561,1621,861,1592,1933,1322
362,1624,1692,434,1018,691,963,1937,1684,531,719,375,1322,944,561,2054,1133,1718,1350,1064,1447
363,1588,410,934,870,156,195,205,1969,23,794,262,1384,1781,581,561,193,798,99,1322,991
364,1933,1214,444,1541,861,1156,1750,1995,1480,1018,375,1684,823,944,2068,1718,791,958,991,806
365,712,43,1961,763,1520,1873,1958,1143,1664,738,1703,671,1649,1721,948,1539,881,1183,1355,1923
366,1588,410,174,1869,1322,2034,561,1621,6,7,1783,799,1640,327,444,1440,513,171,823,1699
367,944,1750,791,1480,991,871,2068,2065,1035,1219,1275,591,729,1592,1898,528,621,172,594,1851
368,561,6,1322,1640,1621,1440,1541,1588,444,1699,513,799,1995,1933,1214,327,171,861,958,1973
369,301,1721,1183,1923,1058,1355,1283,582,1764,711,1534,1958,1539,1672,1751,474,1010,912,1529,1705
370,799,513,171,7,2034,327,1783,1588,1350,591,581,2013,1937,2054,444,870,1447,1781,99,1214
371,1652,2012,1770,1522,888,942,1488,1276,990,1750,236,944,1480,378,791,2068,846,991,871,1018
372,944,1750,1480,791,1197,35,991,871,2068,1993,357,8,1541,498,591,1637,1214,1796,92,31
373,1283,1355,582,1764,1512,1751,1010,1058,1054,1705,1539,1143,712,414,711,43,1775,448,1749,128
374,1440,7,6,1621,327,171,1783,1322,799,2034,561,513,1712,1640,1699,958,581,1350,1588,498
375,174,1869,205,1511,934,1969,262,405,193,195,156,1384,1583,561,787,571,1783,1440,513,798
376,301,1183,1721,1923,1534,1672,1058,575,1355,670,474,65,1283,1520,1529,200,582,711,523,948
377,1018,1937,1684,375,1322,944,561,2054,1133,963,1718,1350,1064,1447,1624,806,677,591,1621,1692
378,1206,1969,205,1384,174,1588,934,798,156,571,1511,410,193,23,195,794,581,787,513,1712
379,1541,1214,1995,444,1933,1156,861,823,195,205,156,934,1969,193,262,1511,798,23,571,794
380,1355,1512,1283,1054,582,1764,1705,1751,1058,1010,414,448,1149,1806,712,1350,43,1937,1832,1143
381,195,934,1969,794,262,193,156,1511,798,1384,23,1779,571,2037,205,1951,1447,44,581,591
382,444,1937,1350,2054,1214,171,1588,2034,513,1541,823,7,327,1156,958,1783,561,1933,799,1322
383,1355,1512,1764,1283,1751,582,1058,1054,1705,1010,414,1149,448,1806,712,65,43,1927,1143,93
384,1750,944,791,1480,991,2068,871,1035,1851,1592,905,1898,839,759,729,591,172,594,375,621
385,944,791,1480,871,991,1750,2068,591,1447,2054,1937,1156,1350,1214,1588,1541,823,444,357,410
386,1214,444,1995,1541,861,1933,1156,823,513,1783,2034,327,799,7,171,1588,410,1581,958,1781
387,1214,444,498,357,1993,1541,1197,823,35,8,1796,1933,456,1995,289,1156,861,958,1637,31
388,1197,35,1993,357,8,1541,498,1637,1214,1796,92,31,444,456,195,74,1933,823,1995,958
389,444,1581,561,1640,513,1541,1440,1621,1322,823,6,327,1214,591,1480,1447,1995,174,2034,7
390,1588,410,444,1581,561,1214,861,1156,1640,513,1541,1440,174,1621,1322,870,1933,823,6,1995
391,1993,1796,92,35,31,357,1779,8,498,1197,1387,1637,1009,456,74,561,117,1951,740,1322
392,498,1624,1197,1692,8,531,963,74,1796,35,434,357,1993,456,31,719,1637,92,691,958
393,410,1588,1783,799,327,7,513,171,2034,156,934,205,1384,697,1969,23,571,1511,582,1058
394,727,1833,14,221,93,1396,749,852,1058,1703,1764,1355,1751,1923,1183,712,1705,1749,1281,1143
395,677,255,613,727,14,1018,1133,806,1725,221,375,1058,1833,168,1283,1100,1684,116,1009,93
396,1783,7,327,2034,799,171,513,1588,410,582,1058,1751,1355,1010,1921,1283,1512,1143,581,1705
397,168,1721,249,914,881,171,513,712,582,1512,376,1058,1762,166,7,799,1499,648,1619,420
398,1480,1937,944,1750,991,791,1350,2054,1214,444,2068,1197,1156,1637,871,823,1995,861,1541,8
399,727,1833,221,14,93,1396,852,749,1058,1703,1764,1355,1751,1923,1183,712,1705,1749,1281,1143
400,561,1322,6,1640,1621,1440,1699,1937,1350,2054,591,1447,1870,1712,7,174,1783,1308,327,227
401,1993,35,1197,8,357,498,1796,74,1637,31,456,92,444,1779,1214,1541,1951,1933,1387,823
402,174,1588,410,1869,444,2034,799,1447,591,1783,1156,327,7,171,513,823,561,1214,1933,6
403,444,1588,1214,1156,1541,1937,1933,410,1350,171,823,2034,2054,861,870,289,1447,2013,2037,958
404,1214,444,1541,958,1995,1933,289,861,357,1796,823,498,1156,1637,74,1197,1993,35,2037,8
405,289,1796,35,8,357,456,1637,31,498,958,1993,1197,74,444,1541,2037,92,861,823,1350
406,357,8,1197,444,1214,498,456,1541,35,1993,1933,31,74,823,1796,1637,92,861,1995,1937
407,561,1322,6,1640,1621,1440,1699,1937,1350,2054,591,1447,1870,1712,7,174,1783,1308,327,227
408,513,7,171,327,1783,799,2034,2013,870,364,1512,1350,2054,1503,1705,43,1975,1712,1283,1355
409,168,1721,420,1705,249,43,1764,1200,1058,1512,171,1010,582,871,442,1762,1958,914,126,440
410,1214,444,498,357,1993,1541,1197,823,35,8,1796,1933,456,1995,289,1156,861,958,1637,31
411,444,1214,1541,1156,1995,823,861,1933,958,7,1783,327,799,513,171,2034,1937,1993,74,1588
412,168,1721,1764,171,7,1512,1705,513,1111,1010,376,420,998,541,249,914,1585,1923,881,799
413,14,727,1833,221,93,1396,749,852,1751,1764,1355,1058,1529,1705,1512,1010,1283,1557,582,274
414,934,205,195,1384,193,262,1969,156,1511,23,794,798,571,561,1440,6,1322,1621,1699,174
415,1214,444,1995,823,1156,1541,1933,861,1350,2054,1937,174,74,8,1993,498,1869,357,35,289
416,934,1511,262,205,1384,1937,156,193,195,1969,23,571,2034,2054,7,174,798,1869,171,799
417,1750,944,1018,1718,1684,1480,1214,1541,375,444,1933,1156,791,991,2068,823,903,1995,806,1133
418,561,1440,1588,1322,870,6,410,174,934,1869,581,99,991,1621,1781,1640,444,1699,1581,944
419,357,1197,498,35,92,1796,1993,31,8,1637,456,1640,1322,561,74,1541,1214,958,6,1621
420,1783,171,799,7,2034,513,327,1588,410,174,1869,561,1781,697,1440,1322,934,1621,1937,1640
421,174,1869,1588,410,870,1781,581,99,861,444,2034,799,1783,327,7,1541,171,1933,1937,1995
422,1018,375,1684,1718,806,677,1064,1133,1480,1750,944,1937,991,2068,2054,791,871,1592,1447,1350
423,1783,171,7,2034,327,799,513,1588,410,6,1440,1640,1322,1933,861,561,1699,1541,1581,444
424,444,1541,357,1197,1214,823,1993,1796,1156,31,35,498,861,456,92,1637,8,74,1995,1933
425,1588,410,2034,7,799,581,1783,561,870,327,171,1440,444,513,1322,6,1640,2013,99,1541
426,1214,444,498,357,1993,1541,1197,823,35,8,1796,1933,456,1995,289,1156,861,958,1637,31
427,174,1869,1937,2054,1350,444,561,1440,1995,861,1621,1541,1322,1933,591,697,1640,934,1915,1156
428,1581,444,193,195,7,1541,823,934,1969,571,861,1214,1384,1511,410,1440,1995,1156,6,262
429,289,498,357,1993,35,1796,31,1197,8,456,1637,74,958,92,2037,44,2054,1350,1937,1322
430,174,1937,1350,289,2054,410,1588,1640,444,561,2013,2034,2037,1581,1621,7,1440,1322,799,1783
431,1783,513,2034,327,7,799,171,561,1640,6,1322,1440,1621,1699,1937,591,410,1588,1350,1712
432,1933,1214,444,1541,861,1156,1995,823,31,498,357,8,35,1993,958,74,1796,1197,92,456
433,1214,444,1197,1541,8,357,1796,823,1995,35,1637,456,74,1993,31,1933,498,1156,92,861
434,1480,944,791,1750,991,2068,871,444,1588,1350,1937,2054,823,1214,1541,2037,289,861,410,958
435,1214,444,498,357,1993,1541,1197,823,35,8,1796,1933,456,1995,289,1156,861,958,1637,31
436,444,1541,1214,861,1156,1995,1933,823,1581,168,31,357,1637,1796,92,1197,174,498,74,958
437,195,205,156,934,1969,193,262,1511,798,23,571,794,1384,174,861,444,1937,1156,1869,1214
438,1197,35,1993,357,8,1541,498,1637,1214,1796,92,31,444,456,591,195,74,1933,823,1447
439,174,1588,410,1869,2034,799,1783,327,7,171,513,561,6,870,1440,99,1781,1640,1322,1937
440,1512,1764,1355,1283,1058,582,1751,1705,1054,1010,448,414,1149,712,1806,1833,65,43,1927,274
441,1624,1692,531,963,434,719,691,1214,444,1588,1750,1541,1480,2034,1156,944,1937,1995,823,861
442,357,1993,498,35,1197,444,31,1637,8,1214,456,74,1796,92,1541,1933,823,958,1156,861
443,934,870,1588,991,410,357,1993,498,35,944,23,156,205,1197,444,1440,6,31,581,1637
444,168,1721,7,1111,410,1022,881,903,420,376,364,1512,914,434,798,963,1619,1583,253,1975
445,1652,2012,1770,1522,888,942,1488,1276,990,236,378,846,1750,944,903,1480,791,2068,1933,1214
446,1779,1009,1951,1387,740,117,1993,1197,35,498,92,357,456,31,8,1796,74,1637,1541,1214
447,1937,444,1322,561,2054,1350,6,1541,1621,1640,823,1440,1933,289,2037,1214,1699,1156,861,958
448,1750,944,1480,791,2068,991,871,1018,1133,2054,677,1350,1937,1718,1684,375,581,174,1588,942
449,1197,35,1993,357,8,1541,498,1637,1214,1796,92,31,444,456,195,74,1933,823,1995,958
450,1750,791,944,1480,991,591,2068,871,172,1937,1592,2065,594,677,1219,1035,1447,528,621,2054
451,1718,1684,1018,375,806,944,1750,1064,1480,2068,791,991,871,1592,759,2054,621,1851,1624,729
452,1355,1764,1283,1058,1512,582,1751,1705,1054,1010,448,1143,414,1149,712,1118,1806,711,65,43
453,444,1541,1214,823,357,1993,1156,35,1937,861,1350,498,456,1197,1995,74,2054,1933,31,92
454,168,1721,249,7,881,1111,410,1650,903,171,376,364,541,579,1512,914,420,434,963,513
455,1993,456,7,498,31,1197,1637,357,513,8,1621,327,1937,171,2034,561,289,92,1783,525
456,1214,1541,444,823,1156,1995,1933,861,1581,1588,410,2034,1937,1783,513,171,7,327,174,799
457,444,1541,1214,357,823,1197,1993,498,1156,35,92,1796,861,31,456,8,1637,1995,74,1933
458,727,14,1833,221,93,1396,749,852,1751,1764,1355,1058,1529,1705,1512,1010,1283,1557,582,274
459,1588,444,1350,2054,410,1541,1937,1156,1214,958,1995,861,823,1933,581,2013,174,357,35,2037
460,1937,1350,2054,1447,591,174,1322,444,2037,561,944,870,958,1718,1869,1480,375,289,861,791
461,1993,35,1197,8,357,498,1796,74,1637,31,456,92,1779,1951,1387,117,444,958,1541,1214
462,43,174,712,591,1869,870,2013,1143,1781,1770,529,99,1097,581,1322,1332,483,1719,14,18
463,301,1183,1721,1534,1923,1058,1529,712,200,1672,582,575,474,1283,65,1764,948,1520,1405,523
464,174,475,1588,1342,804,934,524,995,195,1511,1869,1046,1586,581,1932,410,916,1066,2059,2037
465,870,410,1588,934,1440,561,581,1781,6,991,958,99,1322,444,794,174,156,1969,195,1541
466,327,171,475,1588,513,799,7,1342,1783,2034,804,934,524,995,195,1511,1046,1586,581,1932
467,444,1937,1350,2054,1214,171,1588,2034,1541,823,7,1156,958,513,561,1933,799,1322,174,1995
468,444,1541,1214,823,861,1933,1995,1156,289,1937,2054,2037,1350,958,1993,35,44,357,1796,498
469,1750,944,1018,1718,1684,1480,1214,1541,375,444,1933,1156,791,991,2068,823,903,1995,806,1133
470,513,7,327,171,2034,1783,799,727,168,93,14,1961,2037,613,1447,1833,2002,763,1509,1183
471,174,357,1869,1796,591,1993,498,1197,35,456,1350,8,1447,74,1637,31,561,444,92,1937
472,561,6,1621,1322,1440,1640,171,1699,1783,7,2034,172,799,2012,327,513,1652,1133,942,1035
473,727,14,1833,221,93,1396,852,749,1703,1058,1557,1529,819,1512,1520,1775,1143,712,1751,711
474,357,1197,498,1588,35,92,444,1796,1993,31,8,1637,456,1350,1640,1322,561,2054,74,410
475,444,1588,1350,1937,2054,823,1214,1541,2037,289,861,410,958,1933,2034,1156,799,171,1640,1581
476,2034,171,799,7,513,327,1783,1588,410,1322,1640,1440,1581,1712,561,6,1206,1699,870,99
477,1480,1937,944,991,1350,1214,791,2068,2054,1447,1581,444,871,1750,1995,861,1933,1541,591,823
478,168,914,376,1721,420,249,1111,7,1712,171,268,1516,166,93,1351,799,1583,1022,513,1274
479,1937,195,1511,934,23,1969,2034,2054,7,1588,1384,205,798,262,156,193,410,171,799,571
480,1588,513,799,327,171,1973,2034,7,1439,410,1783,1404,958,1581,1937,870,1350,525,581,99
481,1214,444,1541,823,861,1995,1933,1156,1588,410,1581,174,2034,498,1783,2013,1993,958,581,456
482,444,1783,1588,7,1214,327,2034,799,171,1156,1541,1937,1933,513,410,1350,823,2054,861,870
483,1750,944,1480,791,2068,991,871,1018,1718,1684,375,942,1937,1214,561,1621,1156,861,1933,1322
484,1624,1692,434,691,963,531,719,1937,2054,174,444,1350,1214,1750,944,861,1480,1156,1541,991
485,357,1197,498,35,92,1796,1993,31,8,1637,456,1640,1322,561,74,1541,1214,958,6,1621
486,444,1937,1350,171,1588,513,2054,1214,7,2034,1541,327,823,1156,958,561,1933,799,1322,174
487,1355,1764,1283,1058,1512,1054,582,1751,1705,1010,414,448,1149,1806,712,43,65,274,1143,1520
488,375,1018,1684,1718,677,1064,806,944,1750,1133,1480,791,2068,991,871,2054,1937,1692,378,1522
489,357,8,1197,444,1214,498,456,1541,35,1993,1933,31,74,823,1796,1637,92,861,1995,1937
490,289,498,357,1993,35,1796,31,1697,1197,8,456,1637,1492,74,21,958,92,1814,2037,1261
491,375,806,1718,1018,1064,1684,1480,2068,1750,944,729,903,791,871,991,1219,1035,679,942,1692
492,1480,1750,944,2068,991,871,1937,791,1214,1350,2054,1447,1581,444,1995,1541,861,1933,591,1156
493,1512,1764,1355,582,1705,1283,1058,1054,1010,1751,448,414,1143,1149,1118,1806,712,711,1833,1927
494,444,1541,1214,823,357,1993,1156,35,861,498,456,1197,1995,74,1933,31,92,1796,8,1637
495,1197,35,1993,357,8,1541,498,1637,1214,1796,92,31,444,456,195,74,1933,823,1995,958
496,1214,1541,444,823,1156,1995,1933,513,2034,861,171,799,1783,7,327,677,1869,174,1133,1937
497,171,327,1783,7,799,1350,2034,1937,513,410,6,1322,2054,1588,1440,1699,1640,581,1621,1581
498,1937,2054,1350,174,410,1588,944,1480,2013,444,1783,1214,1712,1933,2068,327,1750,581,7,171
499,1018,375,1684,1750,1718,806,944,1480,791,2068,677,1064,991,871,1133,1937,942,2054,1214,1156
500,357,1993,498,35,1214,1197,444,31,1637,8,456,74,1796,92,1541,1933,1156,823,958,861
501,1783,171,799,7,2034,513,327,1588,410,1937,174,1581,444,2054,1156,1350,1712,861,977,561
502,444,1541,1214,823,357,1993,1156,35,861,498,1480,456,1197,1750,944,1995,74,1933,31,92
503,561,6,174,1640,1621,1440,1322,1699,1588,1869,1712,787,1022,327,7,410,870,1583,513,2034
504,301,1183,1721,712,1283,582,1958,1764,1355,1751,1058,1010,403,1054,1923,200,1111,1705,474,1672
505,1993,1796,92,35,31,357,1779,8,498,1197,1387,1637,1009,456,74,561,1951,740,1322,117
506,582,1058,410,1751,1355,1010,1283,1512,1143,1705,1764,1054,711,1281,727,1588,712,1118,1097,1539
507,1214,1995,1541,823,444,1933,1156,861,1581,35,1197,456,498,357,1993,1937,1973,74,1404,942
508,444,1541,1214,823,357,1993,1156,35,861,498,456,1197,1995,74,1933,31,92,1796,8,1637
509,95,582,1856,1355,403,1958,1751,1961,1283,1764,712,1381,43,109,1721,1725,1010,128,1058,1705
510,1937,2054,591,1447,171,7,799,327,1933,2034,444,1783,1156,513,944,1214,1350,1541,1995,823
511,591,1447,1937,1783,513,327,2034,7,171,799,2054,1322,227,1350,944,561,1995,1712,1214,444
512,1764,1355,582,1856,1283,1054,1705,1058,1751,1725,168,1010,1183,712,763,93,1512,1833,1649,14
513,1480,791,944,1750,991,871,2068,2054,1937,1156,1350,444,1447,1404,1781,99,870,581,1214,1541
514,168,1721,249,582,1705,1022,903,1512,1750,1583,871,991,914,787,1355,376,1118,1764,1619,1111
515,6,1621,1322,561,1440,1699,1640,1937,1350,2054,2034,7,1783,171,799,513,327,174,1712,289
516,301,1183,1721,1534,1923,1058,1529,712,200,1672,582,575,474,1283,65,1764,948,1355,1520,1405
517,1183,301,1588,1764,410,1058,1856,799,648,949,1921,1427,1211,727,1272,448,1221,1100,221,1763
518,93,727,1705,712,1520,1833,1863,1512,1764,852,43,513,1355,14,903,941,1961,376,1725,582
519,289,2037,444,456,1993,1197,1214,357,1541,498,823,8,35,1933,1995,31,1637,1796,958,74
520,168,1355,727,582,1010,93,1721,1512,14,1961,1958,1705,513,442,1833,852,1200,109,763,403
521,301,1721,1183,1923,1534,1958,712,432,1272,1058,474,1577,582,128,168,1833,43,1286,1118,912
522,799,327,1783,513,2034,7,171,1192,1588,698,410,613,483,1447,1186,1144,591,1640,1342,804
523,1214,1541,1995,444,1933,1156,823,861,1581,870,581,1781,1937,1186,1712,1588,958,1439,168,1404
524,168,1721,905,249,582,376,1705,1022,18,1512,420,1800,1583,1750,1480,914,787,375,1355,1118
525,375,561,1322,1640,1018,6,1440,1621,1684,1699,1718,1064,498,1796,1637,1197,806,1993,35,31
526,1214,444,1541,1933,1995,823,1156,861,1581,1750,375,1480,1018,791,1937,1684,1064,806,1718,944
527,168,1721,1274,1650,7,1762,513,1512,914,1705,171,249,1719,420,650,1712,817,18,1545,1585
528,289,1214,444,958,1933,2037,1541,823,1995,1156,1993,357,35,44,1796,498,8,861,31,1937
529,1640,561,1322,1440,6,1621,1699,174,1937,1350,2054,1869,1712,581,193,156,262,1384,1511,1969
530,1511,934,156,205,1969,174,195,193,262,798,1384,581,99,23,571,1869,1588,870,794,410
531,1197,1993,1796,357,74,498,1637,8,31,456,35,92,1214,1541,444,1995,823,375,1156,1933
532,1740,376,1111,1577,1969,205,1384,174,1588,934,798,156,571,1511,193,23,195,794,1764,581
533,1214,444,498,357,1993,1541,1197,823,35,8,1796,1933,456,1995,289,1156,861,958,1637,31
534,35,1581,357,498,1718,31,1197,92,1796,456,375,8,1684,1637,1018,1993,944,713,1480,1750
535,1937,357,1350,1993,2054,498,1197,92,8,35,1796,7,1214,456,1637,31,444,1541,74,1933
536,1624,1692,531,8,963,434,1993,357,1197,92,719,498,1796,456,35,31,74,691,1637,444
537,444,1937,1350,2054,1214,171,1588,2034,1541,823,7,1156,958,513,561,1933,799,1322,174,1995
538,1993,444,357,958,498,31,1197,8,35,1933,74,289,1541,1214,1796,456,823,1637,92,1350
539,444,1581,561,1640,513,1541,1440,1621,1322,823,6,327,1214,591,1447,1995,174,2034,7,1933
540,444,1214,1541,1581,1995,823,1933,861,1156,1869,561,1511,1384,934,1322,174,591,787,1022,958
541,591,1447,698,909,995,804,1342,1032,1559,465,68,1066,1586,696,475,2059,1023,1046,113,1932
542,561,1322,1440,6,1640,1621,1712,227,1699,1869,174,7,327,1692,1937,531,1588,1783,171,1447
543,561,6,1640,1322,1621,1699,1440,92,1993,357,31,35,456,8,1796,498,1637,1197,958,289
544,31,1993,498,35,357,8,92,456,1796,1197,74,1637,2034,444,1214,1588,1541,513,1156,1995
545,513,171,327,1783,1588,2034,7,799,410,1712,1350,1937,1581,99,2013,2054,581,1322,174,1206
546,174,1869,1937,1447,591,799,1588,2034,1350,2054,861,1322,444,1783,7,327,513,823,410,171
547,444,1541,1214,823,357,1993,1156,35,861,498,456,1197,1995,74,1933,31,92,1796,8,1637
548,95,1958,403,712,168,1355,1721,43,582,1751,1923,779,1283,128,301,1705,1183,93,440,337
549,289,2037,444,1214,1541,823,1933,1995,958,44,2054,861,1993,357,1796,1156,456,1937,498,35
550,1993,1541,1214,1995,444,1197,35,498,92,357,1933,456,1156,31,8,1796,74,861,823,1637
551,444,1541,1214,861,1156,1995,1933,1322,1440,6,823,561,1581,1621,1640,1699,1796,2034,1783,174
552,168,1721,249,582,420,1705,1022,1512,1764,1058,171,1583,1010,914,787,1355,1118,871,1762,1619
553,444,1869,2054,1156,1350,1541,861,823,1937,1581,1995,1933,1973,1214,99,2034,581,1993,92,174
554,195,513,934,171,327,1969,1783,2034,794,7,262,799,193,156,1511,798,1384,23,1779,571
555,1480,171,1783,1869,174,944,1750,791,7,2068,871,2034,172,591,799,1937,327,513,1350,991
556,1197,35,1993,357,8,1541,498,1637,1214,1796,92,31,444,456,195,74,1933,823,1995,958
557,1750,944,1480,791,2068,991,871,561,1322,1640,1018,6,1440,1621,1699,1718,1684,375,942,1937
558,168,249,1721,914,881,1585,2034,1762,712,582,1512,870,1058,1650,166,171,799,648,1274,420
559,1779,1387,1951,740,357,1009,1197,117,498,35,92,1796,1993,31,8,1637,456,1640,1322,561
560,1588,410,2034,327,171,513,7,799,1783,1712,1350,1937,1581,99,2013,2054,581,1322,174,1206
561,174,1937,1350,289,2054,410,1588,1640,444,561,2013,2037,1581,1621,7,1440,1322,1699,581,6
562,444,1156,1541,1783,1995,1214,823,861,1588,1933,327,2034,7,513,171,799,410,1581,174,1937
563,195,934,1969,794,262,193,156,1511,798,1384,23,1779,571,2037,205,1951,174,1447,44,581
564,561,1440,1588,1322,870,6,410,174,934,1869,581,99,991,1621,1781,1640,444,1699,1581,944
565,171,2034,327,513,799,1783,7,1588,444,1214,1156,410,1541,861,1995,1933,1937,823,174,870
566,195,991,944,1969,1588,410,2037,1480,35,357,794,498,934,791,870,156,1750,1993,1637,798
567,357,1197,498,35,92,1796,1993,31,8,561,1637,1322,456,1640,74,1541,6,1440,1621,1214
568,2034,799,1783,513,7,171,1588,327,410,444,1214,823,561,1640,1692,1995,1712,1937,861,1156
569,1214,1541,1995,357,444,1933,1197,823,861,1993,498,1156,1637,8,456,35,1796,74,92,31
570,1018,1718,375,1684,1937,806,1322,944,561,2054,1133,963,1064,1350,1447,903,1624,677,591,1621
571,1993,1197,35,498,92,357,456,31,8,1796,74,1637,1541,1214,444,1933,823,1995,1322,1156
572,8,1993,357,1197,92,31,498,1796,456,35,74,1637,444,1350,1214,1779,2054,1937,1541,1933
573,727,1833,14,221,93,1396,749,852,301,1703,1684,711,1183,1058,903,1718,1665,1529,1764,1064
574,1993,444,357,958,498,31,8,35,1933,1197,74,289,1541,1214,1796,456,823,1637,1350,92
575,1993,1197,35,498,92,357,456,31,8,1796,74,1637,1541,1214,444,1933,1581,823,1995,1156
576,1214,1541,1684,823,1156,1718,444,1933,1995,861,1018,806,375,679,1851,1064,729,227,1035,905
577,171,7,2034,958,1197,456,1783,498,1637,327,513,799,357,1588,8,1796,1993,31,35,74
578,1214,1541,444,823,1995,1156,1933,861,1581,1480,1750,1018,2068,1937,791,871,1718,174,591,2054
579,168,1721,171,7,513,1111,1789,1022,376,420,998,249,1585,881,1764,914,1705,799,1762,712
580,357,1993,1197,498,35,92,1796,31,8,1637,456,74,1640,1322,561,1541,1214,958,6,1621
581,357,1197,498,35,92,1796,1993,31,375,8,1637,456,1640,1322,561,74,1541,1018,1214,958
582,1214,444,1937,958,1933,1350,1541,2054,823,1995,1156,357,861,498,35,31,1796,1588,1581,1197
583,289,2037,1214,444,1541,958,1933,823,1995,1156,357,44,498,2054,861,35,1993,31,1796,1937
584,561,6,1322,1621,1440,1640,1699,1350,1937,1022,1712,713,1447,1583,591,1637,1869,31,2054,787
585,1197,35,1993,357,8,1541,498,1637,1214,1796,92,31,444,456,195,74,1933,823,1995,958
586,444,1214,1541,1933,861,823,1156,1995,958,498,35,1588,456,357,1796,1206,174,2037,8,1197
587,444,1581,561,1640,513,1541,1440,1869,1621,1322,823,6,327,1214,591,174,1447,1995,2034,7
588,1993,444,357,958,498,31,8,35,1933,1197,74,289,1541,1214,1796,456,823,1637,1350,92
589,561,1322,1621,6,1440,174,1640,1699,591,1937,1350,1588,1447,1783,444,1869,2054,1712,2034,7
590,168,1721,881,1764,1512,1705,2002,1585,249,648,1010,364,963,420,376,541,914,1923,1355,691
591,1214,1541,444,823,1156,1933,1995,861,456,74,1993,1197,1581,35,1480,1750,92,498,8,1018
592,1933,1214,444,1541,861,1156,1995,823,958,1018,1581,375,35,498,1796,1718,8,74,1993,92
593,1197,35,1993,357,8,1541,498,1637,1214,1796,92,31,444,456,195,74,1933,823,1995,958
594,1937,1214,444,1541,2054,1995,823,1156,1933,861,1350,1480,944,942,1652,991,378,1750,174,1522
595,525,444,1588,1214,1541,1156,1995,823,861,1933,1350,1937,410,2054,958,174,1993,74,730,456
596,195,934,1969,794,262,193,156,1511,798,1384,23,1779,571,944,1480,2037,791,205,991,1951
597,2034,171,327,513,799,7,1783,1588,410,168,268,581,174,1781,323,1869,420,870,1350,99
598,1588,410,444,1214,861,1156,174,870,1933,1995,2034,1937,1541,513,799,327,823,7,561,991
599,1581,444,1588,561,193,156,262,1384,1511,1969,23,410,205,6,934,787,195,823,1640,1214
600,357,1197,498,35,92,1796,1993,31,8,1637,456,1640,1588,1322,561,74,1541,1214,958,6
601,357,8,1197,444,1214,498,456,1541,35,1993,1933,31,74,823,1796,1637,92,861,1995,1937
602,1588,410,1322,1869,327,561,174,1640,1440,6,2034,513,1783,870,171,799,581,1699,7,99
603,1214,444,1541,958,1995,1933,861,357,1796,823,498,1156,1637,74,1197,1993,35,8,456,31
604,1993,444,1937,1350,1197,35,498,92,357,2054,456,31,8,1796,1214,74,171,1588,2034,1541
605,168,249,1721,914,881,903,712,582,171,715,1512,1058,410,1762,1260,648,166,420,364,513
606,1281,1539,1118,1783,1381,513,1749,711,2034,327,799,1775,7,171,1355,1143,1751,1283,1588,582
607,1214,444,1933,1156,823,1541,1995,991,1581,944,1480,561,1750,791,861,1640,513,958,1440,1621
608,1993,35,1197,8,357,498,1796,74,1637,31,456,444,1541,1214,92,823,1156,861,1779,1995
609,174,7,1783,327,799,513,171,2034,444,1588,1869,823,958,1156,1933,1350,410,2054,1541,2013
610,2034,171,327,513,799,410,7,1541,1588,1783,1214,444,823,1933,1995,1156,289,861,2037,581
611,168,1585,2034,1721,963,1762,249,870,1650,914,171,799,2002,697,1274,38,513,1667,18,1065
612,1197,561,35,1440,1588,1993,357,1322,870,6,410,8,1541,498,174,1637,1214,1796,92,934
613,498,357,1993,1796,1214,1637,35,31,8,456,92,74,1197,958,1541,444,1933,1995,823,861
614,444,1581,561,1640,513,1541,1440,1621,1322,193,156,262,823,6,327,1384,1214,1511,591,1969
615,561,1322,6,1640,1621,1699,1440,1588,1937,958,1350,410,2034,7,1447,513,2054,444,1156,174
616,289,2037,444,958,1937,1993,1933,35,44,1541,357,823,1796,498,8,1214,1588,2054,861,1197
617,1512,1355,1764,1751,1283,582,1054,1705,1058,1010,414,1149,448,1806,712,1923,43,1557,93,1697
618,444,1937,1350,2054,1214,171,1588,2034,1541,823,7,1156,958,513,561,1933,799,1322,174,1995
619,1581,444,1541,1933,1156,1995,1214,861,7,513,823,2034,327,1439,1973,1937,171,1404,174,1783
620,2034,444,1214,1588,1541,513,1156,1995,1350,958,7,1933,171,861,1937,823,1783,1581,327,2054
621,357,1993,498,35,1197,444,31,1637,8,1214,456,74,1796,92,1541,1933,823,958,1156,861
622,289,498,357,1993,35,1796,31,1197,8,456,444,1637,74,1214,958,1541,92,2037,1933,823
623,513,2034,1783,171,327,7,799,1588,410,1581,1712,561,1640,1206,6,1440,870,99,1322,1937
624,727,1833,14,221,93,1396,749,852,1923,1058,711,1775,1281,1143,1539,230,1703,1749,1764,1512
625,1511,934,156,205,1969,174,195,193,262,1588,798,1384,581,1350,99,23,571,591,2013,1869
626,1588,410,1783,513,2034,327,799,7,171,870,581,861,1541,1350,1781,195,934,99,444,2013
627,1197,35,1993,357,8,1541,498,1637,1214,1796,92,31,444,456,195,74,1933,823,1995,958
628,727,1833,14,221,93,1396,852,749,1703,1923,711,1775,1281,1143,1058,1539,1557,1749,1529,819
629,375,1652,1770,1018,1522,236,1488,378,1684,2012,888,1718,1064,498,1796,1637,1197,1276,806,990
630,444,1350,289,1214,2054,1541,2013,823,1933,958,1937,1993,861,1156,2037,1995,35,498,74,357
631,561,1322,6,1640,1621,1699,1440,1588,1937,156,1969,934,958,1350,205,1384,195,410,2034,23
632,1779,1009,1387,117,740,1951,1480,591,1447,1684,375,1018,92,944,8,791,1750,2068,806,942
633,444,1214,1541,1624,1692,1995,1156,1581,963,719,861,823,1933,1588,434,531,691,1018,1064,2034
634,357,8,1197,444,1214,498,456,1541,35,1993,1933,31,74,823,1796,1637,92,861,1995,1937
635,168,1721,1111,376,881,1577,249,1512,1705,1183,541,2002,1585,1923,1650,1740,648,364,963,420
636,1933,1214,444,1541,861,1156,1995,823,1133,2054,958,677,1350,1937,581,174,1588,1018,1581,1869
637,1588,1937,1350,2054,410,1018,870,174,581,1684,375,799,1781,1322,327,944,99,2034,561,1133
638,289,498,357,1993,35,1796,31,1197,8,456,1637,74,958,444,1937,92,2037,1541,44,1588
639,1993,444,357,958,498,31,8,35,1933,1197,74,289,1541,1214,1796,456,823,1637,1350,92
640,195,934,1969,794,262,193,156,1511,798,1384,23,1779,571,2037,205,1951,1447,44,581,7
641,168,905,376,420,18,1721,249,1705,1764,1058,1512,171,1800,1010,1750,1480,582,375,871,1762
642,444,1588,1350,1937,2054,823,1214,1541,2037,289,861,410,958,1933,2034,1156,799,171,1640,1581
643,1133,2054,677,1350,1937,581,174,1588,375,1869,1684,1439,1973,1781,1718,1018,870,99,1035,806
644,168,513,7,1721,327,171,2034,1783,799,2037,613,1447,2002,1509,249,591,1621,1200,870,881
645,174,1869,205,1511,934,1969,262,405,193,195,156,1384,1583,561,787,571,1440,798,23,1322
646,174,1869,1588,410,870,1781,581,99,861,444,1541,1933,1937,1995,1581,1350,2034,697,1621,1214
647,444,1937,1350,2054,1214,171,1588,2034,1541,823,7,1156,958,513,561,1933,799,1322,174,1995
648,1937,444,1350,2054,174,1541,1933,1214,823,861,958,1156,289,1995,1447,1869,561,1581,1588,870
649,591,1779,1951,1447,1009,740,1387,117,698,909,995,804,1342,1032,1559,465,68,1066,1586,696
650,934,357,870,1197,498,35,92,1588,1796,1993,31,410,156,205,8,1637,1781,456,195,1640
651,168,249,1721,914,881,376,420,1111,1712,712,582,1512,1058,1762,93,166,1351,1022,648,1705
652,1581,31,1480,944,498,791,1993,1750,456,871,991,357,35,92,958,1796,2068,1637,713,8
653,1652,1770,1522,236,1488,378,2012,888,1718,1684,1018,1276,990,375,806,942,846,944,1750,1064
654,168,905,1721,376,420,249,18,1800,1750,1480,375,1764,871,1133,521,1783,172,914,1058,903
655,934,262,1511,571,205,23,156,1384,193,195,1969,787,591,798,475,794,1342,804,995,405
656,6,1621,1322,561,1440,1699,1640,289,2037,44,958,1937,1350,2054,2034,357,498,1796,410,2013
657,799,7,327,268,1783,2034,513,171,1588,1350,787,1921,1937,727,168,93,753,561,14,1806
658,2034,171,327,513,799,7,1783,1588,268,581,1781,870,1350,410,99,1921,1581,174,1933,648
659,357,8,1197,444,1214,498,456,1541,35,1993,861,823,1933,31,74,1796,1637,1995,1156,92
660,1783,513,2034,327,799,7,171,1588,582,1058,410,1751,1355,1010,168,1283,1512,1143,1705,1764
661,513,171,327,1783,2034,7,799,1588,410,1581,444,581,870,1995,99,174,861,823,1541,1156
662,1588,357,1197,498,35,92,410,1796,1993,31,8,1637,456,1640,2034,1322,799,561,74,1541
663,8,1993,357,1197,92,498,1796,456,35,31,74,1637,444,1350,1214,1779,2054,1937,1541,1933
664,591,1447,698,909,995,804,1342,1032,1559,465,68,1066,1586,696,475,2059,1023,1046,113,1932
665,357,1993,498,35,1197,444,31,1637,8,1214,456,74,1796,92,1541,1933,823,958,1156,861
666,944,1750,791,1480,991,871,2068,2065,1035,1219,1275,591,729,1592,1898,528,621,172,594,1851
667,727,14,1833,93,221,1396,749,852,1703,1923,711,1775,1281,1143,1058,1961,1539,1381,1749,1856
668,1350,2054,1937,1322,6,1640,561,1621,1440,1699,1447,591,174,1869,171,944,2034,1721,7,1712
669,1779,1387,1951,740,1009,117,35,8,92,1197,357,498,1993,456,591,74,1637,31,2037,1447
670,1588,410,2034,7,1783,799,581,870,327,171,444,513,2013,99,1541,823,1781,1156,1214,861
671,1214,1541,444,1588,513,1995,823,799,1156,1933,327,171,1973,2034,7,1439,410,1783,1404,958
672,444,1541,1214,823,861,1933,1995,1156,1018,1937,2054,1350,289,1718,1750,375,1684,1480,944,2068
673,375,1588,1018,1684,1718,1064,498,410,1796,1637,1197,806,444,1993,35,31,456,357,8,1214
674,444,1541,1214,823,357,1993,1156,35,861,498,456,1197,1995,74,1933,31,92,1796,8,1637
675,1214,444,498,357,1993,1541,1197,823,35,8,1796,1933,456,1995,289,1156,861,958,1637,31
676,561,1322,1621,6,1440,174,1640,1699,1937,1350,1588,1783,444,1869,2054,1712,2034,7,327,171
677,1750,375,1018,1480,944,1718,1684,903,806,2068,871,8,791,1993,991,357,1197,92,498,677
678,498,1197,8,74,444,1796,35,357,1993,456,31,1588,1350,1937,1637,2054,823,1214,92,1541
679,1588,513,799,327,171,1973,2034,7,1439,410,1783,1404,958,1581,1937,870,1350,525,581,99
680,944,1480,1937,791,2068,1214,1447,444,1750,1541,991,2054,871,1156,591,1995,1933,823,799,513
681,357,1197,498,35,92,1796,1993,31,8,1637,456,1640,1322,561,74,1541,1214,958,6,1621
682,444,1541,1214,823,357,1993,1156,35,861,498,591,456,1197,1995,74,1933,31,92,1796,8
683,357,1993,498,35,1197,444,31,1637,8,1214,456,74,1796,92,1541,1933,823,958,1156,861
684,357,1197,1993,1796,31,35,498,456,92,1637,8,74,1541,1214,444,1933,823,1995,1156,1951
685,1214,357,1541,74,1995,35,1197,1796,1993,8,498,444,92,31,1637,1156,456,823,861,1640
686,156,1511,1588,195,205,410,1995,571,1384,798,1969,934,23,193,1214,1156,995,262,1541,1933
687,444,1214,1541,1156,1995,823,861,1933,958,561,193,156,262,1384,1511,1969,23,205,6,934
688,444,1541,1214,823,357,1993,1156,35,861,498,456,1197,1995,74,1933,31,92,1796,8,1637
689,1588,561,193,156,262,410,1384,1511,1969,23,205,6,934,787,195,1640,405,571,1621,798
690,375,1750,1684,1480,944,791,2068,1718,806,691,871,991,1018,1447,1624,963,591,1197,1064,1692
691,1355,1764,1283,582,1010,1705,1751,1512,1058,881,1054,712,7,1183,43,301,171,414,2034,116
692,444,1214,861,1541,823,1995,1156,1933,1783,171,1937,799,7,2034,513,1350,327,2054,1588,410
693,289,498,357,1993,35,1796,31,1197,8,456,1637,74,958,92,2037,44,444,2054,1350,1541
694,1214,444,1541,1156,1995,823,1933,357,1993,74,1796,498,1197,92,31,8,1637,35,861,456
695,444,1937,1541,1588,1214,823,2054,861,1156,1933,870,1350,561,1322,99,581,410,1995,958,2037
696,171,2034,327,513,799,1783,7,1588,1322,1640,1440,1937,410,561,6,1699,1350,1712,1995,1621
697,1779,1009,1951,1387,740,117,591,1447,1725,1856,546,200,1557,719,44,2037,763,92,1342,523
698,1480,1750,944,791,991,2068,871,444,1581,561,1937,1640,513,1541,1440,1621,1322,2013,823,6
699,934,1511,262,205,1384,156,193,195,1969,23,571,174,1869,444,798,2054,1350,794,1022,787
700,1993,1197,35,8,498,92,357,456,31,1796,74,1637,1541,1214,444,1350,1933,1779,823,2054
701,1197,35,1993,357,8,1541,498,1637,1214,1796,92,31,444,456,195,74,1933,823,1995,958
702,1214,1541,444,823,1933,1995,1156,861,1581,1937,1480,1750,958,2013,1018,289,174,2068,1973,1056
703,1783,327,1581,2034,7,444,1214,513,171,1995,823,1156,799,1541,861,1933,1588,410,174,375
704,1588,410,934,870,156,174,195,205,1969,1869,23,794,1440,262,1384,561,1781,6,581,193
705,1652,2012,1770,1522,888,942,1488,1276,990,236,378,846,1718,1684,1018,375,806,729,1214,1592
706,1937,2054,1350,174,410,1588,944,1480,2013,444,1214,1712,1933,2068,1750,581,1995,1541,991,1156
707,1214,444,958,1933,1541,823,1995,1156,357,498,861,35,31,1796,1197,92,8,1993,1581,2037
708,357,1197,456,1993,498,35,92,1796,8,31,1637,958,1640,74,1322,561,1541,1214,6,1621
709,513,7,171,799,1783,2034,327,1588,410,1592,1937,172,1440,759,2065,905,1844,594,2054,621
710,1197,35,1993,357,8,1541,498,1637,1214,1796,92,31,444,456,195,74,1933,823,1995,958
711,561,1322,1588,6,1621,1440,1640,410,174,444,1699,1214,861,1156,934,2034,1581,958,581,7
712,174,1869,1588,2034,1511,327,1783,581,444,823,513,799,475,870,7,1332,410,1937,934,205
713,174,1869,698,995,804,1046,1066,1284,1559,68,1342,475,1032,696,465,2059,1586,1567,524,298
714,444,1588,1350,1937,2054,823,1214,1541,2037,289,861,410,958,1933,2034,1156,799,171,1640,1581
715,357,8,1197,444,1214,498,456,1541,35,1993,1933,31,74,823,1796,1637,92,861,1995,1937
716,944,791,1480,991,1750,871,1214,1995,1156,2068,861,444,823,1541,1933,1937,1350,2054,174,591
717,357,1197,498,35,92,1796,1993,31,8,1637,456,1640,1322,561,74,1541,1214,958,6,1621
718,944,1937,1684,1750,1480,1018,444,1350,375,2054,791,2068,991,174,1718,871,1541,1933,1214,823
719,1214,1541,444,823,1156,1995,1933,861,1588,410,1581,174,2034,498,1783,2013,1993,958,581,456
720,1750,1480,375,1684,1018,944,871,991,1933,791,2068,1214,444,1541,861,1718,677,806,1156,1995
721,944,1750,1480,791,991,871,2068,591,1993,1197,35,1937,498,92,357,456,1447,31,8,1796
722,727,1833,14,221,93,1396,749,852,1058,1355,301,1143,1764,1705,711,1010,1775,1512,1751,1665
723,174,1869,561,1350,1322,1440,1640,6,1937,1621,1699,2054,934,262,1969,1384,1447,1588,193,870
724,444,1214,1541,823,861,561,1933,1156,1581,1993,1322,1937,1350,1995,289,1640,1440,6,1197,35
725,1214,1995,1541,444,1933,823,1156,861,958,1973,1581,1439,1937,1750,1206,456,591,1480,35,2034
726,1588,410,444,174,1214,861,1156,561,1937,870,1869,1933,1621,1995,2034,1350,1541,513,799,6
727,357,498,456,31,1993,1796,35,1197,92,1637,8,74,958,444,1541,1214,1995,1933,289,823
728,168,1721,1274,1650,963,1585,914,1719,249,420,650,2002,1712,7,697,817,18,1545,38,1252
729,934,870,1588,991,410,944,23,156,205,1440,6,581,1750,1781,99,1384,1969,561,195,1480
730,289,444,2037,1541,1214,823,1995,1933,35,958,861,1156,498,357,1796,456,1993,44,8,1197
731,444,1541,1214,823,357,1993,1156,35,861,498,456,1197,1995,74,1933,31,92,1796,8,1637
732,1588,410,444,513,1783,2034,327,1214,861,1156,799,7,171,174,870,1933,1995,1937,1541,823
733,934,156,205,23,193,1384,195,1969,1511,262,1588,798,410,794,1995,571,1781,1214,581,1156
734,1214,444,498,357,1993,1541,1197,823,35,8,1796,1933,456,1995,289,1156,861,958,1637,31
735,357,1197,1796,31,1993,35,498,456,92,1637,8,74,1322,561,1640,6,1440,1621,1699,958
736,1958,95,168,403,1355,712,582,43,1751,1721,1923,1283,128,301,1705,648,1961,1289,93,440
737,444,1214,1541,1156,1995,823,861,1933,958,1937,31,1993,498,35,8,74,1588,1350,1796,456
738,2034,1588,171,799,513,327,444,7,1783,1214,1156,410,1541,861,1995,1933,1937,823,174,870
739,456,1993,1197,357,498,1214,8,35,444,1541,31,1637,1796,958,74,823,1995,92,1933,1156
740,1993,1197,35,498,92,357,456,31,8,1796,74,1637,1541,1214,444,1933,823,1995,1156,1951
741,1750,944,1018,1718,1684,1480,1214,1541,375,444,1933,1156,791,991,2068,823,903,1995,806,1133
742,195,934,1969,794,262,171,2034,327,513,193,156,799,1511,798,1384,23,1783,7,1779,571
743,357,1197,1697,1796,31,1993,35,498,456,92,1637,8,1492,21,74,1814,1261,1061,1927,1322
744,357,8,1197,444,1214,498,456,1541,35,1993,92,1933,31,74,823,1796,1637,861,1350,1995
745,174,1869,1588,444,410,1541,1214,823,1156,870,1995,1581,1781,1933,861,581,99,2034,1783,171
746,1018,375,1684,1718,806,677,1064,1133,1480,1937,1750,944,1322,991,2068,561,2054,963,1350,1447
747,444,1541,1214,823,357,1993,1156,35,861,498,456,1197,1995,74,1933,31,92,1796,8,1637
748,1214,444,1541,823,1995,1156,1933,861,1993,74,456,35,1197,8,498,31,92,357,958,1637
749,444,561,1214,1541,1322,823,2037,1933,958,1640,861,1156,1621,6,174,1995,1440,2054,289,1699
750,1592,172,759,905,2043,839,1898,621,1844,1035,1793,729,1219,1108,528,594,679,1851,1800,422
751,1018,1214,444,823,1718,1750,375,1684,1156,1541,1480,1933,1995,944,2068,806,861,1064,791,871
752,561,6,1322,1640,1621,1440,1699,591,1447,804,174,475,1342,909,465,1937,1066,1586,1046,1284
753,1214,444,1541,823,861,1995,1933,1156,1588,1869,934,410,205,174,1581,2034,498,193,1783,1511
754,1779,1009,1993,1951,1387,740,1796,92,117,35,31,357,8,498,1197,1637,456,74,561,1322
755,357,1197,498,35,92,1796,1993,31,8,1637,456,1640,1322,561,74,1541,1214,958,6,1621
756,1783,7,2034,171,1588,799,327,513,410,581,1439,1973,364,870,1781,99,2037,2013,958,1869
757,168,1721,881,7,249,914,171,437,799,1783,440,1762,513,1975,712,327,582,903,2034,1512
758,357,1197,498,35,92,1796,1993,31,8,1637,456,1640,1322,561,74,1541,1214,958,6,1621
759,727,1833,14,221,93,1396,749,852,1058,230,1764,1512,712,1355,1064,1018,117,1703,301,1751
760,1588,410,171,2034,327,513,444,799,1214,1783,861,1156,7,174,870,1933,1995,1937,1541,823
761,444,1541,1214,823,861,1933,1995,1156,1937,2054,1350,357,289,8,1197,498,456,35,1993,31
762,174,561,1937,1869,444,1621,1350,6,1322,1640,2054,1995,823,1156,1541,591,1440,861,1699,1581
763,1214,444,1541,1156,1995,823,1933,357,1993,74,1796,498,1197,92,31,8,1637,35,861,456
764,561,193,156,262,1384,444,1511,1969,23,205,6,1214,934,787,195,174,1640,405,1588,861
765,1993,1796,92,35,31,357,1779,8,498,1197,1387,1637,1009,456,74,561,1951,740,1322,117
766,1512,1355,1764,1751,582,1283,1705,1058,1010,1054,1539,1143,711,1775,1749,128,1721,448,1281,1118
767,1214,1995,1541,444,1933,823,1156,861,1581,1973,958,1750,1993,1439,35,357,1937,1404,456,591
768,1624,1692,531,963,434,719,691,1581,1588,31,2034,498,1993,456,357,35,92,958,870,1796
769,14,727,1705,1058,168,93,1355,1281,1961,711,1751,1764,513,1833,1853,1143,582,763,1183,376
770,171,7,2034,1783,799,513,327,1588,410,1869,1581,1712,1206,1440,870,6,99,1350,1937,1781
771,174,1869,561,193,156,262,1384,1511,1969,23,205,6,934,787,195,1640,405,571,1621,798
772,1440,7,6,1621,327,171,1783,1322,799,2034,561,513,1712,1640,1699,1588,958,410,581,1350
773,1937,1350,2054,1588,410,444,174,1541,1933,944,498,1214,1995,1156,1480,74,861,991,92,958
774,168,712,410,1588,1783,799,2034,513,949,43,166,7,1721,171,376,1581,327,1921,1856,1100
775,712,1783,171,43,513,7,799,327,2034,1581,727,1194,1503,1461,684,1958,1665,403,677,1064
776,168,513,7,1621,1640,561,1699,327,171,6,1322,2034,1783,799,1440,852,2037,613,1447,1325
777,1856,1725,1592,871,172,1844,168,2068,621,905,759,1480,1255,128,1898,521,1793,2053,1387,1009
778,1933,1214,357,444,1541,861,1993,498,35,1156,1995,1197,31,1637,8,456,74,1796,92,823
779,1214,444,1541,958,1995,1933,861,357,1796,823,498,1156,1637,74,1197,1993,35,8,456,31
780,1214,444,498,357,1993,1541,1197,823,35,8,1796,1933,456,1995,289,1156,861,958,1637,31
781,1214,444,1197,1541,8,357,1796,823,1995,1018,35,1637,456,74,1993,31,1933,1937,498,1156
782,1018,1937,1684,375,1322,944,561,2054,1133,963,1718,1350,1064,1447,1624,806,677,591,1621,1692
783,1750,1480,375,1684,1018,944,871,991,444,1541,791,1214,2068,1718,823,677,806,357,1993,1156
784,168,1721,249,1111,1789,1022,437,7,541,1200,1910,1869,420,1712,442,1713,712,2013,171,1289
785,1197,35,375,1993,357,1750,1684,8,1541,498,1637,1214,1796,1480,92,944,31,791,444,2068
786,1018,1133,2054,1937,1684,677,1350,375,1322,581,944,174,561,963,1588,1718,1064,1447,1624,806
787,357,8,1197,444,1214,498,456,1541,35,1993,1933,31,74,823,1796,1637,2034,92,1581,861
788,1588,410,2034,799,513,7,171,1783,327,23,934,870,1384,581,156,205,195,1796,1869,99
789,1214,1750,1541,444,1480,1156,1995,1018,375,1684,823,1933,944,2068,1718,791,861,991,806,871
790,1480,944,1750,791,991,2068,871,591,1214,1447,1541,444,1937,759,1898,1156,2054,122,1275,823
791,174,1869,1937,1350,410,205,1511,1588,934,1969,262,405,193,2054,195,156,1384,861,444,1583
792,1993,498,357,444,1214,958,31,1541,1796,35,1637,8,456,823,1933,1197,74,289,1156,561
793,1779,1009,1387,456,1796,498,117,1993,8,740,1951,1197,357,92,74,1637,1018,35,1684,1718
794,2034,327,171,1783,799,7,513,410,1588,852,1009,861,1921,1933,1779,870,444,1097,1781,581
795,444,1541,1214,823,1933,861,1995,1156,1937,174,2054,289,958,1197,8,1350,357,2037,1796,35
796,1993,444,357,958,498,31,8,35,1933,1197,74,289,1541,1214,1796,456,823,1637,1350,92
797,1214,444,1933,1156,823,1541,1995,991,944,1480,1750,791,861,958,871,375,2068,1018,2054,1684
798,1197,1993,1796,357,74,498,1637,8,31,456,35,92,1214,444,1541,1933,1995,823,958,1156
799,357,1197,1214,498,35,92,1541,1796,1993,31,444,8,1637,1156,456,1933,1995,823,1640,1322
800,1624,1692,531,963,434,719,691,174,1588,1869,2034,870,1783,99,444,410,1480,581,1156,1712
801,1933,1214,444,1541,861,1156,1995,823,958,1018,1581,35,498,1796,8,74,1993,92,561,456
802,174,870,1869,1588,581,410,1322,561,1440,1781,6,934,99,1640,23,1621,1969,156,444,1384
803,1937,2054,1350,174,195,262,934,410,205,1588,1511,1969,156,798,571,23,193,1384,944,1480
804,195,1384,934,1796,156,787,1511,74,205,456,262,1969,193,1588,798,357,571,8,92,405
805,444,1541,1214,1933,1995,861,1156,823,174,1937,1581,591,1447,1640,2054,1322,561,1350,581,870
806,1833,727,14,221,93,1396,852,749,1058,1355,1143,1764,1705,711,1381,1010,1118,1281,1775,1539
807,444,1541,1214,1933,1995,861,1156,823,1937,958,2054,2037,1350,174,2013,1588,289,1581,2034,591
808,410,1588,2034,171,799,7,513,327,1783,444,1933,861,1350,1156,1214,823,1541,1937,2037,2013
809,327,7,2034,171,513,1783,799,1621,1640,2037,613,1588,1937,1447,1350,561,2002,591,1509,1440
810,1588,410,861,174,963,2034,1783,327,513,799,171,7,1932,1342,434,444,1046,1933,1624,1144
811,1197,35,1993,357,8,1541,498,1637,1214,1796,92,31,444,456,195,74,1933,823,1995,958
812,168,1721,914,881,715,95,1111,249,903,1762,376,420,171,410,1260,648,541,364,513,1650
813,301,1183,1721,712,403,1958,1923,1272,128,582,711,1703,1058,93,14,1355,1833,1672,1534,575
814,1783,2034,799,7,513,327,1588,171,410,1581,444,581,1322,870,1995,99,174,1640,861,1440
815,1869,1588,444,174,934,23,1322,7,823,1541,1783,156,410,327,2034,1350,561,1214,513,205
816,1214,444,1995,823,1156,1541,1933,861,8,31,92,1133,35,357,1796,1197,21,677,74,498
817,357,1197,498,35,92,1796,1993,31,8,1637,456,1640,1322,561,74,1541,1214,958,6,1621
818,1869,171,1588,1783,2034,513,327,1937,174,7,410,581,861,99,1541,799,1995,1350,1712,1781
819,1750,944,903,1480,791,2068,1933,1214,1018,991,1718,1684,677,1156,1995,444,375,823,806,1541
820,1018,1684,375,1718,1214,1541,1750,74,1995,35,1197,357,1796,1993,806,8,444,31,498,1480
821,1750,1480,944,2068,1214,1541,991,791,1995,195,1156,823,1588,444,861,1933,1447,591,262,410
822,591,1447,1937,995,696,698,1032,68,1640,465,561,475,1384,1511,1350,1023,1046,1066,909,6
823,513,171,327,1783,2034,7,799,1588,410,1937,174,1581,444,2054,1156,1350,1712,861,977,1933
824,168,249,1721,881,1650,171,376,1619,541,579,420,513,7,74,914,442,1712,1397,1783,1118
825,174,1322,591,1447,561,475,1588,804,1869,1712,6,1350,1937,1783,1621,1440,2034,1640,1342,1699
826,1937,2054,174,444,1350,1214,1750,944,861,1480,1156,1541,525,991,1995,1692,2068,823,1018,1869
827,357,1993,498,35,1197,444,31,1637,92,8,1214,456,74,1796,1541,1933,823,958,1156,861
828,1750,375,1018,1480,944,1718,1684,903,806,2068,871,791,991,677,1194,1214,1064,1156,1592,2065
829,168,1721,914,1111,1789,1022,903,7,171,715,881,410,1260,249,648,420,364,712,513,442
830,1993,1796,92,35,31,357,1779,8,498,1197,1387,1637,1009,456,74,561,1951,740,1322,117
831,1624,1692,531,963,434,719,691,1588,2034,870,1783,1480,99,444,410,581,1156,1712,1869,1214
832,31,1993,357,498,35,8,92,456,1796,1197,444,74,1637,1214,1541,1933,823,958,1156,861
833,799,7,327,268,1783,2034,513,171,1322,1588,561,1869,1640,1440,1350,205,6,1621,934,787
834,513,171,327,7,2034,799,1588,1783,410,444,861,174,1581,823,1156,1869,1214,1322,1933,1541
835,727,1833,14,221,93,1396,852,749,1923,711,1058,1775,1281,1143,1539,1703,1749,1705,1010,1764
836,727,1833,221,14,93,1396,852,749,1058,1703,1764,1355,1751,1923,1183,712,1705,1749,1281,1143
837,1541,1214,444,1933,823,1995,1156,861,1581,456,958,74,1993,1197,35,92,498,1973,8,357
838,1541,1214,444,1995,1933,861,823,958,1156,498,1993,456,74,1581,35,1197,289,1796,357,8
839,1783,513,7,799,327,2034,171,2037,1712,1322,6,1973,2013,861,1206,1933,613,44,1447,1588
840,1640,561,6,1447,1440,1699,1621,1322,2054,7,958,591,2034,1937,1588,171,1350,697,1712,410
841,944,1750,791,1480,991,871,2068,2065,1035,1219,1275,591,729,1592,1898,528,621,172,594,1851
842,1355,1512,1283,1764,582,1751,1058,1054,1705,1010,414,712,43,448,1149,1118,1143,1806,1381,711
843,727,14,1833,221,93,1396,852,749,1672,621,1703,1118,1058,1529,1775,122,1557,2043,1000,1534
844,31,1993,498,35,357,8,92,456,1796,1197,74,1637,1581,1541,444,289,958,1933,44,2037
845,1652,2012,1770,1522,888,942,1488,1276,990,236,378,846,498,1197,35,357,1796,92,74,8
846,1214,991,1480,174,1541,1156,944,444,2068,1581,1995,1750,1933,861,823,791,799,7,327,1937
847,444,1156,861,799,823,1937,513,171,1350,1541,1995,174,2054,7,1869,327,1588,2034,1214,1933
848,1197,35,1993,357,8,1541,498,1637,1214,1796,92,31,444,456,195,74,1933,823,1995,958
849,174,1937,1350,289,2054,410,1588,1640,444,561,2013,2037,1581,1621,7,1440,1322,1699,581,6
850,677,1652,1975,1276,410,513,1588,1194,799,949,1921,7,327,1427,525,888,1336,1783,1133,1272
851,944,1480,1750,991,2068,791,871,1214,1995,1156,861,444,823,591,1541,174,1447,1933,1937,1869
852,444,1937,1350,2054,1214,171,1588,2034,1541,823,7,1156,958,513,561,1933,799,1322,174,1995
853,513,7,327,171,14,2034,1783,799,727,1705,1058,1355,1281,2037,711,1751,613,1764,1447,1853
854,1588,289,498,357,1993,35,1796,31,1197,410,8,456,1637,74,958,92,2034,799,2037,44
855,174,1869,561,193,156,262,1937,1384,1511,1350,1969,23,205,6,934,787,195,1640,410,405
856,444,1541,1214,823,861,1933,1995,1156,1937,2054,1350,289,958,2037,456,1993,174,1581,561,35
857,444,1541,1214,823,861,289,1933,1995,1156,498,357,1993,35,1796,1937,31,1197,2054,1350,8
858,1214,444,1541,823,1995,1156,1933,861,1937,1750,1581,2054,1480,1973,2068,289,958,1439,991,2013
859,289,498,357,2037,1993,35,1796,444,31,1214,1541,1197,823,8,456,1637,74,958,1933,1995
860,1588,410,2034,799,513,7,171,1783,1322,327,561,23,1640,6,934,870,1384,581,1440,156
861,174,1869,1440,561,6,1621,1640,870,1322,1588,410,581,1699,1781,934,99,1969,23,1384,2034
862,1018,1214,444,823,1718,1750,375,1684,1156,1480,1933,944,1541,2068,1995,806,1064,791,861,871
863,934,1511,262,205,1384,156,193,195,1969,23,571,174,1869,798,794,1783,513,327,1022,787
864,444,1541,1214,823,357,1993,1156,35,861,498,456,1197,1995,74,1933,31,92,1796,8,1637
865,1783,2034,799,7,513,327,1588,171,561,1440,410,1322,6,1640,1621,1699,1581,958,444,581
866,1833,727,14,93,221,1396,749,852,301,711,1703,1529,1665,903,1775,1058,230,1000,1750,1718
867,168,914,903,376,1750,420,871,1111,991,1721,1712,791,93,1480,249,1351,1022,1252,442,963
868,1718,1684,1018,1750,1480,375,806,991,871,944,1064,791,2068,2054,1133,677,1937,1692,378,2065
869,444,1350,289,1214,2054,1541,2013,823,1933,958,1937,1993,861,1156,2037,1995,35,498,74,357
870,1993,444,357,958,498,31,8,35,1933,1197,74,289,1541,1214,1796,456,823,1637,1350,92
871,1018,1684,375,1718,1214,1750,806,1541,444,1480,903,2068,1156,1064,1995,944,823,1933,677,791
872,727,1833,14,221,93,852,1396,749,1703,301,1355,711,1143,1856,1725,1749,1665,1961,903,1058
873,357,1197,498,35,92,1796,1993,31,8,1637,456,1640,1322,561,74,1541,1214,958,6,1621
874,444,1937,1350,2054,1541,561,289,1214,171,823,1588,2034,1933,1322,958,7,1156,1640,513,799
875,1214,444,498,357,1993,1541,1197,823,35,8,1796,1933,456,1995,289,1156,861,958,1637,31
876,1779,1009,1951,1387,740,117,357,1197,498,35,92,1796,1993,31,8,1637,456,1640,1322,561
877,1783,2034,444,7,327,513,171,799,1588,410,1581,861,1322,1541,561,1440,1995,1933,1350,1699
878,1783,513,2034,327,7,799,171,561,1640,6,1322,1440,1621,1699,1937,591,1588,1350,1712,1447
879,1018,375,1684,444,1541,1718,806,1214,823,357,1993,677,1064,1156,35,861,498,1133,456,1197
880,444,1214,861,1541,1156,1995,823,1933,1937,195,1511,934,23,1969,2034,2054,7,1384,205,798
881,168,1721,1111,376,1577,249,881,1183,541,1923,1650,1740,420,963,1583,787,1585,1705,1289,914
882,498,1197,35,357,1796,92,74,8,375,456,1637,1993,31,1018,1684,1718,806,1064,958,1214
883,444,1322,561,823,1214,1541,1447,861,1640,1933,1440,1156,1937,591,1350,1995,1621,174,958,6
884,1993,444,357,958,498,31,8,35,1933,1197,74,289,1541,1214,1796,456,823,1637,1350,92
885,1197,35,1993,357,8,1541,498,1637,1214,1796,92,31,444,456,195,74,1933,823,1995,958
886,375,1018,1684,1718,444,806,1064,1541,1156,1995,861,1214,1933,1750,823,1480,903,991,944,871
887,1214,31,498,357,8,35,1993,1541,74,1796,1197,1684,823,92,1156,456,1718,444,1933,1995
888,357,1197,498,35,92,1796,1993,31,561,1322,8,1640,1637,1621,456,6,74,1541,1214,958
889,1588,444,2034,1214,1156,410,1541,799,168,861,1995,1933,1937,823,1783,7,327,513,174,171
890,444,1581,1937,1541,1156,2054,1350,1588,1214,410,861,1783,823,7,1995,327,174,2034,799,581
891,1783,2034,171,7,513,327,799,1937,410,1350,1581,697,1588,2054,364,174,1440,1973,561,870
892,444,1937,1541,1588,1214,823,934,2054,861,1156,1933,870,1350,195,156,561,262,205,1322,193
893,944,791,591,2068,1480,1447,1750,871,991,1937,227,1322,1214,2054,444,1995,1541,561,861,942
894,327,1783,2034,799,7,513,410,171,1588,870,205,156,23,1511,934,195,1969,581,1973,1581
895,444,1541,1214,823,357,1993,1156,35,861,498,456,1197,1995,74,1933,31,92,1796,8,1637
896,561,1322,6,1621,1699,1640,1783,1440,2034,7,799,327,171,1588,513,410,870,1781,581,99
897,1937,1588,410,2054,1541,1350,444,1447,7,1322,561,1640,513,2034,1783,870,861,823,799,1156
898,1783,513,171,2034,1588,327,799,7,1937,1869,174,410,581,861,99,1541,1995,1350,1712,1781
899,1750,944,1684,1018,1718,1480,375,1214,1541,444,791,1933,2068,991,1156,823,903,871,1995,806
900,195,934,1969,794,262,193,156,1511,798,1384,23,1779,571,2037,205,1951,1447,44,171,581
901,1197,35,1993,357,8,1541,498,1214,1637,1796,92,31,444,456,1995,823,195,74,861,1933
902,1779,1009,1951,1387,740,117,1480,1684,375,1018,92,944,8,791,1750,2068,806,942,35,498
903,1833,727,14,93,221,1396,749,852,1058,1703,711,1764,1529,1775,1705,1143,1355,1534,301,65
904,1214,444,958,1933,1541,823,1995,1156,357,1018,498,1937,861,35,1684,31,1796,375,1322,1197
905,1214,444,1541,1156,1995,861,1933,823,1624,1588,1581,963,1018,1937,1692,2034,1064,1480,719,434
906,444,1541,1018,1214,1684,823,1750,375,1718,357,903,1993,1156,35,861,498,677,1480,456,1197
907,8,1993,357,1197,92,1214,498,1796,456,35,31,1541,74,1637,444,1350,1779,1933,2054,1156
908,727,1833,14,221,93,1396,852,749,1529,912,1557,1534,575,1873,474,1183,274,65,1520,731
909,168,171,1721,7,513,1783,914,99,881,870,420,903,715,410,327,1260,249,648,2034,1781
910,1588,1937,1350,2054,410,870,174,581,444,1541,799,1781,958,327,99,2034,1973,1712,513,1581
911,991,1480,1750,944,871,2068,791,581,870,1781,1156,1214,99,444,375,1937,1541,1995,1684,861
912,958,861,1541,498,1995,1214,1933,444,823,1993,456,1581,1796,35,1156,8,1197,74,357,2034
913,1197,35,1993,357,8,1541,498,1637,1214,1796,92,31,444,456,1937,1350,171,1588,195,513
914,2034,799,513,171,1588,7,327,410,1783,861,1937,444,174,870,1214,1156,1541,1350,1322,581
915,444,1937,1541,1588,1214,823,2054,861,1156,1933,870,1350,561,1322,1581,99,581,410,1995,958
916,1833,727,14,221,93,852,1396,749,1529,912,1557,1534,575,1873,474,1183,274,65,1520,731
917,327,1783,2034,799,7,513,171,1973,1581,410,561,1588,6,1621,1440,1856,958,1322,1725,2037
918,444,1541,1214,1937,1933,1156,1581,823,2054,1588,1995,1350,861,410,174,1869,1056,357,561,171
919,1783,171,7,2034,327,513,799,1588,410,1581,174,1869,1933,444,823,861,1440,1214,561,1995
920,357,1197,498,35,92,1796,1993,31,1750,8,1637,456,944,1640,903,1322,1480,561,791,74
921,174,1869,1937,1350,2054,697,581,944,991,1588,1969,1750,791,1480,870,410,1447,2068,861,934
922,168,1721,7,434,1783,420,881,715,95,1200,171,513,1111,249,1762,376,227,442,1624,1910
923,944,791,591,2068,1480,1447,1750,871,991,1937,227,1322,2054,561,942,1692,870,823,691,1624
924,1588,174,870,1869,581,410,2034,1322,561,1440,1781,6,934,99,799,1640,23,1969,156,444
925,1541,1214,444,1995,823,1156,861,1933,799,1937,513,171,1350,591,174,2054,7,1869,327,1588
926,498,1197,8,74,1796,35,1624,1692,357,1993,456,31,434,691,963,1637,92,531,719,958
927,991,1480,1750,944,871,2068,791,581,870,1781,1156,1214,99,444,375,1937,1541,1995,1684,861
928,1718,1684,1018,375,806,1214,944,991,1750,1064,1480,174,1541,1156,444,2068,1581,1995,1933,861
929,2034,799,513,171,1588,7,327,410,1783,861,1937,727,444,174,870,1214,1156,1541,1350,1322
930,14,727,1833,93,221,1396,749,852,1703,711,1143,1058,1961,1381,1856,1764,763,1749,301,1111
931,1214,1541,444,823,1156,1995,1933,861,2054,1350,1937,1581,1712,174,1197,1588,2013,195,1447,410
932,1779,1009,1951,1387,740,117,8,1993,357,1197,92,498,1796,456,35,31,74,1637,444,1350
933,444,1581,1937,1541,1156,2054,1350,1588,1214,410,861,823,1995,174,581,1933,870,1869,289,561
934,357,1993,498,35,1197,444,8,31,1637,1214,456,74,1796,1541,92,1933,823,958,1156,861
935,1588,410,444,1214,861,1156,174,870,1933,1995,2034,1937,1541,513,799,327,823,7,561,991
936,444,1541,1214,823,1933,861,1995,1156,357,1993,498,35,1937,1197,174,2054,31,289,958,1637
937,727,1833,14,221,93,1396,749,852,301,1058,711,712,230,117,1703,1143,1665,1961,1649,274
938,1197,1541,35,1214,1993,357,444,1995,8,498,823,1637,1796,92,1156,31,861,456,195,74
939,444,1541,1214,823,1993,357,1156,35,861,498,1197,456,92,1995,74,1933,31,1796,8,1637
940,168,171,7,1783,1721,513,799,327,420,249,2034,715,1764,376,914,1058,410,1010,1712,166
941,444,561,1214,1541,1322,823,2037,1933,958,1640,861,1156,1621,6,174,1995,1440,2054,289,1699
942,513,2054,1783,2034,327,1350,799,7,171,444,1937,1214,1588,1541,861,1933,1156,823,1581,410
943,1993,498,357,444,958,31,1214,1796,35,1637,8,456,1541,823,1933,1197,74,289,561,861
944,1197,456,444,357,1933,8,1214,1993,498,861,1796,1937,958,1541,74,35,1350,1588,1637,92
945,1592,172,1214,759,905,2043,839,1898,621,1844,1035,1793,729,1219,1108,528,594,679,1851,1800
946,168,1721,249,582,1705,1022,1512,1583,914,787,1355,1118,1764,171,1619,513,1650,1010,1762,420
947,1197,35,1993,357,8,1541,498,1637,1214,1796,92,31,444,456,195,74,1933,823,1995,958
948,8,1993,357,1197,92,498,1796,456,35,31,74,1637,444,1350,1214,1779,1541,823,2054,1995
949,174,1937,1350,289,2054,410,1588,1640,444,561,2013,2037,1581,1621,7,1440,1322,1699,581,6
950,168,1721,727,93,249,14,1961,582,513,1833,1705,763,1022,1183,43,403,1512,364,712,1649
951,1783,513,2034,327,7,799,171,195,934,1969,561,794,1640,262,6,1322,193,156,1440,1511
952,1480,991,2034,871,944,2068,591,1783,791,327,1937,1447,1750,7,171,1588,513,410,1322,799
953,1937,1350,2054,444,1588,823,1214,1541,2037,289,861,410,958,1933,2034,1156,799,171,1640,1581
954,174,1937,1350,2054,1869,581,944,991,1588,1750,791,1480,410,1447,870,2068,861,871,99,1156
955,357,8,1197,444,1214,498,456,1541,35,1993,1933,31,74,823,1796,1637,92,861,1995,1937
956,1197,35,1993,357,8,1541,498,1637,1214,1796,92,31,444,456,195,74,1933,823,1995,958
957,944,1480,1750,791,991,871,2068,357,1993,498,35,1197,444,31,1637,591,1592,2065,8,1214
958,289,498,357,1993,35,1796,31,1197,8,444,456,1637,74,958,1214,92,1541,2037,1933,823
959,1214,1993,456,1541,498,35,357,1933,74,1197,92,1637,8,1995,823,1796,444,861,31,958
960,561,1322,6,1621,1699,1640,1783,1440,7,799,327,171,1588,2034,513,1856,1725,403,410,440
961,513,171,327,1783,2034,7,799,444,1588,823,958,1156,1933,1541,1350,174,861,1214,1995,1937
962,171,1783,1588,2034,7,513,861,1214,444,327,410,1933,1541,799,1156,1937,1350,1995,1581,823
963,991,944,1588,410,1480,791,870,1750,934,174,871,581,1937,2068,1781,99,444,861,977,1214
964,1214,444,958,1933,1541,823,1995,1156,357,498,861,35,31,1796,1197,92,8,1993,2037,561
965,1588,410,1751,7,513,2034,1512,21,1783,870,1355,799,1927,581,1010,861,1283,171,1492,1541
966,1018,375,1684,1750,1480,1718,806,903,791,2068,991,677,1064,944,1133,871,1592,2065,729,679
967,475,1588,1342,804,934,524,995,195,1511,1046,1586,581,1932,410,916,1066,2059,2037,1567,1284
968,1856,1725,1061,677,1133,1697,1492,995,357,698,916,1592,1342,289,1993,871,475,1284,1814,31
969,2034,1588,799,410,327,1783,513,171,1581,7,581,174,1869,1781,444,861,1350,99,1937,2037
970,410,1588,2034,1783,799,327,444,171,7,1933,513,861,1350,1156,1214,823,1541,1937,2037,2013
971,934,870,561,1322,1588,410,6,156,205,1640,1937,1781,1621,195,591,581,1699,1447,1440,262
972,1779,1387,1951,740,1009,1993,117,1197,35,498,92,357,456,31,8,1796,74,1637,1541,1214
973,1750,944,1480,1214,1995,1156,991,791,861,444,823,2068,871,1541,1933,958,870,99,1781,1588
974,1480,1750,944,791,991,2068,871,1937,1322,2013,1156,591,861,1588,410,2054,174,1447,1350,561
975,1779,1009,1387,375,117,740,1951,1018,1684,1718,806,1064,1480,1750,903,92,944,991,8,791
976,1440,7,6,1621,327,171,1783,1322,799,2034,561,513,1712,1640,1699,475,1588,1342,804,934
977,444,1581,561,6,1621,1640,513,1322,1541,1440,823,327,1214,591,1447,1995,174,2034,7,1933
978,1440,7,6,1621,327,171,1783,1322,799,2034,561,513,1712,1640,1699,1588,410,958,581,1350
979,1779,1009,1387,117,740,1951,1214,1541,444,1933,1156,1995,823,1480,861,1684,375,1018,92,944
980,1652,2012,1770,1522,888,942,1488,1276,944,990,236,791,591,378,2068,1480,1447,846,1750,871
981,301,1721,1183,712,1272,1577,1058,128,14,1672,1286,1534,582,1958,1649,474,168,403,575,1923
982,444,1541,1156,861,1995,823,174,561,1699,1869,1322,6,1214,1933,1440,1581,1350,1937,2034,7
983,1933,1214,444,1541,861,1156,1995,823,958,1018,1581,35,498,1796,8,74,1993,92,561,456
984,1214,444,1541,1156,1995,823,1933,357,1993,74,1796,498,289,1197,35,958,92,31,8,861
985,1214,444,1993,498,357,1796,92,35,1541,31,1197,1779,823,8,1387,1637,1933,456,1995,289
986,727,14,1833,221,93,1396,852,749,1529,1703,1557,912,1058,1672,65,575,1534,819,1512,1520
987,727,1833,14,221,93,1396,852,749,1703,1058,1557,1355,1529,819,1512,1520,1775,1143,1751,711
988,1541,1214,444,1933,823,1995,861,1018,1156,1937,1684,375,1322,944,561,2054,1133,963,1718,1350
989,1588,174,1869,410,205,1581,1511,934,1969,262,405,193,195,156,1384,1783,2034,787,1583,561
990,289,357,1197,498,35,92,2037,1796,1993,31,8,1637,958,444,456,1640,1322,1933,561,44
991,357,1197,1796,31,1993,35,498,456,92,1637,8,74,444,1541,823,1214,1995,561,1933,861
992,174,357,870,1197,498,35,92,1869,1796,1993,31,1588,8,581,1637,456,410,1640,1322,561
993,1480,944,1750,1937,791,2068,991,1350,1214,2054,1447,1581,444,871,1995,861,1933,1541,591,823
994,8,1993,357,1197,92,498,1796,456,35,31,74,1637,444,1581,1350,1214,561,1779,2054,1937
995,14,727,1833,221,93,1396,749,852,1703,711,1143,1058,1961,1381,1856,1764,1355,763,1749,1111
996,1652,1770,1522,236,1488,378,2012,888,1276,990,1718,942,846,375,1684,1018,944,1480,1750,2068
997,1214,1993,1541,1197,35,1995,498,357,92,444,456,31,8,1796,74,823,1933,1156,861,1637
998,1869,1783,168,513,327,171,7,174,1308,116,613,799,2013,790,323,2034,1588,1712,1350,525
999,375,691,1447,1624,963,591,1197,1018,1684,1692,719,1718,1637,1064,434,498,456,1796,531,1993
