0,1833,221,727,14,93,1396,852,749,95,1923,881,1775,712,1721,609,43,1649,1749,1961,1192
1,861,1541,1156,1995,1933,823,1214,444,35,1637,591,958,498,1197,31,99,8,456,1652,357
2,1009,740,357,35,8,92,117,1387,861,1951,289,456,1779,1796,1197,1933,31,1214,1156,1541
3,1058,1010,1512,1751,1054,1355,1764,1283,582,1705,1806,1149,448,414,1143,1396,1118,670,712,819
4,168,364,1883,1703,1954,1913,738,95,1876,1910,1476,1664,1461,117,1779,807,1330,1289,1391,1585
5,1156,1064,1522,1652,1995,1933,375,823,1718,1404,861,1684,806,1214,1541,846,1439,1018,990,1973
6,301,1721,1183,1405,95,1534,1800,912,1289,1664,881,738,1108,575,819,1512,1971,1923,440,670
7,1833,727,221,14,93,1396,749,852,1923,1775,95,881,712,1649,1721,128,43,1749,1381,1539
8,14,727,1833,221,1396,93,852,749,1923,95,1775,881,1749,1539,43,1281,337,1703,128,1764
9,8,1796,456,74,1993,31,35,1637,92,357,1197,498,958,1156,1933,1995,861,289,1214,2037
10,1009,740,117,1387,1951,1779,1439,1522,1404,1684,998,806,92,145,1993,977,2053,1064,253,456
11,1149,414,448,1806,1355,1058,1762,1910,1211,1281,1512,1118,1476,1054,1381,1764,168,1289,602,891
12,1833,727,221,14,1396,93,749,852,1923,128,1775,95,1749,1721,1010,881,712,763,1281,1539
13,1009,740,35,117,1387,357,1951,456,1779,92,1197,8,1796,958,74,1439,1637,31,498,1993
14,1721,301,1183,95,1800,819,727,1534,1108,1923,912,440,575,403,2025,1101,712,738,14,1405
15,14,1833,727,221,1396,93,749,852,95,1923,128,881,1749,546,1650,1010,1539,1405,1775,912
16,861,1541,1156,1214,1995,1933,823,444,35,591,31,1637,958,1796,456,1581,1447,174,871,357
17,35,31,357,8,1796,1637,456,74,1993,92,498,1197,958,2037,44,861,289,823,1581,1214
18,1796,35,8,74,456,31,357,1637,498,92,1993,1197,958,1156,1933,1995,861,289,1214,2037
19,1064,375,1018,1718,806,1684,871,1133,677,35,944,31,227,791,456,1480,991,1993,2012,236
20,301,1721,1183,95,1405,1534,1800,727,274,1283,1971,1923,912,440,575,881,278,712,403,1108
21,1721,301,1183,95,14,299,1534,1923,265,440,609,718,2025,727,221,1101,712,949,274,166
22,221,1833,14,727,93,1396,749,852,1923,95,881,1775,763,1721,128,1961,43,1649,1749,1539
23,727,14,1833,221,1396,93,749,852,1923,95,128,881,1749,1650,1010,1539,1775,832,1143,1118
24,14,1833,727,221,1396,93,852,749,95,1923,881,128,1749,1721,1649,1539,1775,1650,832,43
25,14,1833,727,221,93,1396,749,852,1923,128,95,1775,881,1749,1703,1539,1281,43,763,1764
26,8,1796,1993,456,74,31,35,1637,92,357,1197,498,2037,1440,444,958,6,1933,561,1541
27,14,1833,727,221,1396,93,852,749,95,1923,881,128,1749,1010,1539,1775,1650,1118,832,1143
28,456,498,1197,74,357,1993,92,8,1796,31,35,1637,958,44,2037,289,823,1933,861,1214
29,1009,740,117,1387,1951,1779,1439,1522,1652,1404,846,1973,1276,2012,942,253,1194,378,92,1993
30,14,1833,727,221,1396,93,852,749,95,881,128,1749,1923,1010,1539,1775,1118,1192,43,1703
31,1833,221,727,14,93,1396,749,852,1923,1775,95,881,712,128,43,1749,1381,763,1721,376
32,35,31,8,1796,357,74,1637,92,498,456,1993,1197,958,44,2037,861,289,1581,823,1214
33,1058,1054,1751,1355,1512,582,1010,1764,1283,1705,1143,1118,128,1725,448,1749,711,414,1539,1856
34,1833,14,221,727,93,1396,749,852,1923,95,881,1775,1721,128,43,1649,1749,1381,376,1539
35,1058,1355,1010,1751,1512,1764,1283,1054,1705,582,1149,1143,1118,1749,711,1806,1775,414,1539,448
36,861,1933,1541,1214,1995,444,823,1156,35,591,958,1581,1637,1796,498,1447,31,8,871,944
37,1833,727,93,14,221,1396,749,852,1923,546,95,1749,881,1721,1010,1539,1775,1649,1118,128
38,1721,301,1183,95,1800,1405,546,881,727,912,1534,403,575,440,1923,712,1101,1108,299,819
39,8,1796,456,74,1993,31,35,1637,92,357,1197,498,2037,444,958,1933,1541,289,44,1156
40,1058,1010,1751,1512,1355,1764,1283,1054,582,1705,1149,1143,1118,1749,711,1806,414,448,819,1725
41,168,364,403,1958,1883,1476,1289,1330,1910,1913,1703,1461,1499,448,1585,1241,1954,896,1779,1391
42,2037,1933,1541,1156,44,444,861,1214,823,958,1440,1995,6,1581,1699,2013,1322,289,1781,561
43,301,1721,1183,95,1923,14,1971,1534,278,1512,1101,609,440,712,727,221,960,738,1396,1289
44,168,364,1958,403,1461,738,1703,1910,1954,609,1664,1876,1585,896,442,1725,1650,1499,448,1289
45,958,1637,1993,357,456,35,31,1796,74,8,92,1197,861,498,1541,1995,1156,1933,444,1214
46,168,1779,1009,1387,364,1461,117,1330,1883,1703,95,1910,105,738,1499,1241,1725,820,616,1951
47,1058,1010,1751,1512,1355,1764,1283,1054,582,1705,1149,1806,414,448,1143,1118,1749,711,819,128
48,301,1721,1183,95,278,727,1534,403,440,1923,1101,712,299,819,14,1283,109,646,1800,881
49,35,31,1637,74,1796,456,8,357,1993,92,498,1197,958,289,2037,44,1933,1156,861,1581
50,1058,1010,1751,1512,1355,1764,1283,1054,582,1705,1149,1143,1118,1749,711,1806,414,448,819,1725
51,1833,221,727,14,93,1396,749,852,1923,1775,1539,1749,95,1281,1010,881,712,1381,1721,546
52,117,1009,1951,1387,1779,740,1439,1522,1404,977,1692,998,2053,531,92,1993,1585,1064,253,733
53,1833,14,727,221,1396,93,852,749,1923,95,881,1749,1010,1539,1775,128,1512,1721,1650,832
54,168,1461,364,1883,1499,616,1958,1585,1954,896,1476,820,1817,1211,609,1910,1973,1289,738,1241
55,1833,221,727,14,1396,93,852,749,1923,1775,95,881,1749,1539,43,1281,337,128,1703,1764
56,35,31,8,1796,357,1637,456,74,1993,92,498,1197,958,2037,44,861,289,823,1581,1214
57,727,14,1833,221,1396,93,852,749,1923,95,881,128,1749,1650,1539,1775,832,546,43,364
58,168,364,1958,448,1355,1751,95,1883,807,1461,1775,1289,38,1703,1010,1954,403,1938,1585,738
59,1064,1133,375,806,677,1684,1718,35,1018,888,31,1796,1995,236,1439,1276,444,227,1194,823
60,301,1721,1183,727,95,1923,14,1833,1534,403,1101,1396,609,440,278,43,221,712,819,1585
61,168,364,1461,1289,1703,1958,1954,1883,1913,817,1539,671,1381,1938,1865,403,1585,483,1241,253
62,168,403,1958,364,1883,1476,1703,616,95,1954,1499,43,1381,1461,711,1910,1330,1913,738,1585
63,14,1833,727,93,221,1396,749,852,1923,95,128,881,1749,1650,1010,1873,1539,1775,912,1054
64,1833,221,727,14,93,1396,749,852,1923,1775,95,881,712,128,43,1749,1381,763,1721,376
65,168,364,609,1461,1913,738,95,1585,1883,1703,1954,440,1391,1910,852,1664,1289,1017,403,483
66,168,364,1476,95,1703,1211,414,1954,1817,448,1461,1585,807,1241,1289,852,1330,1883,403,1876
67,871,944,1652,861,888,2068,378,1750,1156,1995,375,1194,1522,1214,591,236,1276,990,791,1480
68,168,738,364,1289,1958,1476,448,1461,1703,1910,95,1954,1010,1821,1387,1211,440,1775,1499,1355
69,727,14,1833,221,1396,93,749,852,1923,95,128,881,1749,1775,43,1539,1664,1764,763,546
70,301,1721,1183,95,299,1800,1405,440,278,1534,1971,1923,912,575,881,712,727,1108,1101,819
71,1721,301,1183,95,727,1923,14,1534,1101,609,440,712,2025,221,265,718,646,1396,432,278
72,1833,221,14,727,1396,93,852,749,95,1010,881,128,712,1749,1775,1923,1764,43,1512,1539
73,1833,727,221,14,93,1396,749,852,1923,1775,95,1749,881,1721,1281,1539,43,1649,1703,128
74,1541,1156,1933,861,1995,823,1214,444,35,591,1637,958,1581,1796,498,31,357,8,456,74
75,958,1214,1869,1156,1581,861,1933,44,1995,2037,823,1541,1781,99,1637,444,525,174,1097,289
76,861,1156,1995,1933,1541,1214,823,444,35,1637,1796,1197,591,456,31,498,357,1581,92,8
77,1995,1156,1541,1933,861,444,823,1214,35,591,1637,498,1796,1197,357,31,456,8,958,1581
78,1833,14,727,221,1396,93,852,749,1923,95,1721,881,1749,1539,1775,128,1650,364,832,43
79,1009,740,117,1387,1951,1779,958,1439,1995,1404,2013,6,44,561,1640,35,1214,1522,237,1440
80,301,1721,1183,95,1800,1405,881,727,912,1534,403,575,440,1283,1971,1923,278,712,1101,1108
81,1833,14,221,727,93,1396,749,852,1923,95,43,881,712,1775,128,1749,1192,1721,546,1539
82,1833,14,221,727,93,1396,749,852,1923,95,881,1775,1721,128,43,1649,1749,546,1539,763
83,1581,1933,1541,1214,861,1156,444,958,99,823,591,1995,289,44,1439,2037,1404,713,1781,1869
84,1833,221,14,727,1396,93,749,852,95,1923,881,43,712,1775,128,1749,1381,763,1539,546
85,861,1541,1995,1933,1156,823,444,1214,591,958,944,35,31,1447,99,1581,1637,791,2068,871
86,221,1833,727,14,93,1396,852,749,1775,95,1923,881,1721,128,1961,1649,43,1749,763,376
87,1951,1973,1779,2053,117,1439,1387,977,1581,846,1713,77,740,930,1672,1551,1883,914,2006,200
88,1833,14,221,727,93,1396,852,749,1923,95,881,1749,1775,1721,43,1649,1539,128,1764,832
89,1833,221,727,14,1396,93,749,852,1923,1749,1775,95,1281,1010,546,881,712,1539,1703,43
90,301,1721,1183,95,299,738,440,1512,1534,1923,278,2025,712,727,1101,14,1188,483,881,715
91,14,1833,727,221,1396,93,852,749,1923,95,43,881,712,1775,1749,1381,128,763,609,1539
92,1058,1010,1751,1512,1355,1764,1054,1283,582,1705,1806,1149,448,414,1143,1118,819,128,1725,1396
93,1833,14,727,221,1396,93,852,749,1923,1721,95,881,1749,609,1010,1539,1775,128,1192,1650
94,168,364,403,483,1958,609,1289,1703,738,255,1391,1461,1865,440,1883,1664,448,230,1499,1017
95,1064,1133,375,806,861,677,1684,1718,35,1156,1995,1214,591,888,1018,1541,31,1522,1796,1447
96,1833,727,14,93,221,1396,749,852,1923,128,95,1749,1721,881,1649,1539,1775,376,1873,546
97,1009,740,117,1387,1951,1779,1439,1522,1652,1404,914,846,1973,1276,2012,942,77,1194,378,92
98,168,1883,364,1381,1461,1913,1289,95,1910,1703,1476,1938,117,1330,1779,38,738,403,1539,671
99,1833,727,221,14,93,1396,749,852,1923,128,95,1749,1010,881,1775,712,440,1703,43,1539
100,14,1833,727,221,1396,93,852,749,1923,1010,95,881,43,1749,712,1775,1764,1539,1703,128
101,301,1721,1183,95,1534,1800,1664,738,727,1108,819,1512,440,1971,1923,912,575,278,403,528
102,168,364,1461,1585,1703,1883,1381,1499,1391,1539,1779,807,896,1954,1958,1476,1910,117,1289,253
103,1833,727,221,14,93,1396,852,749,128,95,1721,1749,1923,1010,881,1775,712,43,1539,1649
104,1833,14,727,93,221,1396,852,749,95,1192,881,1923,609,1721,1649,364,1749,1775,128,546
105,1796,35,8,74,456,31,357,1637,498,92,1993,1197,958,861,289,2037,1214,1156,1933,444
106,1010,1058,1512,1751,1054,1355,1764,1283,582,1705,1149,1749,1143,1118,711,1806,1396,414,448,819
107,168,364,403,1703,609,1958,1883,1751,448,807,1461,1950,1954,738,440,38,105,1938,1355,1664
108,301,1721,1183,95,1534,738,1800,1664,14,1923,1108,1971,609,819,1396,1512,440,912,575,278
109,8,1796,456,74,1993,31,35,1637,92,357,1197,498,958,1156,1541,591,1933,1995,861,289
110,35,31,1796,456,8,357,1637,1993,74,1197,92,498,2037,44,444,958,1933,1541,289,1156
111,14,1833,727,221,1396,93,749,852,1923,95,1775,128,881,1749,1539,1281,1650,43,1856,1764
112,14,1833,727,221,1396,93,852,749,1923,712,95,881,1721,43,1775,1764,1749,1010,364,609
113,1156,1933,861,1995,1214,444,823,1541,1796,591,35,357,1637,1581,31,958,456,8,1993,1197
114,1064,1133,375,806,677,1684,1718,944,871,1480,1018,1995,2068,531,31,8,1796,1447,691,1194
115,1064,375,1133,1018,806,1684,1718,677,35,888,31,1796,1995,236,1276,444,227,1194,823,1770
116,8,1796,456,74,1993,31,35,1637,92,357,1197,498,2037,444,958,1541,1933,289,44,1156
117,1869,958,861,44,823,1541,1156,1995,99,1637,1214,1581,2037,525,174,289,92,713,35,870
118,1833,727,93,14,221,1396,852,749,1721,128,95,1749,1923,881,1010,1539,1775,1649,1512,376
119,861,1933,1995,1541,1156,444,1214,823,591,1581,1447,958,31,1796,99,456,35,289,1439,357
120,1833,727,14,221,1396,93,749,852,1923,128,95,1721,1749,881,1649,1010,1539,1775,1118,1143
121,1058,1355,1010,1751,1512,1764,1054,1283,582,1705,1149,1143,1118,1806,414,448,819,1725,1775,1539
122,35,31,8,1796,357,1637,74,92,456,1993,498,1197,958,44,2037,6,1541,823,1440,1699
123,861,1541,1156,1214,1995,1933,823,444,35,591,456,31,1796,1637,958,8,1447,357,1581,871
124,1064,1133,375,806,861,677,1684,1718,35,1156,1995,1214,591,888,1018,1541,31,1522,1796,1447
125,168,1883,364,1910,1476,738,1913,1703,95,1461,1664,117,483,1779,1585,1973,1954,1330,1289,1391
126,8,1796,456,74,1993,31,35,1637,92,357,1197,498,958,6,1541,1640,1440,561,1699,861
127,1064,375,1018,1718,806,1684,1133,677,944,871,691,1480,1995,2068,31,8,1796,1194,18,1156
128,1833,727,14,221,93,1396,749,852,1923,95,1749,881,1721,1649,1010,1539,1775,440,128,255
129,117,1009,1951,1387,1779,740,1439,1522,1404,1692,998,2053,531,92,1993,977,253,153,1064,733
130,991,791,1480,944,2068,1750,871,1652,846,888,1541,1156,236,1488,1214,444,1995,1933,990,942
131,958,1637,35,8,74,357,456,31,1993,1796,92,1197,1933,498,1995,289,1541,861,1214,444
132,1833,14,727,221,93,1396,749,852,1010,1923,95,712,881,1749,1764,43,1775,1539,1283,582
133,171,327,7,799,1588,513,2034,1783,1097,410,1621,1350,1201,1100,581,6,1719,1937,1921,442
134,1833,727,221,14,1396,93,749,852,1923,128,95,1749,1010,881,1775,712,1703,43,1539,1764
135,1009,740,117,1387,1951,1779,1439,1522,1404,1973,846,145,1194,378,92,1993,2053,253,456,914
136,301,1721,1183,95,299,1800,729,1405,1108,819,440,1534,1512,1971,1923,912,575,881,278,712
137,1833,727,221,14,93,1396,749,852,1923,128,1775,95,1749,1721,1010,881,712,1281,1539,43
138,8,1796,456,74,1993,31,35,1637,92,357,1197,498,958,1156,1933,1995,861,289,1214,2037
139,1009,740,117,1387,1951,1779,958,1541,1214,1995,1581,861,6,2013,1640,444,44,561,35,1156
140,727,1833,14,93,221,1396,749,852,1923,95,881,1749,1721,1010,1649,1539,1775,255,1118,128
141,168,364,1703,1883,1476,609,403,1958,1910,1192,1461,738,1381,1499,1865,1539,1330,1821,1779,1211
142,35,31,357,8,1796,1637,456,74,1993,92,498,1197,1156,1995,1541,1933,861,1214,444,823
143,168,738,1387,43,1703,1883,117,364,95,1461,1476,609,1954,1910,1913,1664,1725,1775,1355,440
144,301,1721,1183,95,1923,738,14,1512,1534,609,1289,440,1101,278,727,221,712,299,590,1396
145,168,364,1330,1779,1476,1499,616,1958,1883,738,609,95,1954,1910,440,1387,403,1009,1461,896
146,1833,221,727,14,1396,93,749,852,1923,1775,128,1749,95,881,1539,1281,43,738,1703,1764
147,1058,1010,1751,1512,1355,1764,1054,1283,582,1705,1149,1143,1118,1806,414,448,819,1725,1396,1749
148,35,357,31,1796,456,1993,1197,1637,8,74,92,498,1214,958,823,861,1933,1995,444,2037
149,1064,1652,888,990,236,1522,1770,378,942,1488,846,2012,1133,591,1276,375,1018,1995,1447,227
150,117,1009,1951,1387,1779,740,1440,958,44,1995,6,2013,591,561,1640,35,1214,237,1439,1699
151,35,31,357,8,1796,74,1637,92,498,456,1993,1197,2037,1440,44,444,958,6,1933,561
152,168,364,1461,1703,1913,738,1289,1910,1954,1664,1876,440,1585,1883,1391,807,95,403,1336,609
153,35,31,357,8,1796,74,1637,92,498,456,1993,1197,2037,1440,44,444,958,6,1933,561
154,1833,727,221,14,93,1396,749,852,1923,128,1775,95,1749,1721,1010,881,712,1281,1539,43
155,301,1721,1183,95,1534,1800,278,727,274,1971,1923,912,440,575,403,166,1108,1101,712,949
156,861,35,1933,31,1541,1156,444,1214,1995,823,1796,1637,456,498,8,357,1197,74,92,1993
157,35,31,357,1796,1637,8,456,74,1993,92,498,1197,2037,44,444,958,1541,1933,289,1156
158,1064,375,1133,1018,806,1684,1718,677,35,888,31,1796,1995,236,1276,444,227,1194,823,1770
159,1058,1010,1751,1512,1355,1764,1054,1283,582,1705,1149,1143,1118,1806,1725,414,448,819,1856,1396
160,168,364,1883,1476,609,1913,1461,1910,448,1954,1330,2034,1387,440,1958,1211,1499,403,483,1391
161,958,1869,1214,1156,1581,861,1933,174,44,1995,2037,823,1541,1781,99,1637,444,525,713,1097
162,1833,221,727,14,93,1396,749,852,1923,1749,95,1703,881,1775,1721,43,1539,1649,1961,763
163,1149,414,448,1806,1355,1058,1762,1910,1211,1281,1512,1118,1054,1381,1764,168,1289,602,1391,891
164,8,1796,456,74,1993,31,35,1637,92,357,1197,498,2037,1440,444,958,6,1933,561,1541
165,14,1833,221,727,1396,93,749,852,1010,1923,95,881,1749,43,712,1764,1775,546,1539,1703
166,1833,727,221,14,93,1396,749,852,1923,1775,95,881,712,128,43,1749,1381,763,1721,1961
167,861,1933,1541,1156,1214,1995,444,823,591,958,35,1637,1581,31,1796,357,498,99,1447,456
168,168,364,1913,1703,403,1958,738,609,1910,1461,1865,1387,95,1499,1954,1664,1821,1876,1330,1476
169,1833,14,727,93,221,1396,749,852,1923,95,881,1721,1649,1749,1775,128,546,255,1539,1192
170,1156,1995,1541,1933,861,1214,444,823,35,1637,1197,1796,456,31,498,591,8,357,92,74
171,168,364,738,1954,43,1461,609,1910,1336,1913,1958,1775,1703,1938,807,1585,95,1664,403,1330
172,8,1796,1993,456,74,31,35,1637,92,357,1197,498,2037,444,958,1933,1541,289,44,1156
173,1058,1010,1751,1512,1355,1764,1283,1054,582,1705,1149,1143,1118,1749,711,1806,1725,414,448,819
174,35,31,1796,456,8,357,1637,74,1993,1197,92,498,2037,44,444,958,1933,1541,289,1156
175,1833,221,14,727,93,1396,749,852,1923,95,43,881,712,1775,1721,1649,1749,1961,763,128
176,35,31,1796,456,8,357,1637,1993,74,1197,92,498,2037,44,444,958,1541,1933,289,1156
177,1064,1133,375,806,677,35,1684,1718,31,456,1993,8,1018,888,1796,92,498,1995,1637,357
178,35,357,31,1796,456,1993,1197,8,1637,74,92,498,2037,44,444,958,1541,1933,289,1156
179,1009,740,958,35,117,1387,357,74,1951,44,1993,1197,456,1779,92,8,1796,498,1637,1440
180,1009,740,117,1387,1951,1779,1440,958,44,1995,6,2013,591,561,1640,35,1214,237,1439,1699
181,1156,1995,861,1933,1541,1214,823,444,591,1581,1637,958,1447,99,1796,35,871,1439,2037,944
182,168,364,1883,616,1476,1499,1461,95,1910,1958,1703,1330,403,38,738,253,519,609,1289,1938
183,944,871,691,375,1480,1684,2054,1995,806,1064,1350,1781,1018,2068,1133,677,1447,99,861,1718
184,301,1721,1183,95,1800,912,1108,1534,1512,819,575,440,1971,1923,278,1101,727,712,299,738
185,1995,1933,1156,1541,861,1214,823,444,591,1796,958,35,1637,456,1581,944,31,357,871,1439
186,1058,1054,1010,1751,1512,1355,1764,1283,582,1705,1149,1143,1118,1806,1396,414,448,819,1725,1749
187,1009,740,35,117,1387,357,1951,456,1779,92,1197,8,1796,958,74,1637,31,498,1993,237
188,1833,727,14,221,1396,93,749,852,1923,128,95,1749,881,1010,1539,1775,1118,1143,1192,1650
189,8,1796,456,74,1993,31,35,1637,92,357,1197,498,1440,2037,444,958,6,1541,1933,561
190,168,364,1461,1703,1883,1330,1910,1289,1499,1938,403,1476,1958,1211,671,1381,253,1241,483,616
191,1833,221,727,14,1396,93,749,852,1923,1749,1539,1775,128,95,1281,1010,881,712,43,1381
192,168,364,1913,1703,403,1910,1461,609,1958,738,1876,1539,1865,1938,1499,448,1751,807,1289,840
193,1833,221,727,14,93,1396,749,852,1923,1775,95,881,712,1721,43,1749,1649,1961,1381,763
194,221,1833,727,14,1396,93,852,749,1923,95,1721,881,1775,1749,43,1539,128,1764,1650,403
195,1951,1973,1581,1779,1233,2053,117,1439,1387,1100,590,930,1621,1614,1883,977,1870,1042,846,1542
196,35,31,1796,456,8,357,1637,1993,74,1197,92,498,2037,44,444,958,1933,1541,289,1156
197,14,1833,221,727,1396,93,852,749,95,881,1775,1923,1749,1539,43,128,1703,1764,546,1281
198,301,1721,1183,95,727,14,1923,278,712,1534,609,440,221,1283,1101,299,646,1396,1833,715
199,35,31,1796,456,8,357,1637,74,1993,1197,92,498,958,289,1933,1156,861,2037,44,1214
200,168,364,1910,403,1865,1289,1703,609,1958,1539,738,1876,1461,414,1938,253,807,1330,1499,1476
201,35,31,1796,456,8,357,1637,1993,74,1197,92,498,2037,44,444,958,1933,1541,289,1156
202,168,364,1330,43,1751,414,1775,1355,1010,738,95,448,582,1381,1703,1289,1883,1211,1539,1910
203,1009,740,117,1387,1951,1779,1439,1522,1404,977,998,92,1993,253,2053,1064,153,456,145,914
204,301,1721,1183,727,95,1512,14,1833,1664,1923,738,1534,1355,1396,609,440,819,278,403,1010
205,8,1796,456,74,1993,31,35,1637,92,357,1197,498,2037,444,958,1541,1933,289,44,1156
206,168,364,1958,1461,1476,1913,1910,1703,852,1954,403,117,1336,1938,1779,1499,38,1775,807,1381
207,1721,301,1183,95,14,1923,1534,609,440,1101,727,221,712,299,738,265,718,1396,1289,278
208,168,364,1913,1461,738,95,1336,1241,1476,1330,1883,1910,616,1703,1954,1725,1585,1391,896,403
209,168,364,1461,1476,1779,1211,1883,1725,1913,1703,448,1289,1585,1954,1503,1260,1910,117,414,616
210,8,1796,456,74,1993,31,35,1637,92,357,1197,498,958,1156,1541,591,1933,1995,861,289
211,168,1461,1779,738,117,364,1883,1751,1703,95,43,414,1664,1954,1355,448,1585,1241,1289,1391
212,301,1721,1183,95,1923,14,738,1534,1512,1289,1101,609,440,712,278,727,221,1396,1406,1833
213,1721,301,1183,95,727,299,14,1923,440,483,712,1534,609,221,2025,1101,738,646,1396,278
214,1833,727,93,14,221,1396,749,852,1923,1721,128,95,1749,881,1010,1539,1775,1649,1143,1118
215,168,364,1883,1499,1476,1330,1958,1289,609,1461,616,1954,403,440,448,1910,1211,1336,1241,1775
216,168,364,1461,1751,1910,1703,1954,403,1499,1211,738,1289,1355,1958,1883,1821,448,1775,1817,807
217,168,364,1585,1461,1499,1913,1381,1910,1703,1954,153,896,738,403,1539,1883,1958,519,807,1289
218,1064,1133,871,375,806,677,944,1684,1718,35,227,791,2012,236,1480,1750,1018,1194,888,31
219,301,1721,1183,1405,95,1534,1800,881,912,575,1971,1923,440,670,278,712,1101,727,1108,1520
220,8,1796,456,74,31,35,1637,92,357,1993,1197,498,2037,444,958,1541,1933,289,44,1156
221,1009,740,117,1387,1951,1779,1439,1522,1404,92,145,1993,253,2053,153,456,1499,77,1973,541
222,14,1833,727,221,1396,93,852,749,1923,128,95,1010,1775,881,43,1749,712,1764,1281,1539
223,1933,35,1995,289,1541,861,1214,1637,444,31,1156,823,357,958,8,498,1197,1796,1993,74
224,168,364,1461,738,1703,609,1913,1910,1954,483,1725,1585,1865,1958,128,896,403,1391,1883,138
225,1156,1933,861,1995,444,1541,1214,823,591,958,99,31,35,1637,1439,498,1796,1581,289,1404
226,168,1883,1751,117,364,1289,1355,1779,1958,1910,95,1703,1476,1387,1330,1725,1954,1009,1461,896
227,1064,1133,375,1637,31,35,498,806,1796,8,677,1684,1993,1718,456,357,74,1018,888,92
228,8,1796,1993,456,74,31,35,1637,92,357,1197,498,958,6,1156,1541,1699,591,1933,1440
229,1833,14,727,93,221,1396,852,749,95,881,1923,128,364,1749,1775,1721,376,546,1539,43
230,1156,1995,1541,1933,861,1214,444,823,591,357,1796,958,35,456,1637,1581,31,1439,8,1993
231,168,1883,364,1476,1910,1461,609,483,95,1913,1192,738,1499,1779,1330,403,1958,138,546,117
232,1869,958,861,44,823,1541,1156,1995,99,1637,1214,1581,2037,525,2013,174,1712,289,92,713
233,1009,740,117,1387,1951,1779,1439,1522,1652,1404,846,1973,1276,2012,942,1194,378,92,1993,2053
234,1058,1010,1751,1512,1355,1764,1054,1283,582,1705,1149,1143,1118,1806,414,448,819,1725,1396,1749
235,8,1796,456,74,1993,31,35,1637,92,357,1197,498,958,6,1156,1541,1699,591,1933,1440
236,8,1796,456,74,1993,31,35,1637,92,357,1197,498,958,1156,1933,1995,861,289,1214,2037
237,168,1779,364,1958,403,1461,1883,1330,1703,1289,1954,896,1241,1211,448,1585,1476,253,671,117
238,168,364,1461,1913,1585,1958,1954,896,1336,1883,1391,1499,609,448,1910,1973,1289,1938,840,738
239,168,364,1585,1703,1954,738,1461,1910,1913,1289,153,1391,1336,138,1664,1883,1865,807,95,403
240,35,31,357,8,1796,1637,456,74,1993,92,498,1197,958,289,1933,1156,861,2037,44,1214
241,35,357,31,1796,456,1993,1197,8,1637,74,92,498,2037,44,444,958,1541,1933,289,1156
242,1833,221,727,14,93,1396,852,749,128,1775,1749,95,1923,1721,1010,881,712,1961,1539,43
243,861,1933,1156,1995,1541,444,823,1214,35,958,591,99,1637,498,1197,31,1581,456,1447,1993
244,1869,174,1933,1156,99,1581,1995,861,2013,1712,1447,1699,1541,444,870,591,1214,2054,1640,1588
245,168,364,403,1958,1289,1703,440,448,1461,230,852,1391,38,414,1186,1883,1017,1241,1192,1821
246,221,1833,727,14,93,1396,749,852,1923,1775,95,881,712,1721,43,1649,1749,1961,255,1381
247,727,14,1833,221,1396,93,749,852,1010,1923,95,712,881,1749,43,1764,1775,1539,1664,128
248,35,357,31,1796,456,1993,1197,1637,8,74,92,498,2037,44,444,958,1541,1933,289,1156
249,168,364,1461,1954,1910,738,1913,403,1499,1585,95,896,1958,1664,1330,1476,1211,1289,1865,1817
250,1833,727,14,221,93,1396,852,749,1923,1721,95,881,1749,1010,1539,1775,1192,128,1512,1650
251,958,2037,35,44,1637,74,8,31,456,1933,357,1541,1993,1796,861,289,444,1214,92,1156
252,35,8,1637,31,1796,456,357,74,92,1993,1197,498,958,44,2037,861,289,1581,823,1214
253,1009,740,117,1387,1951,1779,958,1439,1995,1404,2013,6,44,1522,561,1640,35,1214,237,1440
254,168,1461,364,1476,1913,1883,1703,1241,1391,616,230,1585,1954,896,1958,43,448,442,38,1817
255,14,1833,727,221,1396,93,852,749,1923,95,712,1775,881,43,1764,1749,1010,1539,1281,128
256,301,1721,1183,95,2025,727,403,1534,1923,440,278,1101,712,819,14,1283,646,105,590,1800
257,1833,14,221,727,1396,93,852,749,1923,95,881,43,712,1775,1749,128,1539,1192,1650,1381
258,1833,14,221,727,93,1396,749,852,1923,95,712,881,1775,43,1721,128,1749,1649,1381,376
259,35,31,8,1796,357,1637,456,74,1993,92,498,1197,2037,44,444,958,1933,1541,289,1156
260,8,1796,456,74,1993,31,35,1637,92,357,1197,498,958,1541,861,289,2037,1214,1156,1933
261,1009,740,117,1387,1951,1779,1439,1522,1404,92,145,1993,2053,253,456,914,77,1973,590,541
262,14,1833,727,221,93,1396,852,749,1923,95,43,881,712,1775,1721,364,1749,128,1539,1703
263,1541,1995,1156,1933,861,823,1214,444,35,1637,958,31,591,357,498,456,1796,1197,92,1993
264,1064,1133,375,1637,31,35,498,806,1796,8,944,677,871,1684,1993,1718,456,357,227,2012
265,168,616,1476,364,1499,1954,43,738,1330,1938,1883,1664,1775,1703,1585,1913,609,1503,1461,1910
266,168,364,738,1954,1703,1461,1289,1913,1211,1876,1910,1241,1865,1336,1664,1883,448,153,1585,1721
267,1833,14,727,221,1396,93,749,852,1923,95,881,128,1749,1775,1539,546,1192,376,1650,43
268,8,1796,1993,456,74,31,35,1637,92,357,1197,498,958,1156,1933,1995,861,289,1214,2037
269,1796,35,8,74,456,31,357,1637,498,92,1993,1197,2037,1440,44,444,958,6,1933,561
270,861,1933,1541,1156,444,1214,1995,823,591,1796,35,357,456,1637,1581,31,958,8,1993,1197
271,168,364,1910,403,1461,1954,1330,1958,1241,1883,1703,896,1499,1725,1585,1476,807,93,448,253
272,168,1883,1779,117,1387,364,1461,1476,1913,1703,95,43,1910,738,1954,483,1355,1751,1211,1721
273,168,1958,364,403,738,1289,1703,1664,1775,1954,1585,1913,1938,1461,1910,440,896,1499,448,1883
274,1833,14,727,221,1396,93,852,749,95,881,712,1775,1923,43,1749,128,763,1539,546,715
275,8,1796,1993,456,74,31,35,1637,92,357,1197,498,958,6,1699,1156,1541,591,1933,1440
276,1869,2013,958,861,44,823,1541,1156,1440,1995,99,1637,1640,1214,1581,2037,6,525,289,1699
277,1009,740,117,1387,1951,1779,903,1439,1522,1404,1194,998,1973,846,1064,253,378,92,1993,977
278,1149,414,448,1806,1355,1910,1058,1391,1762,1211,1281,1512,684,1118,1255,1054,1381,1764,168,779
279,1721,301,1183,95,727,1923,1534,14,1101,609,949,440,712,221,646,1396,278,881,1833,763
280,1833,727,221,14,93,1396,749,852,1923,128,95,1749,1721,881,1775,763,43,1539,1649,1703
281,1833,221,14,727,93,1396,852,749,95,881,1775,1923,128,43,1749,763,1721,376,1961,1539
282,1995,1541,1933,861,1156,444,823,1214,35,958,591,31,498,1637,1796,1197,1581,456,1993,357
283,1721,301,1183,95,299,1800,14,609,1923,819,440,1534,1108,1396,912,575,1833,727,221,1101
284,1995,1156,1541,1933,861,444,823,1214,591,1581,944,1447,958,871,31,1796,1064,174,456,35
285,14,1833,727,221,1396,93,852,749,1923,95,881,43,712,1775,364,1764,1749,1010,1539,1281
286,1541,861,1933,1156,1995,1214,823,444,591,357,1796,35,456,1637,1581,944,31,958,871,8
287,1833,221,14,727,1396,93,852,749,1923,95,881,1775,1749,1539,43,1281,128,1703,1764,1650
288,1064,375,1133,1018,806,1684,1718,677,35,31,456,1993,8,888,1796,92,498,1995,1637,357
289,1833,14,727,221,1396,93,852,749,1923,95,881,1764,43,1775,712,1749,1010,1539,1512,1281
290,8,1796,456,74,1993,31,35,1637,92,357,1197,498,958,861,289,2037,1214,6,1156,1933
291,117,1009,1951,1387,1779,740,903,1439,1522,1404,1194,998,1692,1973,846,1064,2053,531,378,92
292,8,1796,1993,456,74,31,35,1637,92,357,1197,498,958,1541,861,289,2037,1214,1156,1933
293,1833,727,14,93,221,1396,749,852,1923,95,881,1721,1749,1775,1649,128,546,1539,43,1703
294,1933,1541,444,1156,861,823,1214,1995,35,498,1637,1197,958,1796,357,31,456,8,591,92
295,1588,410,327,171,7,799,513,2034,1097,1783,1350,713,174,581,870,958,1869,2054,1712,1719
296,1009,740,117,1387,1951,1779,1439,1522,1404,1973,846,145,1194,378,92,1993,2053,253,456,77
297,1721,301,1183,95,727,1923,14,712,1534,609,440,1101,221,299,738,646,1396,1289,278,2025
298,1009,740,117,1387,1951,1779,1439,1522,1404,92,1993,253,2053,153,456,145,914,77,1973,1883
299,168,738,403,1664,1958,364,1751,1461,1910,1703,1954,1499,1241,1211,1775,1355,852,1883,448,609
300,301,1721,1183,95,299,738,440,1512,1534,1289,1923,278,2025,1101,727,712,14,590,483,881
301,1721,301,1183,95,14,1923,1534,265,1101,609,440,718,2025,727,221,712,949,274,166,1396
302,168,1289,609,364,1461,738,1954,95,1387,1910,1913,1883,1476,440,616,1330,483,1211,613,1336
303,168,364,1476,1289,1499,1703,1461,1883,43,1775,738,671,1330,616,117,1954,1913,1910,1779,896
304,1833,727,221,14,93,1396,749,852,1923,1775,95,881,1721,43,1649,1749,1961,763,128,1381
305,301,1721,1183,95,727,299,14,1923,440,483,1534,609,1512,646,221,278,2025,1101,712,1406
306,1833,727,221,14,93,1396,852,749,1775,95,1923,881,712,1721,128,43,1749,1649,1961,763
307,1064,1133,871,375,677,806,944,1684,1718,35,227,791,2012,236,1480,1750,1796,1581,1018,1194
308,1541,1995,1156,1933,861,823,1214,444,591,958,944,35,31,1581,1637,99,871,1447,8,1796
309,168,1883,364,1289,1461,1703,1913,1476,1330,1211,896,1391,403,1958,561,117,1241,483,1865,1260
310,364,1461,1499,609,1336,168,1476,616,1865,1876,561,1440,1954,1241,448,1268,414,1211,1883,1391
311,1058,1010,1751,1512,1355,1764,1283,1054,582,1705,1149,1143,711,1118,1749,1806,414,448,819,1725
312,168,364,1461,1499,1910,1913,1954,1585,1211,1938,896,738,403,817,1883,1958,1260,609,1289,1973
313,8,1796,1993,456,74,31,35,1637,92,357,1197,498,958,1156,1541,591,1933,1995,861,289
314,1721,301,1183,95,299,440,738,727,1534,1923,712,2025,1101,14,646,278,483,1143,881,715
315,861,1933,1995,1541,1156,823,1214,444,591,99,958,944,1581,1439,871,31,2068,1404,1796,1750
316,1833,14,727,93,221,1396,749,852,1923,95,128,881,1749,1650,1539,1775,832,1721,376,1873
317,35,31,357,8,1796,1637,456,74,1993,92,498,1197,2037,44,444,958,1933,1541,289,1156
318,168,1461,414,1499,1476,364,1330,1954,1211,448,403,1913,896,1821,1865,1958,221,616,1289,1539
319,168,1387,117,1958,1951,364,1009,1779,1461,1883,38,1910,1923,95,1703,1476,1725,1330,1954,403
320,14,1833,727,221,93,1396,852,749,1923,95,1775,881,1749,1281,1539,43,1725,128,763,1764
321,168,364,1461,1883,1703,1817,1913,1355,1775,1938,817,896,1585,1751,852,1010,1289,1381,43,1954
322,168,364,1461,1703,414,1387,1883,1241,1396,616,820,1958,448,1289,117,1499,1821,1476,1211,1938
323,301,1721,1183,95,1534,1800,912,278,575,440,1971,1923,1101,727,1108,712,949,299,819,14
324,1833,14,727,93,221,1396,749,852,1923,95,1192,881,1721,609,1649,364,1749,1775,128,546
325,958,2037,44,1637,74,35,8,289,357,456,31,1993,1796,1933,99,1156,1440,92,1197,6
326,301,1721,1183,95,1800,912,727,1108,1534,403,819,1512,575,440,1971,1923,278,1101,712,299
327,301,1721,1183,95,43,1923,14,278,1101,1534,1396,1512,609,440,819,712,1833,727,221,738
328,168,364,1330,1476,95,711,1775,1381,1461,616,1913,1883,1910,1703,1821,1954,1143,1958,1336,738
329,301,1721,1183,95,1800,1405,881,727,912,1534,403,575,1283,1971,1923,440,278,712,1101,1108
330,1833,14,727,93,221,1396,749,852,1923,95,881,1721,128,1649,609,364,1749,1775,1192,546
331,168,364,711,1381,1703,1143,1355,738,609,1751,1913,440,95,1461,616,1775,1539,1883,1476,1010
332,168,364,403,852,1461,1775,43,738,1910,609,1958,1330,1883,1664,1954,1703,1381,1499,616,38
333,1156,1995,1541,1933,861,1214,444,823,35,591,31,498,1637,1796,1197,456,1581,1993,357,99
334,1933,1214,1156,1995,861,1541,823,444,1637,357,35,958,8,498,1197,31,1796,289,1993,74
335,861,1933,1541,1214,1995,444,823,1156,958,1581,591,944,99,1750,1447,31,871,456,35,1796
336,35,31,8,1796,357,1637,74,92,456,1993,498,1197,958,44,2037,861,289,1581,823,1214
337,168,364,1289,616,1476,1499,1461,95,1883,1330,1910,1954,1958,1779,896,1585,738,403,1775,671
338,1869,958,861,44,823,1541,1156,1995,99,1637,1214,1581,2037,525,2013,174,1712,289,92,713
339,1064,1684,1995,806,1018,375,1156,1541,444,1933,1439,1718,1973,944,498,99,1214,1194,861,1637
340,14,1833,727,221,93,1396,749,852,1923,128,1010,95,881,1749,43,1721,712,1775,1764,763
341,8,1796,456,74,31,35,1637,92,357,1993,1197,498,2037,444,958,1541,1933,289,44,1156
342,1064,1684,1581,1439,713,1995,1133,2013,444,806,1018,375,823,591,1156,1541,1933,1404,1770,1652
343,1009,740,117,1387,1951,1779,1439,1522,1404,1276,2012,92,1993,253,2053,153,456,145,77,1973
344,35,1796,498,456,31,1637,8,1869,357,1197,525,74,1541,92,958,861,871,44,823,1770
345,1833,14,221,93,727,1396,749,852,1923,1010,1775,1749,95,1539,881,43,712,1764,1381,1512
346,301,1721,1183,95,278,1534,1923,440,712,1101,727,819,14,801,403,1800,2014,881,912,1108
347,1833,727,221,14,93,1396,852,749,128,95,1721,1749,1923,1010,881,1775,712,1703,43,1539
348,1009,740,35,117,1387,357,1951,456,1779,92,1197,8,1796,958,74,1637,31,498,1993,237
349,117,1009,1951,1387,1779,740,1439,1522,1404,1692,531,92,145,1993,2053,541,253,456,1624,914
350,958,1214,1869,1156,1581,861,1933,44,1995,2037,823,1541,1781,99,1637,444,525,2013,174,1097
351,1869,958,861,44,823,1541,1156,1995,99,1637,1214,1581,2037,525,174,289,92,713,35,870
352,35,31,357,456,8,1796,1637,74,1197,498,92,1993,2037,44,444,958,1541,1933,289,1156
353,35,31,357,8,1796,1637,456,74,1993,92,498,1197,958,1541,2037,823,44,861,289,1581
354,958,2037,35,44,1637,74,8,1933,31,456,357,1541,1993,289,1796,861,444,1214,92,1156
355,1833,221,727,14,1396,93,852,749,1923,95,881,1775,1749,43,1539,128,1703,1764,1721,1650
356,14,1833,727,221,93,1396,749,852,95,1923,128,1775,881,1721,1749,1649,1281,1539,43,1764
357,117,1009,1387,740,1951,1779,1439,1522,1692,1404,1713,1276,2012,531,92,1993,2053,253,456,145
358,8,1796,456,74,1993,31,35,1637,92,357,1197,498,958,861,289,2037,1214,6,1156,1933
359,168,364,1461,1499,1703,1913,1391,1585,1958,1954,896,840,1883,609,1910,1938,1289,738,817,1506
360,8,1796,456,74,1993,31,35,1637,92,357,1197,498,2037,1440,444,958,6,1933,561,1541
361,1064,1133,375,1018,1995,1684,1718,944,871,677,806,691,1194,591,1781,99,823,525,227,1541
362,35,31,357,8,1796,1637,456,74,1993,92,498,1197,2037,44,444,958,1933,1541,289,1156
363,1064,1133,375,806,677,35,1684,1718,31,456,1993,8,1018,888,1796,92,498,1995,1637,357
364,1796,35,8,74,456,31,357,1637,498,1156,92,1995,1541,1993,1197,1933,861,1214,444,823
365,301,1721,1183,95,1534,299,1800,440,727,1971,1923,912,575,278,403,1143,1108,1101,712,819
366,1833,221,14,727,93,1396,852,749,1010,128,95,712,1721,881,1749,1764,1923,1775,43,1961
367,1833,727,14,221,93,1396,749,852,1923,95,1749,881,1721,1649,1010,1539,1775,1192,128,1118
368,35,357,31,1796,456,8,1637,74,1993,1197,92,498,958,2037,44,861,289,823,1581,1214
369,301,1721,1183,95,14,1923,1800,912,1108,1971,1534,1512,1101,1355,819,1396,575,609,440,43
370,301,1721,1183,299,95,109,440,2025,727,403,1534,1923,278,1101,712,819,14,1283,105,590
371,35,31,8,1796,357,1637,456,74,1993,92,498,1197,958,289,1933,1156,861,2037,44,1214
372,117,1009,1387,740,1951,1779,1439,1522,1404,1684,2053,1692,998,531,806,92,1993,977,1713,1971
373,1833,727,14,221,93,1396,852,749,128,95,1721,1749,1923,609,881,1192,1649,1010,1539,1775
374,8,1796,456,74,1993,31,35,1637,92,357,1197,498,1440,2037,444,958,6,1541,1933,561
375,944,1064,1133,871,375,806,677,2068,1684,1750,1718,227,791,35,2012,236,1480,1194,1018,888
376,35,31,8,1796,357,1156,74,1637,861,92,498,456,1541,1993,1995,1214,1197,1933,823,958
377,1064,1133,375,806,677,1684,1718,35,1018,888,31,1796,1995,236,1276,444,227,1194,823,1770
378,8,1796,1993,456,74,31,35,1637,92,357,1197,498,2037,444,958,1541,1933,289,44,1156
379,301,1721,1183,95,1923,14,609,278,1101,1534,1396,1512,440,819,43,1833,727,221,712,299
380,301,1721,1183,95,1534,278,1512,1971,1923,440,712,1101,727,738,14,1289,881,807,2014,840
381,168,364,1913,1355,1883,1751,448,1585,1461,1775,1703,1539,1010,1958,1289,1381,1954,1817,852,1938
382,168,364,1289,1913,1958,1703,1461,1954,440,852,448,1585,1241,38,1775,403,1910,807,896,1381
383,221,1833,727,93,14,1396,749,852,1923,1749,95,881,1775,1721,43,1539,1649,1961,763,128
384,1541,1995,1933,1156,861,1214,823,444,591,1796,958,35,357,456,1439,1637,1581,31,871,1404
385,168,364,1381,1913,1143,711,1751,1289,1910,1461,1775,1355,1703,1954,1281,403,1539,1211,1865,1585
386,1833,14,727,221,1396,93,852,749,1923,95,881,1749,1775,128,1539,1650,43,1703,364,546
387,117,168,1506,1954,1973,1476,440,1951,1387,1260,1186,153,1192,616,609,1221,483,613,1211,740
388,35,31,8,1796,357,1637,456,74,1993,92,498,1197,1156,1995,1541,1933,861,1214,444,823
389,1156,1995,1541,1933,861,1214,444,823,591,958,1581,1439,289,2037,1404,99,31,1796,456,35
390,2037,958,1699,1214,6,1869,1156,1581,861,99,1933,1322,1440,44,1995,1621,823,1640,1541,1781
391,1995,1541,1156,1933,861,823,444,1214,591,958,944,35,31,1447,1581,1637,871,1796,791,99
392,1149,414,448,1806,1355,1058,684,1910,1762,1211,1281,1512,1118,1255,1054,1381,1764,168,602,891
393,168,364,1779,1387,1009,117,1499,1461,1476,1775,1703,414,1211,448,616,1821,1289,1585,1954,1958
394,168,1289,1958,364,1954,403,1913,896,1503,1461,448,95,1775,807,671,609,1865,1499,820,1476
395,168,364,1958,1883,1954,738,609,1289,1330,403,1499,616,1461,1910,1938,1585,896,1664,1775,1476
396,8,1796,1993,456,74,31,35,1637,92,357,1197,498,958,1156,1933,1995,861,289,1214,2037
397,14,1833,727,221,1396,93,852,749,1923,95,881,43,1775,712,1764,1749,1010,1539,1281,128
398,1009,740,117,1387,1951,1779,958,1541,1214,1995,1581,861,6,2013,444,44,561,1640,35,1156
399,1833,727,14,93,221,1396,749,852,1923,95,1749,881,1192,1721,609,1649,1010,1539,1775,1118
400,168,364,1461,1703,738,1211,1585,1954,1499,1958,1910,616,105,403,896,1476,1938,1821,1664,1330
401,168,364,1958,403,1883,1330,1476,616,609,95,1954,1703,440,1461,253,1585,414,896,38,43
402,1833,221,727,14,1396,93,852,749,1923,1775,95,881,712,1749,1010,1539,43,1281,337,128
403,1721,301,1183,95,727,1534,440,1923,1101,712,299,738,14,646,1289,278,274,881,2025,807
404,8,1796,1993,456,74,31,35,1637,92,357,1197,498,1440,2037,444,958,6,1541,1933,561
405,14,1833,221,727,93,1396,852,749,1923,95,881,1721,1775,1749,1539,337,43,1281,128,1764
406,1833,14,221,93,727,1396,749,852,1010,1923,1764,1775,1749,95,1539,1512,881,712,43,1381
407,1058,1010,1751,1512,1355,1764,1054,1283,582,1705,1806,1149,448,414,1143,1118,819,128,1725,1396
408,14,1833,727,221,93,1396,852,749,95,1923,881,1721,128,1649,1749,1775,364,1539,43,1703
409,8,1796,1993,456,74,31,35,1637,92,357,1197,498,2037,444,958,1541,1933,289,44,1156
410,35,31,357,8,1796,1637,456,74,1993,92,498,1197,958,2037,44,861,289,823,1581,1214
411,1833,727,221,14,1396,93,749,852,1923,128,1775,95,1749,1721,1010,881,712,763,1281,1539
412,301,1721,1183,95,1923,14,278,1101,1534,1396,1512,609,440,819,43,1833,727,221,712,738
413,168,1461,364,738,448,1387,1703,1289,95,414,820,1910,1954,128,1010,1241,1539,1211,616,1775
414,1833,221,14,727,93,1396,852,749,1923,95,881,1775,43,1749,128,1721,364,1539,1381,403
415,168,1958,364,403,738,1289,1387,1703,1461,1664,1913,1910,1775,109,579,414,1865,1954,117,609
416,1064,375,1133,1018,806,1684,677,1718,35,1796,1581,888,31,1995,236,1276,444,227,1194,823
417,168,364,1883,1461,95,616,1910,1913,1289,1703,1476,1330,1954,117,1585,807,1779,738,1336,852
418,1156,1995,1933,1541,861,1214,823,444,1796,357,958,1637,35,31,456,1439,8,591,1404,498
419,301,1721,1183,95,1534,1800,912,1289,1664,738,1108,278,819,1512,575,1971,1923,440,528,1101
420,168,1883,364,1499,1476,1289,1954,1336,1330,1938,1461,1910,1913,1817,153,1585,1211,138,1391,807
421,1009,740,117,1387,1951,1779,1439,1522,1404,914,1276,2012,92,145,1993,2053,253,456,77,1973
422,861,1933,1541,1156,1995,1214,444,823,591,958,35,31,99,1581,1637,1447,8,1796,944,1869
423,1833,14,727,221,1396,93,749,852,1923,95,881,128,1749,1775,546,1539,1192,1650,43,1703
424,301,1721,1183,95,727,1923,1800,14,1101,1833,278,1971,912,1534,403,1396,575,609,440,1108
425,1833,727,221,14,93,1396,749,852,1923,95,1749,1010,881,1775,712,1721,43,1649,1539,1703
426,740,1387,1779,1951,1009,117,1439,1522,1404,1692,531,92,145,1993,1713,2053,253,456,1624,77
427,364,1476,616,1461,1883,609,1954,440,168,1585,483,1499,1192,1876,448,1865,414,1396,1241,1336
428,168,364,1958,1664,403,1461,1703,1954,738,609,1775,1289,1938,1585,896,1883,1910,852,1499,483
429,168,364,1330,1476,1461,95,738,1336,1883,1910,896,616,1954,1585,403,1958,579,1775,1499,1664
430,1833,14,727,221,1396,93,749,852,1923,95,43,881,1775,712,128,1749,1381,763,546,1539
431,1721,301,1183,95,727,1800,1833,14,1405,1923,819,1534,1108,1396,609,912,440,575,881,712
432,168,609,1289,105,364,1703,738,1461,440,95,671,1775,1883,1355,1954,1241,1751,1010,117,403
433,35,31,1796,456,8,357,1637,1993,74,1197,92,498,2037,44,444,958,1933,1541,289,1156
434,14,1833,727,221,93,1396,852,749,95,881,1749,1923,1721,1010,1539,1775,1649,128,1118,364
435,1156,1995,1541,1933,861,1214,444,823,35,591,1637,958,1796,498,31,357,1581,8,1447,99
436,14,1833,727,221,93,1396,852,749,95,881,1923,1775,128,43,364,1749,763,1721,1961,1539
437,301,1721,1183,1405,95,1534,1800,546,881,912,575,274,1971,1923,670,440,278,712,1101,727
438,958,1933,1581,1541,1214,861,1156,444,44,2037,99,591,823,174,1447,713,1995,1869,1439,581
439,14,1833,727,221,1396,93,852,749,1923,128,95,1010,1775,881,43,1749,712,1764,1281,1539
440,168,1387,1883,117,1330,364,1461,1476,1289,1703,1954,403,896,616,1910,1775,1585,414,738,1958
441,8,1796,1993,456,74,31,35,1637,92,357,1197,498,958,6,1541,1640,1440,561,1699,861
442,168,364,1703,1913,1775,1725,1355,1461,1876,1381,1751,1289,442,1391,896,1954,1539,1883,1650,1585
443,591,1447,1581,958,1404,1541,1439,1214,1995,861,2013,1973,444,1522,35,1652,1156,378,713,846
444,14,1833,727,221,1396,93,852,749,1010,95,128,712,881,1749,1923,1764,1775,43,1539,1355
445,168,364,1330,95,1883,1958,1289,1910,1703,807,1461,403,1499,1387,616,1971,738,1821,1476,1211
446,8,1796,1993,456,74,31,35,1637,92,357,1197,498,958,861,289,2037,1214,6,1156,1933
447,1833,14,727,221,1396,93,749,852,1923,95,881,1775,43,1749,128,1381,763,546,1539,1703
448,168,403,1958,1476,364,1381,1461,609,1499,1913,1539,483,1938,1954,1330,896,95,711,1865,1289
449,1833,221,727,93,14,1396,749,852,1923,128,1775,1721,1749,95,881,1649,1539,1281,43,1703
450,1149,414,448,1806,1355,1058,1910,1762,1211,1281,1512,1118,1054,1381,602,891,1764,168,21,905
451,1833,727,221,14,1396,93,749,852,1923,1775,95,1749,881,1281,1539,1703,43,128,1764,1381
452,609,613,1954,1192,168,440,1476,117,253,483,153,255,1499,1186,817,1503,1973,1883,1211,1330
453,14,1833,727,221,1396,93,852,749,1923,95,881,43,1775,712,1764,1749,1010,1539,1192,1281
454,1796,35,8,74,456,31,357,1637,498,92,1993,1197,958,2037,6,44,1541,1640,1440,823
455,1933,1214,1156,1995,861,1541,823,456,444,357,1637,8,35,1197,1796,498,31,74,1581,99
456,301,1721,1183,95,299,440,278,1534,1512,1923,819,712,727,1101,738,14,1851,109,403,1800
457,958,2037,44,1637,289,74,35,8,357,456,31,1993,1796,1933,99,1156,92,1197,1541,1214
458,1156,1995,1541,1933,861,1214,444,823,591,1796,958,35,456,1637,1581,31,357,8,1197,74
459,1869,958,861,44,823,1541,1156,1440,1995,99,1637,1640,1214,1581,2037,6,525,289,1699,174
460,168,364,738,1703,117,1779,1954,1883,1751,95,1381,1910,1387,1539,1725,1664,1461,1355,403,896
461,1833,221,727,14,93,1396,749,852,1923,1775,95,881,712,128,43,1749,1381,763,1721,376
462,727,1833,14,93,221,1396,749,852,1923,95,881,1749,1721,1649,1010,1539,1775,1118,128,1512
463,1009,740,117,1387,1951,1779,903,1439,1522,1404,1194,998,977,1973,846,1064,378,92,1993,2053
464,1833,221,14,727,93,1396,852,749,1010,1764,128,95,881,1749,1355,582,1775,1923,712,43
465,1637,35,8,74,357,456,31,289,1993,1796,92,1197,498,444,958,1933,99,44,1541,2037
466,35,1796,1637,456,8,357,1993,92,498,31,74,1197,958,1933,1156,861,1214,1995,44,823
467,168,364,1461,1476,852,1751,1958,1211,1330,616,1910,1883,1539,1703,1954,1775,1381,1705,1010,1938
468,168,364,1461,1958,1954,1703,403,1289,1775,1211,1913,609,1938,1865,1330,852,1476,616,1585,1539
469,357,35,8,861,944,871,456,791,1064,1796,92,2068,1933,1995,31,1750,1214,1156,1541,1480
470,1833,727,14,221,93,1396,749,852,1923,128,95,1721,1749,881,1649,1010,1539,1775,1192,1143
471,1833,14,221,727,93,1396,852,749,95,712,881,1775,1923,43,1749,1192,128,1721,546,1539
472,1833,221,727,14,93,1396,852,749,1923,1775,95,881,712,43,1749,128,1721,1539,1703,1650
473,1833,14,93,727,221,1396,852,749,95,881,1749,1923,1721,1539,1775,1649,128,364,546,43
474,117,1009,1951,1387,1779,740,35,357,456,92,1197,8,1796,958,74,1637,31,498,1993,237
475,301,1721,1183,95,1800,1405,546,881,912,278,1534,575,1971,1923,440,712,1101,727,1108,819
476,1995,1156,1933,861,1541,1214,444,823,35,1637,591,1796,357,31,498,456,1197,74,8,1993
477,35,31,357,8,1796,74,1637,92,498,456,1993,1197,2037,1440,44,444,958,6,1933,561
478,117,1009,1387,740,1951,1779,1439,1522,1404,1692,531,92,1993,1713,2053,253,153,456,145,1624
479,1833,727,221,14,1396,93,749,852,1923,128,95,1749,1010,881,1775,712,1703,43,1539,1764
480,1833,14,727,221,93,1396,852,749,1923,95,881,364,1749,1775,128,1721,1539,43,1703,546
481,168,364,1883,1913,1476,95,1461,1865,1703,1910,1954,1330,1336,1387,1958,1499,820,738,403,414
482,1796,35,8,74,456,31,357,1637,498,92,1993,1197,1933,1156,444,1214,1541,861,1995,958
483,1833,14,221,727,93,1396,749,852,1010,1923,1764,95,1512,1775,712,881,1749,1751,43,1281
484,168,364,1958,1461,1499,1910,1954,403,1585,896,1817,1883,1211,1289,1664,1938,1865,1241,1533,483
485,168,1883,364,1476,1499,616,1913,1461,1387,1958,807,1289,1241,1954,1211,1775,1391,1585,896,1779
486,301,1721,1183,95,299,712,14,1396,2025,1923,440,609,93,1534,109,278,1833,727,221,1101
487,1833,221,727,14,93,1396,852,749,1775,95,1923,881,712,1192,1749,1010,1721,609,1539,43
488,221,1833,727,14,93,1396,852,749,1775,95,1923,881,712,1721,128,1961,43,1749,1649,763
489,14,727,1833,221,1396,93,852,749,1923,95,881,1775,1749,1539,43,1281,337,128,1764,832
490,1833,221,14,727,93,1396,749,852,1923,95,1192,712,881,1775,43,609,1749,1381,128,763
491,14,1833,727,221,1396,93,852,749,1923,95,881,1749,1010,1539,1775,128,1118,1143,832,1192
492,35,31,357,8,1796,74,1637,92,498,456,1993,1197,2037,1440,44,444,958,6,1933,561
493,168,364,1381,711,1913,1289,95,1775,1539,1910,1703,1461,1476,1281,1585,117,403,807,671,1779
494,168,609,1461,364,403,221,1958,807,1913,1938,440,1381,95,852,1396,1539,448,1751,582,1289
495,1064,1133,2012,236,375,888,1018,1995,227,1684,1718,1276,1770,942,944,871,677,1194,591,806
496,35,1637,1796,74,8,456,498,1993,31,92,357,1197,1869,591,1541,958,861,525,44,823
497,35,357,31,1796,456,8,1637,74,1993,1197,92,498,2037,44,444,958,1541,1933,289,1156
498,168,364,403,1703,609,1958,1289,1883,1938,448,1461,1775,38,1539,1954,483,613,440,852,1381
499,8,1796,1993,456,74,31,35,1637,92,357,1197,498,2037,1440,444,958,6,1933,561,1541
500,1009,740,117,1387,1951,1779,1439,1522,1404,1973,846,253,1194,378,92,1993,2053,153,456,145
501,799,2034,171,513,7,327,1783,1588,1097,410,1350,1201,1100,581,1719,1937,1384,1315,960,18
502,14,1833,727,221,93,1396,852,749,1923,95,881,43,712,1775,1721,1749,1649,1961,1381,763
503,1833,221,14,727,93,1396,749,852,1923,1010,95,1775,1539,881,1764,1512,1749,43,712,582
504,1833,221,727,14,1396,93,749,852,1923,95,881,1775,712,128,43,1749,763,546,1539,715
505,8,1796,456,74,1993,31,35,1637,92,357,1197,498,958,1541,861,289,2037,1214,1156,1933
506,1833,14,727,221,1396,93,749,852,1923,95,881,1775,43,712,1749,1381,128,763,1539,546
507,14,727,1833,221,1396,93,749,852,95,1923,1775,128,881,1749,1539,1281,43,1664,1856,1764
508,168,1387,1330,1883,117,364,1461,1476,1910,1913,95,1703,1954,1923,616,1585,738,896,403,38
509,1833,727,221,14,93,1396,852,749,128,1775,95,1749,1923,1010,881,712,1539,43,1192,763
510,168,364,609,1950,1721,403,95,414,1703,1958,1186,1883,1821,738,440,38,1461,448,105,1938
511,1833,727,14,221,1396,93,749,852,1923,128,95,1749,881,1010,1539,1775,1118,1143,1192,1650
512,168,364,1703,1883,1910,1958,403,1913,1289,1461,1476,1938,1330,1503,1539,1381,1391,1954,646,1865
513,35,31,1796,456,8,357,1637,1993,74,1197,92,498,958,2037,44,861,289,823,1581,1214
514,1009,740,117,1387,1951,1779,1581,1440,958,1541,1214,44,1995,6,861,2013,444,591,561,1640
515,1064,1133,375,1637,31,35,677,806,1796,8,498,1684,1993,1718,456,357,74,289,1581,1018
516,221,1833,727,14,93,1396,852,749,1721,1775,95,1923,881,712,1749,1010,1539,43,128,1703
517,1833,14,221,727,93,1396,852,749,1010,1923,1764,1775,1749,95,1539,1512,881,43,1751,1355
518,221,1833,727,14,1396,93,852,749,1923,95,1721,881,1775,712,1749,1010,43,1539,128,1703
519,301,1721,1183,95,1923,1800,14,609,1971,912,278,1534,1101,1396,575,440,1833,727,1108,43
520,1064,1133,375,806,861,677,35,1684,1718,1156,1995,31,456,1993,1214,591,888,8,1018,1541
521,958,2037,35,44,289,1637,74,8,31,456,1933,357,1541,1993,1796,861,444,1214,92,1156
522,168,364,1461,1751,738,1703,1381,1289,711,1355,1910,1913,1775,1954,609,1725,1539,1211,1958,1351
523,1541,1995,1933,861,1214,823,444,1156,591,958,1581,31,1439,944,1404,871,456,35,1796,1973
524,168,364,1779,117,1461,1958,95,1883,1751,1703,414,1954,1355,896,448,1938,1585,807,38,738
525,1833,221,727,14,1396,93,852,749,128,1749,1775,95,1923,881,1539,43,1703,1764,1664,763
526,35,1796,498,456,31,1637,8,1869,357,1197,74,1541,92,958,861,525,44,823,591,1156
527,1833,727,14,93,221,1396,749,852,1923,128,95,1749,546,881,912,1010,1539,1405,1775,1192
528,1833,14,727,221,1396,93,749,852,95,1923,881,128,1749,1775,546,1539,376,43,1703,364
529,301,1721,1183,95,1800,14,1405,1923,1108,1971,278,1534,819,1396,1512,609,912,440,575,881
530,1833,14,727,221,1396,93,852,749,1923,95,881,1764,43,1721,712,1775,1749,1010,1539,128
531,301,1721,1183,95,1800,1534,729,679,1108,1664,521,14,2065,1923,819,738,1971,528,1255,1396
532,168,364,1779,1461,1330,1387,1954,1883,1241,1910,609,1289,1951,616,1211,448,1585,1476,1192,1009
533,1833,727,14,93,221,1396,852,749,95,1923,881,1721,128,1192,609,1649,1749,1775,376,546
534,8,1796,1993,456,74,31,35,1637,92,357,1197,498,2037,444,958,1933,1541,289,44,1156
535,1933,1541,1156,861,1995,823,444,1214,35,289,1637,31,357,958,8,498,1197,1796,591,1993
536,1009,740,117,1387,1951,1779,1439,1522,1404,998,92,145,1993,977,253,2053,1064,153,456,903
537,117,1009,1387,740,1951,1779,1439,1522,1404,1692,531,92,1993,1713,2053,253,456,145,1624,914
538,1951,1973,1779,2053,117,1439,1387,344,977,1948,1581,846,998,77,740,930,914,2006,541,253
539,1009,740,117,1387,1951,1779,903,1439,1522,1652,1404,1194,998,846,1973,2012,942,1064,1276,378
540,1064,1133,871,375,806,677,35,944,1684,1718,31,227,791,456,1993,2012,236,1480,1750,8
541,1833,727,14,221,1396,93,749,852,1923,95,881,128,1749,1775,546,1539,376,1650,43,1703
542,301,1721,1183,95,299,1800,2025,1405,440,1534,109,1971,1923,912,575,881,278,358,712,727
543,1833,221,727,14,1396,93,852,749,95,1923,881,1775,712,128,43,1749,546,1539,1192,763
544,861,1541,1995,1933,1156,823,444,1214,591,958,944,1439,35,31,99,1581,1637,1447,791,871
545,1149,414,448,1806,1355,1910,1058,1391,891,1762,1211,1281,1512,1118,1054,1381,602,1764,168,779
546,1833,14,93,727,221,1396,749,852,1923,95,881,128,1749,1539,1775,1721,376,364,546,43
547,168,738,43,364,403,1958,1883,1476,1751,1703,896,1910,95,1913,1725,852,1664,1954,1461,1355
548,861,1933,1995,1541,444,1214,823,1156,591,99,958,31,1796,944,2037,456,35,44,871,1404
549,301,1721,1183,95,1800,278,727,1534,440,1971,1923,912,575,403,1108,1101,712,299,819,14
550,168,1954,1476,253,1503,1817,483,616,1211,1883,1221,519,1330,1585,210,1268,1950,1821,891,1461
551,168,364,1883,711,95,1476,1954,1958,609,1913,1751,43,1703,1381,1910,1211,1143,1865,738,1355
552,1156,1995,1541,1933,861,1214,444,823,591,1439,1404,958,35,31,1447,99,1581,1637,1973,1796
553,1156,1995,1541,1933,861,1214,444,823,35,591,1581,1637,1796,1447,498,958,31,99,357,92
554,1064,1133,871,375,1637,31,35,677,806,1796,8,944,498,1684,1993,1718,456,357,227,791
555,1156,1995,1541,1933,861,1214,444,823,958,591,35,1637,1581,498,1197,31,1447,8,456,357
556,1833,14,221,727,1396,93,852,749,1923,95,43,881,1775,712,1749,128,1539,1192,1089,1703
557,221,1833,727,14,93,1396,852,749,128,1749,1775,95,1923,1721,1010,881,712,1961,1539,43
558,958,2037,44,289,1637,74,35,8,357,456,31,1993,1796,1933,1156,92,99,1440,1197,1541
559,1833,14,221,727,1396,93,852,749,95,881,712,1775,1923,43,128,1749,546,1539,763,376
560,14,1833,727,221,1396,93,852,749,1923,95,43,881,712,1775,1749,1381,128,763,1539,1192
561,14,1833,727,221,1396,93,749,852,1010,1923,95,1775,712,881,1512,1749,43,1281,1764,546
562,1796,35,8,74,456,31,357,1637,498,92,1993,1197,958,6,1541,1640,1440,561,1699,861
563,1009,740,117,1387,1951,1779,1440,958,1439,44,1447,1995,6,1404,2013,591,561,1640,35,1214
564,727,1833,14,93,221,1396,749,852,1923,95,881,1749,1721,1649,1539,1775,128,364,546,832
565,35,31,8,1796,357,1637,74,92,456,1993,498,1197,1440,2037,44,444,958,6,1541,1933
566,1009,740,117,1387,1951,1779,1439,1522,1404,92,145,1993,1883,253,2053,153,456,914,1499,77
567,1064,375,1018,1718,806,1133,1684,677,944,871,691,1480,1995,2068,31,8,1796,1194,18,1156
568,958,1214,1869,1156,1581,861,1933,44,1995,2037,823,1541,1781,99,1637,444,525,174,1097,289
569,1064,1133,375,806,677,1684,1718,944,871,1480,1018,1995,2068,531,31,8,1796,1447,691,1194
570,1833,727,14,221,1396,93,749,852,1923,95,881,128,1749,1775,546,1539,1192,376,1650,43
571,301,1721,1183,95,1664,738,727,1534,1512,1283,440,1923,819,278,712,403,1101,299,14,888
572,168,738,43,1958,364,403,105,1355,109,1703,1289,1883,95,1664,1954,1539,1461,1775,1751,414
573,1833,14,727,93,221,1396,749,852,95,1923,881,1721,128,1749,1775,1649,376,364,1539,546
574,301,1721,1183,95,1800,546,2025,1405,881,912,1534,575,1971,1923,440,278,358,712,1101,727
575,8,1796,1993,456,74,31,35,1637,92,357,1197,498,2037,444,958,1541,1933,289,44,1156
576,8,1796,456,74,1993,31,35,1637,92,357,1197,498,958,1156,1541,591,1933,1995,861,289
577,1796,35,8,74,456,31,357,1637,498,92,1993,1197,958,861,289,2037,1214,6,1156,1933
578,1833,14,727,221,1396,93,852,749,1923,95,712,1721,881,1764,43,1775,1749,1010,1539,128
579,498,8,1796,357,74,1637,92,35,31,1197,456,1993,2037,444,958,1933,44,1156,1541,1214
580,1833,221,14,727,93,1396,749,852,1923,95,712,881,763,43,1775,1721,128,1961,364,1749
581,301,1721,1183,95,1800,729,14,1405,1923,1108,819,1971,1534,1396,1512,609,912,440,575,881
582,168,364,1703,1476,738,95,1913,1211,43,1461,1381,1883,1910,1355,1954,1387,1751,1876,1241,1330
583,168,1883,364,403,1958,1476,1461,1913,1703,1330,1391,1954,43,852,616,440,1585,38,1775,609
584,364,1461,414,1476,1883,1954,448,168,1865,1211,1499,616,1391,1585,817,1268,820,1336,1330,896
585,1833,14,727,93,221,1396,852,749,1923,95,881,1749,609,1010,1539,1775,1192,440,128,1721
586,1833,727,221,14,93,1396,852,749,1775,95,1749,1923,881,1721,1703,1539,43,1649,1961,763
587,168,364,1330,1883,1476,1958,616,153,1289,1910,1461,1938,807,1954,738,1775,403,1499,448,609
588,1833,221,727,14,93,1396,749,852,1923,95,881,1775,712,128,43,1749,763,1721,1961,546
589,168,364,1585,1703,1381,95,1461,1775,1289,1211,1954,1817,38,852,1387,616,1938,1241,1391,403
590,1833,727,14,221,1396,93,749,852,1923,128,95,1749,546,881,912,1010,1539,1405,1775,1118
591,168,1883,95,1330,1476,364,616,1585,1910,1913,1289,1954,1461,1211,1503,738,1817,807,153,609
592,1064,1133,375,1018,806,1684,1718,677,35,888,31,1796,1995,236,1439,1276,444,227,1194,823
593,1064,1133,375,677,806,1684,1718,35,1796,1581,1018,888,31,1995,236,1276,444,227,1194,823
594,1869,958,861,44,823,1541,1156,1995,99,1637,1214,1581,2037,525,2013,174,1712,289,92,713
595,8,1796,456,74,1993,31,35,1637,92,357,1197,498,958,861,289,2037,1214,6,1156,1933
596,35,1796,498,456,31,1637,1869,8,357,1197,74,1541,92,174,958,861,525,44,823,591
597,8,1796,1993,456,74,31,35,1637,92,357,1197,498,958,1541,861,289,2037,1214,1156,1933
598,8,1796,456,74,1993,31,35,1637,92,357,1197,498,958,6,1699,1156,1541,591,1933,1440
599,14,1833,727,221,93,1396,852,749,95,881,1749,1923,1721,1649,1010,1539,1775,128,1118,1192
600,1833,221,14,727,93,1396,749,852,1923,95,881,1775,128,43,1749,403,763,1721,364,1961
601,1833,221,727,14,93,1396,749,852,1923,95,881,1775,1721,128,1649,43,1749,546,1539,763
602,591,1447,1581,1440,958,1541,1214,44,1995,6,861,2013,1973,1404,444,1522,561,1640,35,1652
603,1541,1156,1933,861,444,823,1214,1995,591,35,1796,1637,1581,958,31,357,498,99,1447,456
604,1995,1156,1541,1933,861,444,823,1214,35,1637,31,8,498,357,1796,1197,456,74,958,591
605,168,364,1461,1775,1289,448,1751,414,671,1883,1703,1539,1865,1821,1954,1958,1010,1381,738,403
606,1995,1933,861,1541,1156,1214,444,823,958,35,591,1637,1796,1581,498,1447,31,944,871,357
607,1796,35,8,74,456,31,357,1637,498,1156,92,1995,1541,1993,1197,1933,861,1214,444,823
608,1951,1973,1779,2053,117,1439,1387,590,977,1581,846,1713,77,740,930,1672,1614,1551,914,2006
609,1833,14,727,221,1396,93,852,749,1923,95,881,1721,1749,1010,1539,1775,128,1512,1650,832
610,1833,14,727,221,93,1396,852,749,95,881,1721,1923,1749,1010,1539,1775,128,1192,43,1703
611,35,31,8,1796,357,1637,456,74,1993,92,498,1197,1156,1995,1541,1933,861,1214,444,823
612,1833,221,14,727,93,1396,749,852,1923,95,881,43,712,1775,763,1721,128,1961,1649,1749
613,1833,727,14,221,93,1396,749,852,1923,95,881,1721,128,1192,1649,609,1749,1775,255,1539
614,1833,221,727,14,93,1396,749,852,1923,128,1775,1749,95,1721,881,1539,1281,43,1649,1703
615,1951,1581,1779,1948,2053,117,1439,1387,930,977,1621,965,1973,138,616,998,1667,561,77,740
616,1064,1133,871,375,236,806,1652,888,861,677,944,378,1684,990,1522,1770,1718,942,1488,846
617,1833,14,93,727,221,1396,852,749,95,881,1749,1923,1721,364,1539,1775,1649,128,546,43
618,301,1721,1183,95,14,1800,93,1405,1923,1971,278,1534,1396,609,912,440,575,881,712,1833
619,1796,35,8,74,456,31,357,1637,498,92,1993,1197,958,1156,1933,1995,861,289,1214,2037
620,14,1833,727,221,93,1396,749,852,1923,128,1010,95,712,881,1749,43,1775,1764,1703,1539
621,168,364,1913,1954,738,711,609,1775,1910,1958,896,852,1664,1461,1703,807,95,1241,1725,1876
622,301,1721,1183,95,1534,1800,14,609,1923,1971,278,1396,440,912,575,1833,727,1108,221,1101
623,1833,14,727,93,221,1396,852,749,881,95,128,1749,1923,1010,1539,1775,1054,1512,1721,376
624,168,738,1958,1461,364,403,1476,1913,1387,1703,1910,95,1664,1954,105,1539,440,616,1775,1355
625,168,364,1883,1958,1289,95,1913,616,1910,1476,1387,1330,807,1954,1461,896,738,1775,403,1585
626,1064,1133,375,1637,31,35,498,806,1796,8,677,1684,1993,1718,456,357,74,1018,888,92
627,168,364,1461,1703,1241,1913,1585,1260,1954,896,1817,1883,1958,1211,609,1289,1938,1391,1876,1821
628,168,364,1461,1703,1387,414,1539,1958,448,1241,1938,1143,1289,807,117,1499,1725,1821,1211,1476
629,171,327,7,799,1588,513,2034,1783,1097,410,1350,1201,1100,581,1719,1937,1384,960,18,1712
630,117,1009,1951,1387,1779,740,958,1995,6,2013,1640,44,561,35,1214,237,1439,1440,1522,861
631,168,364,1954,1910,807,1883,95,1585,1461,609,1330,448,738,1387,616,1211,613,1664,1391,1476
632,168,364,1289,1476,1958,403,1883,1954,1330,1703,1241,1211,1461,448,671,896,1585,1865,483,414
633,1833,14,221,727,1396,93,749,852,1010,1923,95,128,881,1749,712,43,1764,819,546,1775
634,958,1637,1993,357,456,35,31,1796,74,8,92,1197,861,498,1541,1995,1156,1933,444,1214
635,168,364,1461,1476,1913,1330,1585,1958,1883,1954,1703,403,1381,896,817,1539,448,1289,616,153
636,1833,727,221,14,93,1396,852,749,1923,1775,95,881,712,1749,1010,1539,43,1281,1192,128
637,1833,221,14,727,93,1396,749,852,1923,95,43,881,712,1775,1749,128,763,1721,364,1961
638,1833,221,727,93,14,1396,852,749,128,1721,1749,1775,95,1923,1010,881,712,1649,1539,43
639,1933,35,1995,289,1541,861,1214,1637,444,31,1156,823,357,958,8,498,1197,1796,1993,74
640,1833,221,14,727,93,1396,749,852,1010,1923,1764,128,1355,95,1512,1775,712,1054,582,881
641,1833,727,14,221,1396,93,749,852,1923,128,95,1721,1749,881,1649,1539,1775,1650,43,1703
642,1833,221,14,727,1396,93,852,749,1923,95,881,43,712,1775,1764,1749,1010,1539,1512,1281
643,1833,221,14,727,1396,93,749,852,1923,95,881,1775,43,1749,128,1381,763,546,1539,1703
644,1833,14,727,93,221,1396,749,852,95,1923,881,1721,128,1749,1775,1649,376,364,546,1539
645,1064,1133,375,1637,31,35,677,498,806,1796,8,1684,1993,1718,456,357,74,289,1581,1018
646,35,31,357,1796,74,1637,92,8,498,456,1993,1197,2037,44,444,958,1541,1933,289,1156
647,168,364,1143,711,38,1913,1476,1775,1381,95,1461,1910,1954,1703,403,1336,616,1821,738,807
648,1064,1133,375,677,806,1684,1718,35,1796,1581,1018,888,31,1439,1995,236,2013,1276,444,227
649,1156,1995,1541,1933,861,1214,444,823,35,1637,958,31,591,357,498,456,1796,1197,92,1993
650,301,1721,1183,95,727,1800,14,1833,1923,221,1108,1971,609,1534,819,1396,1512,440,912,575
651,1933,35,1995,289,1541,861,1214,1637,444,31,1156,823,357,958,8,498,1197,1796,1993,74
652,1009,740,117,1387,1951,1779,1439,1522,1404,1684,2012,998,1276,806,92,1993,977,2053,1064,253
653,1833,727,221,14,93,1396,852,749,1775,95,1923,881,712,128,43,1749,1192,1721,1539,763
654,168,364,1883,1958,1476,616,1865,1330,1910,1461,1703,807,1954,403,1539,1381,1751,1938,738,1355
655,168,1476,440,1954,1499,483,609,1387,253,616,613,1506,1883,153,1950,561,1330,1585,230,579
656,861,1933,1541,1156,1995,823,444,1214,591,958,1439,35,31,99,1581,1637,1447,8,1796,944
657,944,871,1064,1770,2068,227,942,791,1750,1156,990,1522,236,846,1718,1652,1276,378,1480,498
658,168,364,1703,1910,403,1913,1461,1876,609,1958,1539,1938,738,95,807,1289,1143,1330,1476,1865
659,364,1476,1883,609,616,1461,1192,483,448,1954,168,440,1585,1186,1211,613,1241,1865,1913,414
660,168,364,1913,738,1954,95,1461,1775,38,1883,1703,403,1381,1391,1664,1958,1910,807,1539,448
661,168,364,1461,1751,1883,448,1703,414,1391,1539,1958,1381,43,1954,1355,1503,1779,609,1910,1009
662,35,31,357,8,1796,1637,456,74,1993,92,498,1197,2037,44,444,958,1541,1933,289,1156
663,14,1833,727,221,1396,93,852,749,95,881,1010,128,712,1775,1749,1923,43,1764,1539,1664
664,1064,1133,375,806,677,1684,1718,35,1018,888,31,1796,1995,236,1439,1276,444,227,1973,1194
665,168,738,364,95,852,1913,1954,1664,1775,1703,1585,38,1938,1817,1461,1381,403,896,1396,1910
666,1833,14,727,93,221,1396,749,852,1923,95,128,881,1749,1650,1010,1873,1539,1775,912,1054
667,117,1009,1951,1387,1779,740,1439,1522,1692,1404,914,1276,2012,531,92,1993,2053,253,456,145
668,168,364,1330,1476,117,1009,1387,1779,1958,1913,1883,616,1703,1461,403,1951,38,448,1585,1954
669,1833,14,727,221,1396,93,749,852,95,1923,712,881,1775,43,128,1749,1381,763,609,1539
670,1833,727,221,14,93,1396,749,852,1923,128,1775,95,1749,881,1281,1539,43,1703,1764,1721
671,1833,221,727,14,93,1396,852,749,128,1703,1749,95,1923,1010,881,1775,712,609,43,1539
672,301,1721,1183,95,299,1800,729,14,1923,1108,819,1971,440,609,1534,1396,1512,912,575,278
673,35,31,357,8,1796,1637,456,74,1993,92,498,1197,2037,44,444,958,1541,1933,289,1156
674,1541,1156,35,1933,861,1995,823,1214,1796,1637,31,456,444,498,8,357,1197,74,92,1993
675,8,1796,1993,456,74,31,35,1637,92,357,1197,498,958,861,289,2037,1214,1156,1933,444
676,1833,14,221,727,93,1396,749,852,1923,95,881,43,712,1775,1721,128,1649,1749,1192,546
677,14,1833,727,221,1396,93,749,852,95,1923,128,881,1749,1721,1010,1539,1775,1649,1118,301
678,168,364,403,1461,738,43,1910,609,1958,1664,1954,1703,1938,1499,807,852,1821,1330,1775,1476
679,1009,740,117,1387,1951,1779,1439,1522,1404,1684,977,998,806,92,1993,2053,1064,253,456,145
680,1588,7,513,799,171,410,1783,2034,327,958,1581,713,1869,870,99,1097,790,1719,2037,1781
681,35,357,31,1796,456,1993,1197,8,1637,74,92,498,958,2037,44,861,289,823,1581,1214
682,1156,1995,1541,1933,861,1214,444,823,35,591,1637,958,1581,1796,1447,99,31,1439,44,2037
683,171,327,7,799,1588,513,2034,1783,1097,410,1350,1201,1100,581,1719,1937,1384,571,1507,960
684,357,1993,8,31,35,456,74,1796,92,1637,1197,498,1933,1156,444,1214,1541,861,1995,958
685,168,1958,1499,364,1289,1954,403,1913,896,1461,1211,448,95,711,1775,1330,807,1476,616,820
686,861,1933,1541,1156,444,1214,1995,823,958,31,35,1637,498,1796,591,1581,1197,8,289,456
687,1009,740,117,1387,1951,1779,958,1995,6,2013,44,561,1640,35,1214,237,1439,1440,1522,861
688,1869,958,861,44,823,1541,1156,1995,99,1637,1214,1581,2037,525,174,289,92,713,35,870
689,117,1009,1951,1387,1779,740,958,1541,1214,1995,1581,861,6,2013,444,44,561,1640,35,1156
690,1833,727,14,221,93,1396,749,852,1923,128,95,1749,1721,881,1649,1539,1775,1650,43,1703
691,14,1833,727,221,93,1396,852,749,1923,95,881,1775,128,43,1749,1721,1381,1539,763,1650
692,1833,221,14,727,93,1396,749,852,1923,95,881,43,712,1775,1721,1649,1749,1961,763,128
693,1833,14,221,727,93,1396,749,852,1923,95,43,881,1775,712,1721,128,1749,1649,1381,376
694,1009,740,117,1387,1951,1779,903,1439,1522,806,1404,1194,1684,998,1973,846,1064,378,92,1993
695,1833,221,727,14,93,1396,749,852,1923,1775,95,881,712,1721,128,43,1649,1749,1192,1381
696,1833,14,727,221,1396,93,749,852,1923,95,881,1775,43,712,128,1749,1381,763,546,1539
697,168,364,1958,1954,403,1703,1775,1289,1461,609,1913,1211,1938,1241,1865,448,852,1585,1539,1876
698,8,1796,456,74,31,35,1637,92,357,1993,1197,498,958,1156,1933,1541,1995,861,289,1214
699,168,364,1381,1461,1703,1913,1289,95,1910,1476,1876,738,117,671,1779,616,38,403,1539,807
700,1009,740,117,1387,1951,1779,1439,1522,1404,1684,998,806,92,1993,977,253,2053,1064,153,456
701,1156,1995,1541,1933,861,1214,444,823,591,958,1581,1447,31,1796,456,35,2037,44,99,357
702,1833,727,221,14,93,1396,852,749,128,95,1721,1749,1923,1010,881,1775,712,1649,1703,43
703,301,1721,1183,95,727,1800,14,1833,609,1923,221,278,1971,1534,1396,440,912,575,403,1108
704,1833,14,727,221,93,1396,749,852,128,1923,95,881,1749,1775,43,1539,763,1764,1721,1961
705,168,364,1461,1703,1883,95,1913,738,609,1865,1910,852,1751,582,1289,1241,253,403,1664,1476
706,958,1637,1993,357,456,35,31,1796,74,8,92,1197,861,498,1541,1995,1156,1933,444,1214
707,14,1833,727,221,93,1396,852,749,1923,95,881,43,1775,1721,712,1764,1749,1010,1539,1281
708,1933,1214,444,861,1995,823,958,1541,1156,1581,2037,99,591,35,44,1447,1637,2013,498,1522
709,117,1009,1387,740,1951,1779,1439,1522,1404,1692,1973,846,531,1194,378,92,1993,1713,2053,253
710,35,31,357,8,1796,1637,92,74,456,1993,498,1197,2037,1440,44,444,958,6,1933,561
711,168,364,1381,1143,1703,38,1913,403,440,1289,95,1958,1539,1910,1950,1461,1476,738,1281,105
712,301,1721,1183,95,1923,14,609,1534,1512,1101,1355,1396,440,819,43,278,1833,727,221,712
713,1995,1156,1541,1933,861,444,823,1214,35,591,1637,498,1796,1197,357,31,456,8,74,944
714,1833,221,14,727,93,1396,749,852,1923,95,1775,881,1749,1703,1539,1281,364,43,1725,128
715,8,1796,1993,456,74,31,35,1637,92,357,1197,498,2037,1440,444,958,6,1933,561,1541
716,301,1721,1183,95,1800,2025,727,912,1534,403,575,1971,1923,440,278,1101,1108,712,819,14
717,1541,1156,1933,861,444,823,1214,1995,35,958,31,591,498,1637,1796,1197,456,1581,99,2037
718,861,444,1541,823,1933,1995,1214,1156,591,1581,958,99,1447,1439,31,1973,1404,35,2037,1796
719,14,1833,727,221,1396,93,852,749,1923,95,881,1749,1010,1539,1775,128,1650,832,609,1192
720,168,364,1476,616,1499,1461,1910,1958,1330,1938,1883,1954,403,1336,807,738,1503,1775,1506,609
721,35,31,357,8,1796,1637,456,74,1993,92,498,1197,2037,44,444,958,1933,1541,289,1156
722,14,1833,727,221,93,1396,852,749,1923,95,881,1721,1649,1749,1775,1192,128,1539,43,1703
723,1149,448,414,1806,1355,1058,1910,1762,1211,1281,1512,1118,1054,1381,403,1764,168,602,891,905
724,301,1721,1183,95,299,1800,729,1108,819,440,278,1534,1512,1971,1923,912,575,727,1101,712
725,14,1833,727,221,93,1396,852,749,1923,95,881,1775,1721,128,763,43,1749,1649,1961,1381
726,289,35,1637,1933,31,861,357,958,8,498,1197,1156,444,1796,1995,1541,1993,74,456,92
727,168,364,1883,1461,117,1387,1476,1913,95,1703,1910,1865,1954,1725,1585,1958,414,738,1330,896
728,301,1721,1183,95,727,1534,1800,14,1833,1923,221,1971,609,1396,440,912,575,278,403,1108
729,1009,740,117,1387,1951,1779,1439,1522,1404,914,1276,2012,92,1993,253,2053,153,456,145,77
730,171,327,7,799,1588,513,2034,1783,1097,410,1100,1350,1201,581,1719,1937,846,1384,227,1652
731,301,1721,1183,95,299,1800,440,1405,727,1534,1283,1971,1923,912,575,881,278,712,403,1108
732,35,1796,31,1637,1156,1995,1541,1933,456,498,357,861,1214,444,8,823,92,1197,1993,74
733,861,1995,1156,1933,1541,1214,444,823,591,958,944,35,31,1447,99,1581,1637,791,871,8
734,1833,727,14,93,221,1396,749,852,1923,95,881,128,440,1749,1775,1721,255,546,1539,1192
735,1833,14,727,93,221,1396,749,852,1923,95,881,128,440,1749,1775,1721,255,364,546,1539
736,1149,414,448,1806,1355,1058,1910,1762,1211,1281,1512,1118,1054,1381,602,891,1764,168,1391,905
737,2037,44,1933,1156,958,1440,1541,1214,6,444,861,2013,1995,823,289,561,1640,99,1581,1699
738,168,364,1703,609,483,1883,440,1289,613,1958,1461,1539,414,1192,1865,738,1821,1186,671,1241
739,168,364,1958,609,1476,440,1910,403,95,1539,1913,1289,738,1703,616,1883,1664,1330,1775,1192
740,1833,14,221,727,93,1396,852,749,1923,95,881,1764,43,712,1775,1749,1010,1539,1512,1281
741,1833,727,221,14,1396,93,749,852,1923,128,1775,95,1749,1010,881,712,1281,1539,43,1143
742,14,1833,727,221,93,1396,852,749,95,881,1721,1923,1749,364,1010,1539,301,1775,128,43
743,1156,1995,1541,1933,861,1214,444,823,35,958,591,1637,1796,498,31,8,99,456,1197,357
744,1721,301,1183,95,1923,738,1534,14,1289,712,609,440,1101,727,221,299,949,1396,278,881
745,168,364,1499,1779,1461,1289,1387,1476,1585,1913,1241,1910,448,1954,1211,616,1336,403,1958,896
746,1156,1995,1541,1933,861,1214,444,823,35,1637,1197,31,1796,498,357,8,456,92,591,74
747,1721,301,1183,95,299,440,727,1534,109,1923,819,403,2025,1101,712,738,14,1851,646,278
748,1833,14,221,727,93,1396,749,852,1923,95,881,1775,1721,128,43,1749,1649,546,1539,763
749,1833,727,14,93,221,1396,749,852,1923,95,881,609,128,440,1749,1775,1192,1721,255,546
750,14,1833,727,221,93,1396,852,749,128,1923,1010,95,712,881,43,1721,1749,1775,1764,1649
751,1995,1156,1541,1933,861,444,823,1214,35,591,958,1637,1581,1796,498,1447,31,357,92,2037
752,14,1833,221,727,1396,93,749,852,1010,1923,1749,95,1775,881,128,1054,43,1512,1281,1355
753,1833,727,14,93,221,1396,749,852,1923,128,95,1749,881,1010,1873,1539,1775,255,912,1118
754,14,1833,727,221,93,1396,749,852,1923,95,128,881,1749,1721,1010,1649,1539,1775,1192,1650
755,168,364,414,1476,1775,1387,616,1883,1703,1461,448,1913,1958,1289,1938,1954,117,609,1779,38
756,1721,301,1183,95,14,1800,93,1396,1405,1923,265,1534,609,912,440,575,881,712,358,1833
757,1833,221,14,727,1396,93,852,749,1010,95,712,881,1749,1923,1764,1775,43,1703,1539,1664
758,1833,14,727,221,93,1396,852,749,1923,95,881,1721,1749,1775,128,1539,1650,43,546,301
759,14,1833,727,221,93,1396,749,852,95,1923,881,1721,128,364,1749,1775,1649,1539,1650,43
760,168,364,1703,1330,403,1958,1883,609,1461,738,1499,1973,1391,616,95,613,1821,1476,1192,896
761,168,364,403,1958,1703,1289,1913,1461,1973,1391,138,896,1883,1499,1865,817,1664,519,1017,1954
762,168,1461,1958,403,364,1476,414,1954,1913,448,1211,1499,1865,1330,1289,1539,483,896,738,1381
763,168,364,1461,1499,896,1954,1703,1211,1910,1913,43,1585,1958,1876,579,1775,403,1330,1476,616
764,1149,448,414,1806,1355,1910,1058,891,1762,1211,1281,1512,1118,1054,1381,602,403,1764,168,779
765,35,31,8,1796,357,1637,456,74,1993,92,498,1197,958,289,1933,1156,861,2037,44,1214
766,1833,727,221,14,93,1396,749,852,1923,95,881,1775,712,1721,128,763,43,1649,1749,1192
767,1833,727,221,14,93,1396,749,852,1923,1775,95,881,712,1721,128,763,43,1649,1192,1749
768,1833,14,727,93,221,1396,749,852,1923,95,881,128,1749,1721,546,1010,1539,1775,1649,912
769,1541,823,1214,1933,444,861,1156,1995,35,1796,31,1637,8,456,498,357,1197,958,74,1581
770,591,1447,1440,958,1541,1214,1581,1995,6,861,2013,1973,1064,1404,444,561,1640,35,1156,1699
771,1833,14,221,727,1396,93,749,852,1010,1923,95,712,881,1749,43,1764,1775,1539,1703,128
772,8,1796,456,74,1993,31,35,1637,92,357,1197,498,958,6,1156,1541,1699,591,1933,1440
773,14,1833,727,221,93,1396,852,749,1923,95,1010,1775,881,43,712,1749,1764,1281,1539,1143
774,14,1833,727,221,1396,93,852,749,95,1923,881,128,1749,1721,1010,1539,1775,1649,1118,1143
775,301,1721,1183,95,299,1800,2025,440,278,1534,109,1971,1923,912,575,727,1108,1101,712,819
776,14,1833,727,221,93,1396,852,749,128,95,881,1749,1775,1923,1539,43,763,1764,1721,376
777,117,1009,1387,740,1951,1779,958,1995,6,2013,44,561,1640,35,1214,237,1439,1440,1522,861
778,168,364,1703,403,1958,1954,43,738,1775,609,1289,1910,852,1664,1461,1539,117,1499,95,1779
779,1833,221,727,93,14,1396,749,852,1923,1749,1539,1775,1381,95,1010,881,712,1281,43,1283
780,35,31,357,8,1796,1637,456,74,1993,92,498,1197,2037,44,444,958,1541,1933,289,1156
781,168,1958,364,1289,1910,738,1913,1461,403,483,440,1557,1499,1954,711,1664,1883,1775,1391,609
782,301,1721,1183,727,95,1833,14,1923,93,1534,1396,1283,609,440,712,278,403,221,1101,819
783,168,364,1461,1289,1913,1958,403,1241,448,1938,807,1910,1779,1865,117,1499,1664,483,1400,1703
784,301,1721,1183,95,299,1800,14,609,1923,440,1971,278,1534,1396,912,575,1833,727,1108,221
785,1869,958,861,44,823,1541,1156,1440,1995,99,1637,1640,1214,1581,2037,6,525,289,1699,174
786,8,1796,1993,456,74,31,35,1637,92,357,1197,498,958,861,289,2037,1214,6,1156,1933
787,168,364,403,1461,1958,1664,738,1703,609,1954,1499,1938,1211,1910,1241,1865,1876,448,1775,852
788,168,364,1396,403,95,1703,1958,609,1289,1883,38,1539,105,738,1241,221,1461,448,1381,1821
789,221,1833,727,14,93,1396,852,749,95,1923,881,1775,712,609,1749,1010,1721,43,1539,1192
790,1833,14,727,93,221,1396,749,852,1923,95,881,1749,546,1721,1649,1010,1539,1775,128,948
791,168,364,1703,1476,1779,1461,1883,403,1241,1330,1958,253,1211,448,1289,117,1865,483,414,616
792,871,1750,944,1194,791,1133,991,1480,236,2068,1937,677,289,1719,375,227,1064,1541,1770,942
793,168,364,1883,1476,95,1958,738,609,1499,1330,1954,1910,440,616,403,1461,1387,1241,1211,1664
794,1833,221,727,14,93,1396,749,852,1923,128,1775,1721,1749,95,1010,881,712,1539,1649,1281
795,168,117,1387,1461,364,403,1779,1958,1289,1913,1703,1009,1910,1476,852,38,1954,1211,440,448
796,14,1833,727,221,1396,93,852,749,1010,712,95,128,881,1749,1923,1775,43,1764,1539,1703
797,1796,35,1541,1156,8,1995,74,456,31,861,357,958,1637,498,92,1214,1993,823,1197,444
798,1721,301,1183,1534,95,1800,819,679,1289,912,521,2065,1664,738,528,1108,575,1923,440,594
799,301,1721,1183,95,1923,1534,14,1971,278,609,440,1101,727,221,712,949,299,1396,881,1833
800,1933,1541,861,1156,444,1995,823,1214,35,1637,1197,1796,591,456,31,498,8,357,92,74
801,301,1721,1183,95,727,1534,403,1512,440,1923,819,278,1101,712,299,738,105,14,1283,109
802,168,364,1476,1913,1958,1883,852,1703,403,1330,1461,1499,38,609,448,1017,1289,253,896,1954
803,1833,221,14,727,93,1396,749,852,1923,95,881,43,712,1775,128,1749,763,1721,1961,1539
804,301,1721,1183,95,14,1800,1396,2025,1405,1923,1971,1534,93,609,912,440,575,881,712,278
805,301,1721,1183,95,2025,727,1534,1283,1923,440,278,712,403,1101,819,1958,14,646,1800,1143
806,1833,14,727,93,221,1396,749,852,1923,95,881,128,364,1749,1775,1721,546,1539,43,1703
807,8,1796,1993,456,74,31,35,1637,92,357,1197,498,1440,2037,444,958,6,1541,1933,561
808,301,1721,1183,95,727,1534,1800,1664,14,1833,1923,738,1108,1971,819,1396,1512,609,912,440
809,2037,44,1933,1156,958,1440,1699,1581,6,1541,1214,1621,1781,444,861,2013,1995,1322,823,289
810,8,1796,1993,456,74,31,35,1637,92,357,1197,498,2037,444,958,1933,1541,289,44,1156
811,301,1721,1183,95,14,1534,1800,1923,1971,278,1396,274,609,912,440,575,166,1833,727,1108
812,168,1883,1703,364,1954,1913,1476,1391,896,1817,403,1958,483,1938,1865,1330,616,561,1017,1260
813,168,364,1913,1499,1910,1461,1958,1865,1703,403,1821,1387,95,738,1330,414,1476,616,1506,253
814,958,2037,35,1637,74,8,1933,31,456,44,357,1541,1993,1796,861,289,444,1214,92,1156
815,14,1833,727,221,93,1396,852,749,128,95,881,1775,1721,1749,1923,1703,1539,43,1649,1961
816,861,1933,1156,1214,1995,1541,823,444,1637,944,871,591,2068,1581,99,1750,791,8,92,357
817,861,1933,1995,1541,1214,444,823,1156,35,591,1796,1637,958,31,456,8,1581,944,1447,99
818,1833,14,727,221,1396,93,749,852,1923,95,881,128,1749,1775,546,1539,1192,1650,43,1703
819,861,1933,1541,1995,1156,444,823,1214,35,1637,958,498,591,1796,31,8,1197,456,357,1993
820,14,1833,727,221,1396,93,749,852,95,1923,128,881,1749,1721,1010,1649,1192,1539,1775,1118
821,168,364,1461,403,896,1954,1913,1585,609,1958,852,1703,1938,43,1817,807,1241,1775,448,1289
822,1833,221,14,727,93,1396,749,852,1923,95,881,1775,128,43,1749,763,1721,1381,376,1961
823,1064,1018,375,1684,806,1718,871,1133,677,35,944,31,227,791,456,1480,991,1993,2012,236
824,35,31,8,357,74,1796,456,1637,498,92,1197,1993,2037,44,444,958,1541,1933,289,1156
825,1149,414,448,1806,1355,1058,1762,1910,1211,1281,1512,1427,1118,1958,1054,1381,403,1764,168,602
826,861,1214,1995,1933,1541,823,1156,444,958,35,1637,591,1581,99,1796,1781,498,31,2037,1447
827,35,31,8,1796,357,1637,456,74,1993,92,498,1197,2037,44,444,958,1541,1933,289,1156
828,35,31,8,1796,357,1637,456,74,1993,92,498,1197,958,1541,2037,823,44,861,289,1581
829,168,364,738,1585,1461,1703,1954,609,1664,1913,1817,1938,1355,1751,852,896,1289,403,1539,1821
830,35,31,8,357,1796,456,1637,74,498,92,1197,1993,1156,1995,1541,1933,861,1214,444,823
831,301,1721,1183,95,14,1923,1800,1971,912,278,1534,1101,1396,575,609,440,1833,727,1108,43
832,301,1721,1183,95,14,1800,1405,1923,1108,1971,1534,93,1355,1512,819,1396,609,912,440,575
833,8,1796,456,74,1993,31,35,1637,92,357,1197,498,2037,1440,444,958,6,1933,561,1541
834,861,1214,1995,1933,1541,1156,444,823,35,591,1637,958,1796,498,31,357,99,8,1581,1447
835,31,1796,35,1637,456,74,8,357,1197,498,1993,92,958,289,2037,44,1933,1156,861,1581
836,14,1833,727,221,93,1396,749,852,95,1923,128,881,1721,1749,1010,1539,1775,1649,1118,1143
837,8,1796,1993,456,74,31,35,1637,92,357,1197,498,1440,2037,444,958,6,1541,1933,561
838,861,1541,1933,1995,1156,823,444,1214,591,1404,958,1439,944,35,31,99,1637,871,8,1973
839,168,364,1883,95,1476,896,1913,738,1954,609,483,1958,711,403,616,1865,1499,1938,1330,132
840,1833,221,727,14,93,1396,749,852,1923,1775,1749,95,881,1539,1721,1281,43,1649,1703,128
841,444,1156,1933,1995,1214,823,1541,861,958,591,174,99,1869,1581,2037,1781,31,1796,1447,456
842,301,1721,1183,95,1800,912,278,727,1108,1534,403,819,1512,575,1971,1923,440,1101,712,738
843,1933,1541,1156,861,1995,823,1214,444,591,357,1796,958,35,456,1439,1637,31,944,1404,8
844,1833,14,221,727,93,1396,852,749,1923,95,1775,881,1749,1539,1721,1281,43,1649,337,128
845,861,1933,1541,1156,1214,1995,823,444,591,357,1796,958,35,456,1637,1581,1439,31,1404,8
846,1064,1133,375,677,806,1684,1718,944,871,1480,1018,1995,2068,531,31,8,1796,691,1194,18
847,168,364,1461,609,1499,403,1958,1821,1703,738,440,230,1883,852,448,1289,1241,1506,1664,483
848,301,1721,1183,95,1800,912,1405,881,1108,278,1534,575,819,1512,1971,1923,440,712,1101,727
849,1933,1541,1995,1214,861,1156,823,444,958,35,591,99,1581,1637,1796,1447,498,31,1439,1781
850,35,357,31,1796,456,1993,1197,8,1637,74,92,498,2037,44,444,958,1933,1541,289,1156
851,1833,221,727,14,93,1396,749,852,1923,128,1749,95,1721,1010,881,1775,712,43,1649,1539
852,1833,221,14,727,93,1396,852,749,95,881,1764,1923,1721,712,1775,43,1749,1010,1539,128
853,1869,174,958,861,44,823,1541,1156,1995,99,1637,1214,1581,2037,525,713,289,92,35,870
854,301,1721,1183,95,1800,819,729,912,1405,1108,881,1534,575,1512,1971,1923,440,278,712,1101
855,168,364,1461,1883,738,1289,807,1954,403,1958,1664,1775,1391,1910,448,1865,840,1950,1499,1779
856,958,1637,1993,357,456,35,31,1796,74,8,92,1197,861,498,1541,1995,1156,1933,444,1214
857,958,1637,1993,357,456,35,31,1796,74,8,92,1197,861,498,1541,1995,1156,1933,444,1214
858,301,1721,1183,95,299,14,1396,2025,1923,440,609,1534,109,1512,1355,819,278,1833,727,221
859,958,2037,44,289,1637,74,35,8,357,456,31,1993,1796,1933,1156,92,99,1440,1197,1541
860,14,1833,727,221,1396,93,852,749,1923,95,128,881,1749,1775,43,1539,1703,832,1650,1764
861,1009,740,117,1387,1951,1779,1439,1522,1404,253,1973,846,145,1194,378,92,1993,2053,153,456
862,1541,1156,1933,861,1995,823,1214,444,591,958,944,35,1439,31,99,1581,791,1637,1869,2068
863,168,364,1913,1703,414,95,1954,738,403,1539,1381,1355,1391,1958,807,448,230,1883,1751,153
864,1718,375,1064,806,1684,944,1133,871,1018,1480,677,1995,691,2068,31,8,1796,861,1156,1933
865,1796,35,8,74,456,31,357,1637,498,92,1993,1197,958,861,289,2037,1214,6,1156,1933
866,14,1833,727,221,93,1396,852,749,1923,95,881,1721,1749,1010,1539,1775,1192,128,1512,1650
867,168,364,1476,1913,1703,414,1883,1865,1954,1725,1958,403,1499,448,1391,483,1938,1330,616,93
868,117,1009,1951,1387,1779,740,1439,1522,1692,1404,1276,2012,531,92,145,1993,2053,253,456,1624
869,8,1993,456,74,31,35,1796,92,1637,357,1197,498,1156,861,591,1933,1214,1995,444,1541
870,1833,727,93,14,221,1396,852,749,128,95,1749,1923,881,1010,1539,1775,1512,1721,376,546
871,1833,221,727,14,93,1396,749,852,1923,1775,1539,1749,95,1010,881,712,1381,1192,1281,1721
872,301,1721,1183,95,712,14,1923,609,93,1355,1534,1512,1396,440,819,278,1833,727,221,1101
873,1833,221,727,14,93,1396,852,749,1923,1775,95,881,712,1721,43,1749,128,1089,1539,1192
874,1833,14,221,727,93,1396,749,852,1010,1923,1764,95,128,1355,1512,1775,1058,1705,1054,582
875,1833,727,14,93,221,1396,749,852,1923,95,881,1721,1649,1749,1775,128,546,1539,43,1703
876,8,1796,1993,456,74,31,35,1637,92,357,1197,498,2037,1440,444,958,6,1933,561,1541
877,1833,221,727,14,93,1396,749,852,1923,95,881,1775,712,1721,43,1649,1749,1192,128,1539
878,301,1721,1183,95,299,14,1396,2025,1923,440,609,1534,109,278,1833,727,221,1101,712,819
879,1833,14,727,93,221,1396,749,852,95,1923,881,1721,128,1649,1749,1775,376,546,1539,43
880,14,1833,727,93,221,1396,749,852,1923,95,881,128,1749,1539,1775,1721,376,1873,546,43
881,35,31,357,8,1796,1637,456,74,1993,92,498,1197,958,2037,44,861,289,823,1581,1214
882,1833,14,727,221,1396,93,749,852,1923,95,881,1775,128,43,1749,763,546,1539,1703,1650
883,14,1833,727,221,93,1396,852,749,1923,95,1010,1775,881,43,1749,712,1764,1281,1539,1143
884,1156,1995,1541,1933,861,1214,444,823,35,591,1637,958,1796,498,31,357,1581,8,1447,456
885,1796,35,8,74,456,31,357,1637,498,92,1993,1197,2037,44,444,958,1541,1933,289,1156
886,14,1833,727,221,1396,93,852,749,1923,95,881,1749,1010,1539,1775,128,1650,832,609,1192
887,301,1721,1183,95,727,1405,1534,1800,1833,14,1923,1971,1396,1283,609,912,440,575,881,712
888,35,31,8,1796,357,1637,74,92,456,1541,1993,498,1995,1156,1197,1933,861,958,823,1214
889,301,1721,1183,95,43,1923,14,1664,738,1534,1101,1396,1512,1289,609,440,819,712,278,1833
890,1951,1581,1973,1779,1948,2053,117,1439,344,1387,930,977,1621,410,846,998,561,77,740,914
891,221,1833,727,14,93,1396,852,749,95,1923,881,1775,712,609,1749,1010,1721,43,1539,1192
892,168,364,609,738,1910,403,1476,38,43,109,1775,1958,1883,1664,1954,1703,1821,1330,440,1876
893,8,1796,456,74,1993,31,35,1637,92,357,1197,498,1440,2037,444,958,6,1541,1933,561
894,871,944,791,1480,991,2012,236,227,1750,691,375,1684,1581,719,806,2068,1995,1064,888,444
895,1833,221,727,14,1396,93,749,852,1923,1749,1775,546,95,1281,1010,881,712,1539,43,1381
896,168,364,1958,1289,1954,1585,1913,1461,609,403,1938,807,1775,1910,896,327,1779,840,1865,1499
897,301,1721,1183,95,2025,1800,278,727,1534,1971,1923,912,440,575,403,1108,1101,712,819,14
898,174,1869,410,1712,581,1588,787,1350,2054,870,7,1937,1332,2034,1581,513,1870,2037,1201,696
899,1833,14,727,221,1396,93,749,852,1923,95,881,1749,1775,128,546,1539,43,1703,364,763
900,1833,727,221,14,1396,93,852,749,1923,95,1721,881,1775,712,1749,1010,43,1539,128,1192
901,1833,221,727,14,1396,93,749,852,1923,1775,128,1749,95,881,1539,1281,43,1703,1764,1664
902,861,1933,1541,1156,444,1214,1995,823,35,591,1796,1637,1581,498,1197,31,456,8,99,958
903,1933,1541,1995,823,1214,444,861,1156,35,591,1637,958,1581,44,1447,1796,1404,99,2037,31
904,14,1833,727,93,221,1396,749,852,95,1923,881,1721,128,1749,1650,1649,1539,1775,376,832
905,35,31,357,8,1796,1637,456,74,1993,92,498,1197,2037,44,444,958,1933,1541,289,1156
906,168,364,1461,738,1703,1954,609,1387,1883,1476,414,1664,483,1913,1876,1910,1241,1865,1330,117
907,1796,35,8,74,456,31,357,1637,498,92,1993,1197,2037,444,958,1541,1933,289,44,1156
908,1637,31,35,1796,8,498,1993,456,357,375,1439,74,1064,289,1581,92,1197,1404,2013,1995
909,168,1751,414,364,1355,1010,448,1476,1703,1913,1883,1725,128,1821,616,1539,1461,1211,1958,852
910,1833,727,14,221,1396,93,749,852,1923,128,95,1749,881,1010,1873,1539,1775,912,1118,1512
911,1009,740,117,1387,1951,1779,958,1995,6,2013,1640,44,561,35,1214,237,1439,1440,1522,861
912,1833,14,727,221,93,1396,852,749,1923,95,881,1749,1775,128,1192,1721,255,1539,440,1650
913,1156,1995,1541,1933,861,1214,444,823,958,2037,1637,591,44,1439,1581,8,92,357,35,1447
914,95,727,93,301,1664,14,1520,749,1721,403,337,117,1923,1387,670,740,43,1779,1089,692
915,861,1933,1541,1156,1995,823,444,1214,591,958,1439,35,31,99,1581,1637,1447,8,1973,1796
916,35,31,1796,456,8,357,1637,74,1993,1197,92,498,2037,44,444,958,1933,1541,289,1156
917,168,364,1703,1751,1910,1461,609,1954,153,738,1211,1391,1355,1664,1883,448,1241,852,807,1289
918,609,168,483,440,1954,1821,1499,1817,1192,210,1973,1883,817,442,1221,1585,253,891,1789,1186
919,301,1721,1183,95,1405,1534,1800,727,1283,440,1971,1923,912,575,881,278,712,403,807,1108
920,168,364,1461,1476,1330,1913,95,1910,1883,616,1954,1703,403,1725,38,1821,1336,738,1499,1958
921,168,738,364,1461,1775,1703,1289,1664,1954,1913,1821,1938,440,403,1910,1958,852,1883,1017,1539
922,1833,14,727,221,93,1396,749,852,1923,95,1775,881,1749,1539,1281,43,128,763,1764,1721
923,168,364,1289,1910,1913,1703,1725,1355,1954,1461,1775,1585,1751,896,738,403,1539,1883,1958,1499
924,1833,14,727,221,93,1396,852,749,128,95,881,1749,1923,1775,43,1539,763,1764,1721,1961
925,861,1933,1541,1156,1995,823,444,1214,591,1439,958,35,1404,31,1581,1637,99,1447,8,1973
926,168,1330,364,1476,1211,1461,1910,616,153,1883,1703,1954,1821,1381,1751,38,1938,738,403,1499
927,1933,1541,1995,1214,861,823,444,1156,958,1637,35,591,31,498,1796,8,1581,357,99,1197
928,1541,1995,1156,1933,861,823,1214,444,35,958,31,498,591,1637,1581,1796,1197,99,456,871
929,1833,727,14,93,221,1396,749,852,1923,128,95,1749,881,1539,1775,1721,546,1650,43,1703
930,168,364,1461,738,1664,1958,403,1703,609,1910,1954,483,1876,1865,1241,1883,1211,448,1351,1391
931,301,1721,1183,95,727,14,1923,278,712,1534,609,1406,1512,440,221,1283,1101,299,738,646
932,168,1330,43,364,403,1289,1958,1883,1476,1703,852,1954,1241,616,1539,1461,440,230,1775,1211
933,168,117,1387,364,1461,1476,1289,1913,1910,1703,1954,616,1585,403,896,1775,38,1958,1499,1330
934,168,364,1938,1703,1913,1289,1461,153,1391,1585,1241,1381,1954,896,1539,1883,403,1910,1958,1664
935,14,1833,727,221,93,1396,852,749,95,128,881,1775,1721,1749,1923,1649,1539,43,1764,763
936,301,1721,1183,95,1534,1800,299,2025,440,109,274,1971,1923,912,575,278,727,1108,1101,712
937,168,364,1461,738,1725,1703,609,1954,95,1387,1910,1913,1883,1476,1664,1355,483,582,1751,414
938,1833,727,221,14,93,1396,749,852,1923,128,1775,95,1749,1721,1010,881,712,1281,1539,43
939,168,1461,43,364,738,1289,1703,1910,1954,1539,1958,1775,1751,1865,403,1355,609,1330,1499,1476
940,168,364,1703,609,1883,1876,403,616,1958,1910,1476,1330,1461,738,1381,613,1539,440,807,1118
941,1995,861,1933,1541,1214,823,444,1156,591,958,1447,99,1581,2037,289,31,1796,871,456,35
942,1933,1156,289,1541,1214,444,35,861,1995,823,1637,31,357,958,8,498,1197,1796,227,591
943,1156,1933,861,1995,1214,444,823,1541,1796,591,958,35,357,1637,1581,31,456,8,1197,1993
944,1833,14,221,727,93,1396,749,852,1923,95,1775,881,1749,1539,1721,1281,43,1649,1703,128
945,1833,221,14,93,727,1396,749,852,1923,128,1010,1749,95,1775,881,712,43,582,1764,1512
946,861,1933,1541,1156,444,1214,1995,823,958,35,1637,591,1581,1796,498,99,31,2037,357,92
947,301,1721,1183,95,1534,1800,278,440,274,1971,1923,912,575,166,727,1108,1101,712,949,299
948,1833,727,14,221,1396,93,749,852,1923,128,95,1749,546,881,912,1873,1010,1539,1405,1775
949,1721,301,1183,727,95,1833,14,93,1923,1534,1396,609,440,819,712,403,221,1101,738,265
950,1833,221,727,14,93,1396,852,749,128,1775,1749,95,1923,1721,1010,881,712,1961,1539,43
951,1833,14,221,727,1396,93,852,749,1923,95,881,43,712,1775,1764,1749,1010,1539,1512,1281
952,35,31,357,8,1796,1637,92,74,456,1993,498,1197,2037,1440,44,444,958,6,1933,561
953,1588,7,513,799,1621,171,1699,410,1322,1783,1440,2034,1640,6,327,958,561,713,1384,1350
954,1721,301,1183,95,14,1923,1800,912,609,1534,1108,1101,819,1396,575,440,43,1833,727,221
955,301,1721,1183,95,727,1923,14,1534,609,1512,440,1101,221,278,712,299,1406,738,1283,646
956,168,364,1703,1461,1289,1883,1913,671,1381,1938,403,1539,1910,1958,817,483,1241,1499,253,1664
957,1833,221,727,14,1396,93,749,852,1923,1775,95,881,712,128,43,1749,1381,546,1539,1192
958,35,31,1796,456,8,357,1637,74,1993,1197,92,498,958,289,1933,1156,861,2037,44,1214
959,35,31,8,1796,357,1637,456,74,1993,92,498,1197,2037,44,444,958,1541,1933,289,1156
960,301,1721,1183,95,14,1923,1971,265,1534,278,1101,609,440,2025,727,221,712,718,1396,590
961,861,1933,1541,1995,1214,444,823,1156,591,1796,35,456,1637,1581,31,958,357,871,8,1197
962,168,738,364,105,1476,440,1913,95,1703,1910,1954,1664,1241,1876,1461,616,1211,1330,1883,1391
963,1149,414,448,1806,1355,1910,1391,1058,1762,1211,1101,1281,779,429,1512,1118,1054,1381,1764,168
964,8,1796,1993,456,74,31,35,1637,92,357,1197,498,2037,1440,444,958,6,1933,561,1541
965,1833,221,727,14,1396,93,749,852,1923,1749,1539,1775,95,1281,1010,881,712,43,1381,1118
966,168,364,1461,1913,1751,1958,711,1289,1143,1775,1910,1355,1703,1954,1938,1336,1539,1211,1865,852
967,14,1833,727,221,93,1396,749,852,95,1923,128,881,1721,1749,1649,1010,1539,1775,1118,1143
968,861,1156,1995,1933,1214,444,1541,823,871,944,2068,1750,591,1581,99,35,791,1480,375,958
969,14,1833,727,221,1396,93,749,852,1923,95,712,881,1775,43,1749,1381,128,1539,1192,763
970,301,1721,1183,95,2025,278,727,1534,1283,1923,440,712,403,1101,819,14,646,1958,1800,881
971,14,1833,727,93,221,1396,749,852,95,1923,128,881,1749,1721,1650,1010,1649,1539,1775,1054
972,1833,221,14,727,1396,93,852,749,1923,95,881,43,1775,1764,712,1749,1010,1539,1512,1281
973,14,1833,727,221,93,1396,852,749,1923,95,881,1775,43,712,1721,1749,128,1539,1703,1650
974,1447,2054,1869,210,1097,289,753,323,1350,237,1583,791,973,405,591,713,1194,44,544,1221
975,168,1703,43,364,738,1461,609,1289,1664,1775,1954,109,1938,1751,403,1539,1355,807,1910,1958
976,301,1721,1183,95,727,278,1534,1512,440,1923,1283,712,1101,299,738,14,646,2025,881,715
977,1833,14,93,727,221,1396,749,852,1923,95,881,1749,1010,1539,1775,1118,128,1512,1721,1143
978,14,1833,727,221,93,1396,852,749,1923,95,881,1749,1721,1649,1010,1539,1775,440,128,255
979,944,871,1750,1156,991,861,1214,1541,2068,791,1480,444,1194,1995,1933,1133,1719,236,289,375
980,171,327,7,799,1588,513,2034,1783,1097,410,1350,697,1201,1384,268,960,1100,581,1719,1937
981,1009,740,117,1387,1951,1779,1439,1522,1404,977,998,92,145,1993,2053,1064,253,456,914,903
982,823,1156,1933,1995,1214,861,1541,444,591,1637,958,1581,944,1796,35,99,1404,1447,31,2037
983,958,2037,44,1637,74,35,8,289,357,456,31,1993,1796,1933,1156,92,99,1197,1541,1214
984,1796,35,8,74,456,31,357,1637,498,92,1993,1197,1440,2037,44,444,958,6,1541,1933
985,1933,1541,1156,861,1995,444,823,1214,35,1637,1796,498,1197,31,591,8,456,958,944,357
986,1064,375,1133,1018,806,1684,1718,861,677,35,1156,1995,1214,591,888,1541,31,1522,1796,1447
987,1796,1637,31,35,74,1541,1156,92,498,456,357,8,1933,444,1993,861,823,1214,1197,1995
988,168,1779,364,1476,1913,1703,1910,1461,414,448,1241,1585,1391,1954,1330,1883,1664,117,1289,403
989,168,609,1703,364,1461,1883,1241,440,1289,616,1476,1876,1330,1910,105,738,561,1381,671,403
990,1995,1933,1541,1156,861,444,823,1214,35,1637,498,31,1796,8,591,1197,357,944,456,1993
991,14,727,1833,221,1396,93,852,749,1923,95,881,1775,1749,43,1539,128,1703,1764,1650,832
992,301,1721,1183,95,278,727,1534,440,1923,403,1101,712,299,819,14,1283,109,646,1800,2025
993,168,364,1913,403,738,1910,1958,1461,1775,1664,1703,1585,807,1938,95,1954,896,1876,1499,1476
994,168,364,1461,1289,1910,1913,1703,1954,1499,403,1539,1775,711,1585,896,738,1958,1865,95,1381
995,168,364,738,403,609,1954,711,1461,1910,1381,1913,1958,153,1703,1143,1938,852,1499,1664,1883
996,221,1833,14,727,93,1396,852,749,95,881,712,1775,1923,43,1721,1749,128,364,1539,1703
997,1833,14,727,93,221,1396,749,852,1923,95,881,1749,1775,1192,128,1721,546,1539,43,1703
998,14,1833,727,221,93,1396,852,749,1923,95,1010,1775,881,43,1749,712,1143,1764,1281,1721
999,1149,414,448,1806,1355,1910,1058,1762,1211,1281,779,1512,1118,1054,1381,1764,168,1289,602,905
