0,375,1018,1684,806,1064,1995,1718,1214,861,1541,1750,1156,444,823,1933,791,944,871,991,1480
1,168,2037,1927,44,1958,1133,1261,1186,1492,1042,1721,21,582,1061,1581,1541,1111,1192,727,1000
2,168,1721,2037,1927,1913,582,1111,727,1833,1061,1042,1958,1186,1133,1261,1751,483,1581,1541,93
3,168,2037,1061,1927,1111,21,44,1261,1697,1000,1492,1133,1814,1042,1721,1541,357,1913,1581,1740
4,1355,582,1283,1751,1010,1058,1512,1705,1764,1054,1149,448,1806,414,1539,711,1749,1118,1143,43
5,1355,1512,582,1010,1751,1058,1705,1764,1283,1054,448,1149,1806,414,43,711,1856,1539,1143,128
6,1993,1197,1796,1156,74,498,1214,8,357,1541,456,31,35,1933,1995,92,823,861,444,1637
7,1355,1512,582,1751,1010,1058,1283,1705,1054,1764,1149,1806,448,414,1539,711,1749,1118,1143,43
8,1197,1214,1993,823,1156,74,444,1933,456,498,357,1995,1637,861,1796,1541,35,8,31,92
9,561,1214,1156,1699,6,1640,1541,1995,1621,1322,375,174,958,823,1933,1440,1684,1581,1018,806
10,375,1018,1684,806,1718,1064,958,1214,1156,1133,1541,1995,677,174,823,1933,1581,861,456,1197
11,35,456,74,498,1197,1993,8,1779,1637,357,92,1796,31,1009,1387,1951,117,740,1214,1156
12,14,727,1833,221,1396,852,93,749,403,1856,648,1958,998,128,1775,1539,1883,1476,1721,1749
13,301,1721,1183,1725,403,299,582,1958,727,1355,1751,712,168,1672,670,731,1283,1054,95,763
14,1197,1214,1993,823,1156,74,444,1933,456,498,357,1995,1637,861,1796,1541,35,8,31,92
15,35,456,74,498,1197,1993,8,1637,357,92,1796,31,1214,823,1156,444,1933,1995,861,1541
16,1018,357,1684,375,806,1064,92,8,1993,456,1197,74,1718,1637,31,35,498,1796,1699,1640
17,35,456,74,498,1197,1993,8,1637,357,92,1796,31,1214,823,1156,444,1933,1995,861,1541
18,1355,1010,582,1058,1751,1705,1512,1764,1283,1054,448,1149,1806,414,43,711,1856,1539,95,1143
19,375,357,1995,1214,1993,1796,1018,498,74,444,1541,31,1197,8,1684,1933,861,456,1156,823
20,888,846,378,1522,990,1652,942,2012,1276,1488,1770,236,1993,74,357,1796,456,35,1197,1684
21,1355,582,1283,1751,1010,1512,1058,1705,1764,1054,448,1806,1149,414,1539,711,43,1749,1118,1856
22,1355,1512,582,1010,1751,1058,1283,1705,1764,1054,1149,1806,448,414,1539,711,1749,1118,1143,43
23,691,375,1692,1018,806,1684,1064,1718,434,531,963,719,1624,591,227,1541,1581,1447,1640,1214
24,888,846,378,1522,990,1652,942,2012,1276,1488,1770,236,1018,1541,1214,1869,174,1581,1995,1684
25,1355,1512,582,1751,1010,1058,1705,1054,1764,1283,1149,1806,448,414,1539,1143,1749,109,738,1649
26,727,14,1833,221,1396,852,93,749,403,1856,1721,648,1958,998,1775,364,128,1539,255,1749
27,168,727,852,1833,1042,1665,1283,1133,14,1111,1725,677,93,2037,1721,787,582,1054,1186,1396
28,498,456,1993,357,35,1197,74,289,1796,44,92,8,1156,2037,31,823,410,1637,1588,1214
29,727,14,1833,221,852,749,1396,93,998,403,168,648,1703,613,255,1856,128,1958,1883,1476
30,1355,1512,582,1010,1751,1058,1283,1705,1054,1764,1149,1806,448,414,1539,711,1749,1118,1143,43
31,1197,1214,1933,1541,1156,1993,823,74,498,444,456,357,1995,1637,861,1796,35,8,31,92
32,1214,1156,1779,1541,1995,44,375,174,2037,958,823,1933,1684,1581,1018,806,1009,861,456,1197
33,727,14,1833,221,1396,852,93,749,1721,998,168,711,128,1118,648,403,1042,1749,1775,1883
34,1355,1512,582,1010,1751,1058,1705,1764,1283,1054,1806,448,1149,414,711,1539,95,1143,1749,109
35,35,456,74,498,1197,1993,8,1637,357,92,1796,1779,31,740,1951,1009,1387,117,1214,1156
36,1355,582,1283,1751,1010,1058,1512,1705,1764,1054,1149,448,1806,414,1539,711,1749,1118,1143,95
37,1214,1156,691,1541,1995,375,174,958,823,1933,1692,1684,1581,1018,806,434,861,456,1197,1869
38,171,513,1783,799,2034,7,327,1588,410,1581,697,1541,1781,1097,99,174,2013,591,1156,823
39,375,1018,1684,806,1718,1064,691,1692,434,531,963,677,719,1624,1133,92,1993,456,591,1197
40,727,14,1833,221,852,93,749,1396,1856,403,998,1725,1721,648,1958,128,1883,1775,1476,1539
41,1197,1796,1779,498,357,740,1951,1009,1387,35,74,456,1993,117,8,92,31,1637,1447,1933
42,1197,1214,1993,823,1156,74,444,1933,456,498,357,1995,1637,861,1796,1541,35,8,31,92
43,14,727,221,1833,1396,852,93,749,403,998,1856,648,1958,1703,1876,1775,364,128,1272,1539
44,727,14,1833,221,93,1396,852,749,998,1721,403,648,711,1118,128,1749,1856,1883,1476,1539
45,727,14,1833,221,1396,93,852,749,998,1721,403,648,168,128,1856,1883,1476,1775,1763,1272
46,168,1927,2037,44,1061,1042,1111,1260,357,1913,852,1261,1541,581,1065,128,1833,613,498,1910
47,727,14,1833,221,1396,852,749,93,998,168,648,613,403,255,1856,1883,1476,1721,1763,1703
48,357,1993,1796,498,74,1214,31,1197,8,1933,456,1156,35,823,1541,861,92,1995,444,1637
49,7,1588,410,327,513,171,799,1783,2034,1214,1541,861,823,1332,918,1581,958,1156,561,1712
50,1581,1869,174,1447,591,1156,498,1214,1796,8,1541,1197,958,31,1933,1993,74,1995,357,92
51,1355,1751,582,1512,1010,1705,1058,1764,1283,1054,448,1806,1149,414,43,711,1856,95,1143,128
52,513,799,171,7,1783,2034,327,1588,410,697,1058,582,1010,1764,1512,1581,1097,1054,1283,1355
53,1214,1156,1541,1995,375,174,958,1197,823,1933,1018,498,806,1064,1684,456,1581,1718,861,35
54,168,727,1721,852,1913,403,582,2037,1133,1958,1833,14,1751,1042,749,483,677,93,1283,1856
55,1214,823,861,444,1541,1156,498,1197,35,74,1796,289,1933,1995,1993,456,174,92,357,8
56,1214,1156,823,1995,1541,498,1796,8,1933,1197,31,1993,74,357,861,958,92,456,444,35
57,1197,1796,1214,498,357,1993,823,1156,74,444,1933,456,35,1995,1637,861,8,1541,31,92
58,1018,958,375,1214,1156,1133,806,1541,1995,677,1684,174,823,1933,1581,1064,861,456,1197,1869
59,1355,1512,582,1010,1751,1058,1705,1054,1764,1283,448,1806,1149,414,43,711,1856,95,1143,128
60,375,1995,1214,1018,444,1541,1684,1933,861,823,806,1156,1064,1750,1718,791,1796,991,1197,944
61,301,1721,1183,299,1355,1751,582,763,1283,1054,403,1557,912,109,1672,1010,712,1118,1749,1764
62,168,2037,44,727,852,1042,1833,1214,1927,1133,1283,1541,289,21,1061,1261,14,498,375,1111
63,1197,1214,1993,823,1156,74,444,1933,456,498,357,1995,1637,861,1796,1541,35,8,31,92
64,168,2037,44,1927,727,1833,1061,1042,1214,1133,1541,289,21,1261,1913,852,1000,1697,1665,1933
65,1156,498,1214,1796,8,1541,1197,2037,31,44,823,1933,1993,74,1995,444,357,92,456,861
66,1355,1751,1010,582,1512,1705,1764,1283,1058,1054,448,1806,1149,414,43,711,1856,1539,1143,128
67,1156,498,1214,1796,8,1541,1197,31,1933,1993,74,1995,357,375,174,92,958,456,823,861
68,168,727,2037,852,44,403,1958,1581,14,1042,1833,1509,749,1000,1856,1541,1214,965,221,998
69,823,1214,1156,1581,1541,861,174,2013,1995,1933,1937,1869,958,444,1350,1447,289,871,1197,2054
70,727,14,1833,221,93,852,1396,749,1856,403,1725,998,168,648,613,1958,128,255,1721,1775
71,1197,1214,1993,823,1156,74,444,1933,456,498,357,1995,1637,861,1796,1541,35,8,31,92
72,1993,1197,1796,1156,74,498,1214,8,357,1541,456,31,35,1933,1995,823,92,861,444,1637
73,1355,1512,582,1751,1010,1058,1705,1764,1283,1054,1806,448,414,1149,711,1539,1143,1749,109,738
74,168,727,2037,1649,904,852,1042,414,1833,1283,44,14,1260,1111,581,1065,1913,1721,582,1054
75,35,456,74,498,1197,1993,8,1637,357,92,1796,31,1214,823,1156,444,1933,1995,861,1541
76,1581,1156,823,1214,1995,958,1541,1933,2013,1783,289,7,1937,861,513,327,456,444,2034,44
77,1214,1156,1541,1995,375,174,958,823,1933,1684,1581,1018,806,861,456,1197,1869,35,1993,498
78,35,456,74,498,1197,1993,8,1637,357,92,1796,31,1214,823,1156,444,1933,1995,861,1541
79,727,1833,221,14,1396,93,852,749,1856,403,1725,1721,1118,1958,1664,998,648,1775,364,128
80,727,14,1833,221,93,1396,852,749,1721,998,168,403,648,711,128,1118,1749,1856,1775,1539
81,1355,1512,582,1751,1010,1058,1283,1705,1054,1764,1806,1149,448,414,1539,711,1749,1118,1143,43
82,1214,1993,1156,498,456,357,1796,74,823,2037,1995,92,1197,35,44,31,1637,1541,8,1933
83,301,1721,1183,1725,403,299,582,1958,727,1355,1751,712,168,670,731,1672,1283,1054,95,763
84,301,1721,1183,403,1725,1958,299,912,712,727,1672,109,1557,43,763,1520,819,523,1449,948
85,1197,1796,1779,1214,498,357,740,1993,823,1156,1951,74,444,1933,1009,456,1387,35,1995,1637
86,727,1833,14,221,1396,852,93,749,1856,403,998,1725,648,1958,168,364,1721,1539,1775,255
87,727,14,1833,221,1396,852,93,749,998,403,1721,648,711,1118,128,1042,1856,1749,1958,1539
88,1197,1796,1214,498,357,1993,823,1156,74,444,1933,456,35,1995,1637,861,8,1541,31,92
89,375,1995,1018,1214,444,1541,1684,1933,861,823,806,1156,1064,1750,1718,791,991,944,2068,74
90,1779,740,1951,1009,1387,117,1197,1796,8,74,31,1993,498,357,1214,92,456,35,1933,1156
91,1058,1355,1705,1512,582,1751,1010,1283,1764,1054,1149,448,1806,414,711,95,1276,43,109,1133
92,727,1833,14,221,1396,852,93,749,1721,998,168,403,648,613,255,1042,1856,128,1775,1272
93,168,727,2037,852,1927,1725,44,403,1042,1958,14,1833,1856,1492,749,1721,21,1061,1697,1261
94,1214,1156,44,1541,1995,410,375,174,1796,2037,958,823,1588,74,1933,1684,1581,1018,806,498
95,1355,1010,582,1058,1751,1705,1512,1764,1283,1054,448,1149,1806,414,128,1775,43,711,1961,1856
96,168,1061,1927,1111,21,2037,44,1725,1833,1261,1913,1186,1697,727,1042,1000,1492,1665,1192,1814
97,1197,1796,498,357,35,74,456,1993,8,92,31,1637,1214,1156,740,823,2037,1995,1951,44
98,375,1018,1933,1684,1541,1214,1156,806,1718,823,1064,1995,444,861,691,357,1796,74,561,498
99,1214,1933,444,823,861,1541,1995,1156,958,289,2037,44,1581,1197,498,174,1937,1350,1993,1588
100,794,571,193,934,195,1969,205,174,798,1511,156,1214,262,23,1384,1541,823,1933,1869,1156
101,1197,1796,498,357,35,74,456,1993,8,92,31,1637,740,1214,1951,1156,1933,861,1995,444
102,168,1783,7,799,513,2034,327,171,852,648,727,2037,1833,14,221,21,749,1061,1649,904
103,727,1833,14,221,852,93,749,1396,1856,998,1721,648,168,403,128,903,1272,671,364,1703
104,168,2037,727,44,852,1833,1042,1665,1283,1133,14,1261,1061,498,375,1111,21,677,93,1684
105,1197,1214,1993,823,1156,74,444,1933,456,498,357,1995,1637,861,1796,1541,35,8,31,92
106,1779,1197,1796,1009,498,357,1387,1951,117,35,740,74,456,1993,8,92,31,1637,1214,1933
107,1156,498,1214,1796,8,1541,1197,1993,31,456,1933,35,74,357,1637,1995,92,823,861,444
108,1779,1197,1214,1009,1387,740,1993,823,1156,1951,117,74,444,1933,456,498,357,1995,1637,861
109,727,1833,221,14,93,1396,749,852,403,1856,998,1721,1118,1958,1664,168,648,1775,903,364
110,301,1721,1183,299,912,582,1355,1751,1672,403,1557,109,1283,1054,763,1958,43,224,358,1520
111,1355,1512,582,1010,1751,1058,1705,1054,1764,1283,448,1149,1806,414,43,711,1856,95,1143,128
112,44,289,823,1214,2037,1156,1541,1933,1995,410,1588,861,1796,357,74,1993,444,498,1197,1581
113,1355,1751,1010,582,1058,1705,1512,1764,1283,1054,1149,448,1806,414,711,1539,95,1143,1649,1118
114,1197,1214,1993,823,1156,74,444,1933,456,498,357,1995,1637,861,1796,1541,35,8,31,92
115,44,823,410,2037,1933,1588,1214,861,1156,1796,1995,1541,289,498,444,1581,2013,1993,456,1197
116,1833,727,14,221,93,1396,749,852,403,1856,998,1721,1118,1958,648,1664,168,1703,128,1775
117,1156,498,1214,1796,8,1541,1197,31,1933,1993,74,1995,823,357,92,456,861,444,35,1637
118,1214,823,1156,1541,289,1933,44,1995,1796,1993,861,357,74,1197,2037,444,31,498,8,1869
119,301,1721,1183,299,1355,1751,582,763,1283,1054,403,912,109,727,1672,1010,712,1118,1749,1764
120,727,14,221,1833,1396,93,852,749,403,1856,1725,1721,998,1876,1958,648,364,128,1272,1775
121,35,456,74,498,1197,1993,8,1779,1637,357,92,1796,31,1009,1387,1951,117,740,1214,1156
122,1197,1796,498,357,35,74,456,1993,8,1156,1214,92,31,1541,1637,1933,44,1995,740,410
123,301,1721,1183,299,1355,1751,763,712,582,1283,727,1054,1672,1557,912,109,403,1010,1118,1749
124,1018,958,375,1133,806,677,1684,1581,1064,1718,870,1156,92,1993,456,1214,1197,74,1637,8
125,1779,1197,1214,740,1993,823,1156,1951,74,444,1933,1009,456,1387,498,357,1995,1637,861,1796
126,727,1833,14,221,1396,852,93,749,998,168,648,613,255,1042,364,1856,1272,1703,1763,432
127,301,1721,1183,403,299,1725,1958,582,1355,1751,727,1283,1054,763,43,109,731,1449,1764,1058
128,1197,1214,1993,823,1156,74,444,1933,456,498,357,1995,1637,861,1796,1541,35,8,31,92
129,727,14,221,1833,852,93,749,1396,1721,168,998,648,403,128,613,255,1272,1775,671,1703
130,35,456,74,498,1197,1993,8,1637,357,92,1796,31,1214,823,1156,444,1933,1995,861,1541
131,35,456,74,498,1197,1993,8,1779,1637,357,92,1796,31,1009,1387,740,1951,117,1214,1156
132,1355,1512,582,1010,1751,1058,1283,1705,1764,1054,1806,448,414,1149,1539,711,1749,1118,1143,43
133,35,456,74,498,1197,1993,8,1779,1637,357,92,1796,31,1214,1009,1387,823,1156,1951,117
134,35,456,74,498,1197,1993,8,1637,357,92,1796,31,1214,1779,1156,740,117,1951,1933,1995
135,301,1721,1183,109,299,403,912,948,1672,582,1355,1751,819,1520,523,670,727,1283,1054,474
136,1355,1751,1010,582,1058,1705,1512,1764,1283,1054,448,1149,1806,414,43,711,1856,1539,1143,128
137,301,1721,1183,299,1355,1751,912,582,763,1283,1672,1054,403,109,1010,712,1118,1749,1764,1958
138,168,2037,727,852,44,1721,1833,221,1958,14,1214,1927,1186,1541,1133,289,21,1061,1261,93
139,1156,498,1214,1796,8,1541,1197,31,1933,1993,74,1995,456,357,92,823,861,444,35,1637
140,871,1750,991,944,791,2068,1447,1480,1869,174,591,1581,422,122,1844,1588,679,2043,172,621
141,301,1721,1183,299,912,712,727,1672,1557,109,403,224,358,1520,731,819,523,948,43,648
142,375,944,871,791,1018,2068,806,1750,1684,1480,1718,991,422,1447,122,1844,1064,1995,679,1219
143,35,456,74,498,1197,1993,8,1637,357,92,1796,31,1214,1779,1156,44,740,117,410,1951
144,1197,1796,498,357,35,74,456,1993,8,1156,1214,92,31,1541,1637,1933,1995,740,823,861
145,168,1783,7,799,513,2034,327,171,852,648,727,2037,749,1927,1588,1111,14,1283,1856,1958
146,357,1993,1796,498,74,1214,31,1197,8,1933,456,1156,35,823,1541,861,92,1995,444,1637
147,1933,1541,1214,1156,823,1995,444,861,357,1796,74,561,498,35,1197,92,1993,456,31,958
148,168,727,2037,852,44,403,1958,14,1042,1833,749,1111,1260,1927,357,1913,581,1065,1856,128
149,1447,791,944,1750,591,375,2068,871,1581,1480,991,1995,1018,1214,1937,174,1156,227,823,1064
150,174,794,1214,1541,823,1933,410,1869,1156,571,1588,7,195,1581,861,193,262,1995,444,327
151,35,456,74,498,1197,1993,8,1637,357,92,1796,31,1214,1779,1156,740,117,1951,1933,1995
152,727,14,1833,221,1396,852,93,749,998,403,1856,648,168,1958,613,255,1539,1883,1476,1721
153,35,456,74,498,1197,1993,8,1637,357,92,1796,1779,31,740,1951,1009,1387,117,1214,1156
154,301,1721,1183,1725,403,299,582,1958,727,1355,1751,168,1672,670,731,1283,1054,95,763,43
155,727,14,1833,221,1396,852,93,749,998,1721,711,1118,648,1856,1775,1042,1749,364,403,1539
156,1197,1796,498,357,35,74,456,1993,8,92,31,1637,44,740,1214,410,2037,1156,1588,1541
157,1197,1214,1993,823,1156,74,444,1933,456,498,357,1995,1637,861,1796,1541,35,8,31,92
158,35,456,74,498,1197,1993,8,1637,357,92,1796,31,1214,1156,1779,740,1541,1995,117,375
159,498,456,1993,44,357,35,1197,74,289,1796,2037,92,8,31,1637,1214,823,958,1156,1995
160,2034,7,1783,410,1588,327,513,799,171,2037,1214,823,44,1156,1581,1541,1995,289,498,861
161,1355,1512,582,1010,1751,1058,1283,1705,1764,1054,1806,448,1149,414,1539,711,1749,1118,1143,95
162,888,846,378,1522,990,1652,942,2012,1276,1488,1770,236,1993,74,357,1796,456,35,1197,1684
163,498,456,1993,357,35,1197,1796,74,289,44,2037,1214,958,92,31,1588,8,410,1156,1541
164,1833,727,14,221,852,1396,93,749,1856,1721,998,648,168,403,1042,903,1272,1883,1476,671
165,301,1721,1183,712,299,727,1672,1557,403,224,358,43,763,912,731,852,109,948,523,1958
166,375,1018,1684,806,1064,1718,1750,791,944,871,1951,991,1480,1133,1779,958,677,2068,117,740
167,498,456,1993,357,35,1197,1796,74,289,92,31,8,44,1214,1637,1156,1541,823,2037,1933
168,301,1721,1183,299,1355,1751,912,763,712,582,1283,727,1672,1054,109,403,1010,1118,1749,1764
169,963,691,1624,434,1692,719,531,174,591,1447,1684,1869,227,1214,1541,823,498,1581,1197,806
170,1197,1214,1993,823,1156,74,444,1933,456,498,357,1995,1637,861,1796,1541,35,8,31,92
171,301,1721,1183,109,403,299,1725,1958,912,948,1672,712,727,819,1520,523,670,474,731,65
172,791,871,944,2068,1750,991,375,1480,1018,1684,1951,806,1219,1779,1447,1064,1718,422,679,621
173,1779,1009,1387,1951,117,740,1796,74,1214,498,1197,1993,31,92,35,1933,1156,861,8,456
174,168,1783,7,799,513,2034,327,171,852,648,727,1833,1927,1725,2037,749,1588,221,14,1042
175,1355,1058,1751,1705,1512,582,1764,1010,1283,1054,448,1149,1806,414,43,711,1856,95,1143,128
176,1355,1512,582,1010,1751,1058,1283,1705,1054,1764,1149,1806,448,414,1539,711,1749,1118,1143,95
177,95,1751,1058,1512,582,712,43,1054,1705,1283,1355,1764,1010,1961,109,200,299,731,474,1387
178,375,1018,1684,806,1718,1064,958,1133,677,1581,870,1156,1214,963,1995,1541,8,35,2013,1933
179,375,1018,1684,806,1718,1064,1522,2012,1276,990,888,677,1133,1750,591,92,1993,719,1581,456
180,301,1721,1183,299,109,403,1725,1355,1958,912,948,1672,1751,763,712,582,1283,727,819,1054
181,1197,1214,1993,823,1156,74,444,1933,456,498,357,1995,1637,861,1796,1541,35,8,31,92
182,375,1018,1684,806,1718,1064,1995,1214,861,1541,1156,444,823,1933,1951,1779,958,677,117,740
183,1833,727,14,221,93,1396,852,749,1856,998,403,168,1721,648,1703,613,255,128,903,1883
184,301,1721,1183,299,1355,1751,763,712,582,1283,727,1054,1672,912,109,403,1010,1118,1749,1764
185,1779,1009,1387,740,1951,117,1197,8,31,1993,498,357,74,1796,456,35,1637,92,1933,1214
186,1355,582,1283,1751,1058,1512,1705,1010,1054,1764,1149,448,1806,414,1539,711,1749,1118,1143,95
187,1779,1009,1387,740,1951,117,1197,1796,8,74,31,1993,498,357,1214,92,456,35,1933,1156
188,1214,1541,1933,958,444,1156,823,861,1995,1796,1197,498,74,35,31,1993,1637,357,456,8
189,301,1721,1183,299,1355,1751,582,763,1283,1054,1557,912,109,1672,403,1010,712,1118,1749,1764
190,301,1721,1183,403,299,1725,1958,582,1355,1751,727,1672,1283,1054,763,43,912,109,731,1449
191,1355,582,1283,1751,1010,1512,1058,1705,1764,1054,448,1806,1149,414,1539,711,43,1749,1118,1856
192,727,14,221,1833,852,1396,749,93,403,1118,1721,1958,998,648,1664,128,1775,168,1272,1883
193,1833,727,14,221,93,1396,852,749,403,998,1856,1721,1118,1958,1664,168,648,1775,903,1883
194,1933,1541,1214,1156,823,861,1995,444,289,357,1796,174,74,561,498,35,1197,92,1993,456
195,35,456,74,498,1197,1993,8,1779,1637,357,92,1796,31,1009,1387,1951,117,740,1214,1156
196,727,14,221,1833,852,93,749,1396,998,1721,403,648,1856,168,1272,128,1958,671,1775,364
197,1197,1214,1993,823,1156,74,498,444,1933,456,357,1995,1637,861,1796,1541,35,8,31,92
198,1156,498,1214,1796,8,1541,1197,31,1933,44,1993,74,1995,357,410,92,2037,456,823,1588
199,1355,1512,582,1751,1010,1058,1705,1764,1283,1054,1149,1806,448,414,711,1539,1143,1749,1649,1118
200,168,1061,1927,1111,21,2037,1649,904,1261,44,414,1697,1000,1492,1042,1721,1814,1541,1763,1740
201,1447,1869,174,791,944,1750,591,375,2068,871,1581,1480,991,1588,1995,1018,1214,1937,1156,227
202,1355,1751,1058,1705,582,1512,1010,1764,1283,1054,448,1149,1806,414,43,711,1856,1143,128,1725
203,1993,1197,1796,1156,74,498,1214,8,357,1541,456,31,35,1933,1995,375,174,92,958,823
204,1355,1512,582,1751,1010,1058,1705,1054,1764,1283,448,1806,1149,414,43,711,1856,95,1143,128
205,1933,1541,1214,1156,498,456,1993,357,823,35,1995,1197,74,289,444,1796,861,92,8,44
206,1214,1156,1541,1995,1522,375,174,958,823,1933,1684,1581,1018,806,861,456,1197,1869,2012,1276
207,1993,1197,1796,74,498,357,456,35,31,8,823,1214,1156,1933,92,1541,1637,861,1995,289
208,498,1214,1197,35,74,1796,823,1993,456,1156,1541,92,1995,357,1933,444,8,861,31,1637
209,727,1833,14,221,1396,852,93,749,1856,403,1725,1721,648,168,1958,998,613,255,128,1539
210,168,2037,1927,44,1133,1261,1042,1581,1541,1111,582,677,1000,1186,21,128,1214,1958,1061,1913
211,1993,1197,1796,1156,74,498,1214,8,357,1541,456,31,35,1933,1995,92,823,861,444,1637
212,1197,1214,1993,823,1156,74,444,1933,456,498,357,1995,1637,861,1796,1541,35,8,31,92
213,727,14,1833,221,852,93,1396,749,998,648,1721,403,711,1118,1856,1775,1749,168,364,1272
214,168,727,2037,852,44,1725,403,1649,904,414,1042,1958,14,1927,1833,1856,749,1111,357,1913
215,35,456,74,498,1197,1993,8,1637,357,92,1796,31,1214,1779,1156,740,117,1951,1933,1061
216,357,1993,1796,498,74,1214,31,1197,8,1933,456,1156,35,823,1541,861,92,1995,444,1637
217,1355,1512,582,1010,1751,1058,1705,1764,1283,1054,448,1806,1149,414,43,711,1856,1539,95,1143
218,7,2034,171,1214,1783,1581,513,799,561,1933,327,1541,227,1440,591,1699,1350,444,1322,1588
219,1833,727,14,221,93,1396,852,749,998,1856,403,1721,648,168,1703,711,1118,1749,128,903
220,35,456,74,498,1197,1993,8,1637,357,92,1796,31,1214,823,1156,444,1933,1995,861,1541
221,301,1721,1183,403,299,1725,1958,912,582,1672,1355,727,109,1751,1557,1520,731,819,523,1449
222,14,727,221,1833,1396,852,749,93,403,998,168,648,1876,1958,1721,613,255,364,1856,1272
223,301,1721,1183,299,403,1725,1355,1958,1751,912,763,582,1283,1672,1054,727,1557,109,1010,712
224,301,1721,1183,299,912,582,1355,1751,1672,403,109,1283,1054,763,1958,43,1557,1520,731,819
225,1355,582,1283,1751,1010,1058,1512,1705,1764,1054,1149,448,1806,414,1539,711,1749,1118,1143,43
226,1779,1009,1387,740,1951,117,1197,8,31,1993,498,357,74,1796,456,35,1637,92,1933,1214
227,301,1721,1183,299,1355,1751,763,582,1283,1054,1672,912,109,727,403,1010,712,1118,1749,1764
228,1214,1541,444,1933,823,1995,1156,861,1796,1197,498,74,35,31,1993,1637,357,456,8,92
229,375,1018,1684,806,1718,1064,1995,1214,861,1541,1156,444,691,823,1933,1692,434,531,963,677
230,168,1061,1927,2037,727,1111,44,21,1833,1261,1913,1186,1697,1000,1492,1042,1192,1814,1541,852
231,727,14,221,1833,852,93,749,1396,998,1721,403,648,1856,1775,168,1272,128,1958,671,1703
232,168,2034,1783,513,7,171,799,327,1581,2037,727,713,1833,14,221,21,44,1061,2013,364
233,727,14,221,1833,1396,852,749,93,403,998,648,1876,1958,168,364,1856,1272,1883,1476,1721
234,375,1018,1684,806,1064,958,1718,1133,1750,791,677,944,871,1581,991,1480,2068,870,1995,1156
235,35,456,74,498,1197,1993,8,1779,1637,357,92,1796,31,1009,1387,740,1951,117,1214,1156
236,301,1721,1183,299,403,1725,1355,1958,1751,763,712,582,1283,727,1054,1672,912,109,1010,1118
237,1355,582,1751,1283,1010,1512,1058,1705,1764,1054,448,1806,414,1149,1539,711,1749,1118,1143,43
238,375,1018,1684,806,1718,1064,677,357,1133,92,8,1993,456,1197,74,1637,31,35,498,1796
239,1355,1512,582,1010,1751,1058,1705,1764,1283,1054,448,1806,1149,414,43,711,1856,1539,1143,128
240,168,727,852,1721,1833,2037,221,44,1958,403,14,1950,1186,1042,749,93,1261,1061,498,375
241,498,1197,35,74,1796,1993,1214,456,92,357,8,1541,444,823,31,861,1933,1156,1637,1995
242,35,456,74,498,1197,1993,8,1637,357,92,1796,31,1214,1779,1156,740,117,1951,1933,1995
243,1355,1010,582,1751,1705,1512,1764,1283,1058,1054,448,1806,1149,414,128,1775,43,711,1961,1856
244,1993,1197,1796,74,498,357,456,31,35,8,44,1637,1214,1156,410,2037,92,1588,1541,823
245,375,1018,1933,1541,1214,1156,1684,806,1064,823,1995,1718,444,861,1750,691,791,357,944,871
246,963,691,1624,434,1692,719,531,174,1684,375,591,1447,1018,806,1718,1869,227,1064,1214,1541
247,14,727,221,1833,1396,852,749,93,403,998,168,648,1703,1876,1958,1721,613,255,364,1856
248,1197,1796,498,357,35,74,456,1993,8,92,31,1637,740,1951,1156,1214,1018,823,806,1995
249,7,513,1783,799,1588,1214,171,327,2034,958,1581,1541,410,861,823,1933,1156,1995,444,794
250,1214,1156,823,1995,1541,1933,1581,861,444,174,1869,44,498,958,1197,2037,289,410,1350,1796
251,14,221,727,1833,1396,93,852,749,403,998,1721,648,1876,1958,711,1118,128,364,1749,1856
252,301,1721,1183,299,912,582,1355,1751,712,727,1672,403,109,1283,1054,763,1958,43,1557,1520
253,1197,1214,1993,823,1156,74,444,1933,456,498,357,1995,1637,861,1796,1541,35,8,31,92
254,1197,1796,498,357,35,74,456,1993,8,92,31,1637,44,740,410,2037,1588,1061,1951,1814
255,1355,1512,582,1751,1010,1058,1705,1764,1283,1054,448,1806,1149,414,43,711,1856,1539,1143,128
256,301,1721,1183,299,912,582,1355,1751,1672,403,109,727,1283,1054,763,1958,43,1557,1520,731
257,174,1869,1284,1581,909,1567,958,1915,475,698,1032,465,68,1023,2059,113,1214,995,1559,1046
258,1993,1197,1796,74,498,357,1214,1156,456,35,31,8,1541,1995,375,174,958,92,823,1933
259,357,1993,1796,498,74,1214,31,1197,8,1933,456,1156,35,823,1541,861,92,1995,444,1637
260,1214,1995,823,1156,1541,861,1933,444,375,1684,806,1018,1750,357,1718,791,1064,74,1993,498
261,168,1927,2037,727,1133,1721,852,1261,1042,677,749,1833,1581,1541,1763,1186,21,581,1418,375
262,168,2037,1133,44,677,1260,852,581,1065,1000,1541,375,1913,1214,1186,870,727,1927,2034,171
263,1355,1512,582,1751,1010,1058,1705,1054,1764,1283,1149,1806,448,414,711,95,1539,1143,1749,1649
264,168,727,852,1721,1833,2037,1913,221,44,1958,1649,904,582,414,14,1186,1751,93,483,1261
265,301,1721,1183,299,1355,1751,912,582,763,712,1283,727,1672,1054,403,109,1010,1118,1749,1764
266,1933,1541,1214,1156,823,1995,444,861,357,1796,74,561,498,35,1197,92,1993,456,31,958
267,1156,498,1214,1796,8,1541,1197,31,1933,44,1993,74,1995,357,410,92,2037,456,823,1588
268,871,1750,991,944,791,2068,1480,2043,422,172,621,1793,759,905,1035,1844,729,2065,1447,122
269,301,1721,1183,299,109,403,1355,912,948,1672,1751,763,582,1283,819,1054,1520,523,670,727
270,727,14,221,1833,93,1396,852,749,998,1721,403,648,1703,1856,1775,128,1883,1476,711,671
271,301,1721,1183,403,1725,1958,299,582,1355,1751,712,727,1557,1283,1054,763,43,224,358,912
272,1214,1541,1995,823,1933,174,861,1156,444,561,1640,787,1440,8,1869,1699,1197,357,1621,1022
273,35,456,74,498,1197,1993,8,1779,1637,357,92,1796,31,1009,1387,740,1951,117,1214,1156
274,301,1721,1183,299,912,582,1355,1751,1672,403,109,1283,1054,763,1958,43,1557,1520,731,819
275,1779,740,1951,1009,1387,117,1197,1796,8,74,31,1993,498,357,1214,92,1156,456,35,1933
276,174,1588,1581,513,410,171,591,1869,1783,1350,1447,2034,561,799,327,1214,7,2054,794,1937
277,1588,410,1447,591,799,7,1783,171,327,2034,513,1581,195,1214,1332,918,1156,156,571,561
278,1355,1512,582,1010,1751,1058,1705,1764,1283,1054,1149,1806,448,414,711,1539,1143,1749,109,738
279,727,14,221,1833,852,1396,93,749,1856,403,1725,648,1958,998,1721,168,364,1272,1539,1775
280,301,1721,1183,109,299,403,912,948,1672,582,1355,1751,819,1520,523,670,1283,1054,474,731
281,1833,727,14,221,852,93,749,1396,1856,403,1725,1721,998,648,168,1958,903,364,1272,1775
282,301,1721,1183,299,109,403,1355,912,948,1672,1751,763,582,1283,819,1054,1520,523,670,727
283,44,289,2037,498,1197,35,74,1796,1993,456,92,357,8,31,1214,1637,823,1156,1995,958
284,1156,498,1214,1796,8,1541,1197,31,1933,1993,74,1995,823,357,92,456,861,444,35,1637
285,888,846,378,1522,990,1652,942,2012,1276,1488,1770,236,375,1018,1781,2054,1684,1350,1844,1718
286,1214,1156,823,1933,1995,1541,444,861,1796,74,1197,498,1993,31,92,35,1869,8,456,1637
287,1197,1214,1993,823,1156,74,444,1933,456,498,357,1995,1637,861,1796,1541,35,8,31,92
288,35,456,74,498,1197,1993,8,1637,357,92,1796,31,1156,1214,1541,1779,1933,740,1995,117
289,301,1721,1183,403,299,1725,1958,912,582,1672,1355,727,109,1751,1557,43,763,1520,819,523
290,168,2037,44,1833,727,1665,1214,1927,1541,1133,1721,289,21,1061,1261,1111,357,1913,1000,1697
291,1355,582,1283,1751,1010,1512,1058,1705,1764,1054,448,1149,1806,414,1539,711,1749,1118,1143,95
292,375,1018,1684,806,1718,1064,677,1133,963,1692,1844,434,174,691,1624,531,839,719,759,621
293,168,2037,1061,727,1927,1111,21,1833,14,221,44,1261,998,1283,1697,1000,1492,852,749,1721
294,95,1751,1283,1355,1512,582,1705,1058,1054,1010,1775,474,109,1764,712,1118,1381,1749,1961,403
295,1197,1214,1993,823,1156,74,444,1933,456,498,357,1995,1637,861,1796,1541,35,8,31,92
296,498,1993,1796,1197,35,74,31,456,44,8,357,1637,1214,1156,410,2037,92,1588,823,1995
297,301,1721,1183,109,299,403,912,948,1672,819,1520,523,670,474,731,1958,65,575,1534,1557
298,168,727,852,2037,1721,1833,221,1958,1649,904,414,14,44,1186,93,1042,1111,582,1725,483
299,1156,498,1214,1796,8,1541,1197,31,1933,44,1993,74,1995,357,410,92,2037,456,823,1588
300,1779,1197,1214,740,1993,823,1156,1951,74,444,1933,1009,456,1387,498,357,1995,1637,861,1796
301,727,14,221,1833,852,1396,93,749,998,403,1856,648,1958,1721,168,1272,1539,671,1749,1763
302,727,14,1833,221,1396,93,852,749,998,403,1856,648,1958,1721,711,1118,168,128,1749,1539
303,1355,1751,1010,582,1705,1512,1764,1283,1058,1054,448,1806,1149,414,43,711,1856,1539,95,1143
304,168,2037,44,1833,1913,1186,727,1665,1061,1042,1927,1192,1261,498,375,840,21,1111,14,582
305,168,1783,7,2034,799,513,327,171,727,852,1721,364,1833,221,2037,1958,14,1665,1186,1764
306,301,1721,1183,109,403,299,1725,1958,912,948,1672,582,712,727,1355,819,1520,523,670,474
307,823,1933,1214,861,1156,1995,1541,444,958,525,31,289,498,870,1197,1796,357,1581,174,99
308,1588,410,799,1783,171,7,327,2034,513,1214,174,1581,2013,1350,823,1869,1937,289,958,6
309,1197,1796,1779,1214,498,357,740,1993,823,1156,1951,74,444,1933,1009,456,1387,35,1995,1637
310,301,1721,1183,299,403,1725,1355,1958,1751,582,763,712,1283,727,1054,912,109,1672,1010,1118
311,168,1061,1927,2037,1111,21,44,1725,1261,1697,1042,1000,1492,1133,1814,1856,1541,357,1913,1740
312,35,456,74,498,1197,1993,8,1637,357,92,1796,31,289,44,2037,1214,1779,1156,740,117
313,171,513,1783,799,2034,7,327,1588,410,1581,697,1058,582,1010,1764,1512,1054,1283,1355,1541
314,1197,1214,1993,823,1156,74,444,1933,456,498,357,1995,1637,861,1796,1541,35,8,31,92
315,168,2037,44,1725,1927,1042,1856,1061,1111,1697,357,1913,21,1133,1958,128,1261,581,613,1950
316,1197,1214,1993,823,1156,74,444,1933,456,498,357,1995,1637,861,1796,1541,35,8,31,92
317,168,2037,1927,44,1133,1958,1261,1186,1492,1042,677,1721,21,582,1061,1581,1541,1111,1192,727
318,174,1588,44,1581,1214,1156,410,2037,1796,1869,823,1995,289,1993,1541,1197,498,1933,2013,35
319,498,456,1993,44,357,35,1197,74,289,1796,2037,92,8,31,1637,958,823,1214,1156,1933
320,1993,1197,1796,74,498,357,35,456,31,8,1214,1156,92,1541,1637,823,289,1933,861,1995
321,174,1869,1018,375,1214,1684,1522,1995,444,823,1750,1541,1933,1447,990,1652,1156,1718,888,1993
322,168,727,2037,1833,44,14,221,21,1061,1649,904,1927,998,1283,414,852,749,1355,1751,1111
323,1355,582,1751,1283,1010,1058,1512,1705,1764,1054,1149,448,1806,414,1539,711,1749,1118,1143,43
324,1197,1214,1993,823,1156,74,444,1933,456,498,357,1995,1637,861,1796,1541,35,8,31,92
325,727,14,1833,221,93,1396,852,749,1721,998,168,403,648,711,128,1118,1749,1856,1775,1883
326,727,14,1833,221,93,1396,852,749,1856,403,998,1725,648,1721,1703,711,1118,1958,1749,128
327,1355,1512,582,1010,1751,1058,1705,1764,1283,1054,1149,1806,448,414,711,1539,95,1143,1749,1649
328,1197,1214,1993,823,1156,74,444,1933,456,498,357,1995,1637,861,1796,1541,35,8,31,92
329,35,456,74,498,1197,1993,8,1637,357,92,1796,31,1214,823,1156,444,1933,1995,861,1541
330,727,14,1833,221,852,1396,93,749,1721,168,998,648,403,128,613,255,1042,1272,1775,671
331,727,1833,14,221,1396,852,93,749,1856,403,998,1725,1721,648,1958,168,1042,128,1775,1539
332,1197,1214,1993,823,1156,74,444,1933,456,498,357,1995,1637,861,1796,1541,35,8,31,92
333,1156,498,1214,1796,8,1541,1197,31,1933,44,1993,74,1995,823,357,410,92,2037,456,1588
334,168,2037,1111,1061,1042,1958,1927,1186,787,1581,44,1261,1950,582,1192,852,1283,21,1993,1764
335,375,1018,1933,1684,1541,1214,1156,806,1718,823,1064,958,1995,444,861,1133,677,357,174,1796
336,174,1869,1018,375,1684,1522,1995,444,1750,1447,990,1652,1214,1718,888,1541,1156,1064,806,2012
337,1197,1214,1933,1541,1156,1993,823,74,498,444,456,357,1995,1637,861,1796,35,8,31,92
338,727,1833,14,221,1396,852,93,749,403,1721,168,1856,648,1958,998,128,364,1775,1539,255
339,498,456,1993,357,35,1197,74,289,44,1796,2037,1214,958,92,1588,8,410,1156,1541,31
340,1197,1214,1869,1993,823,1156,74,174,444,1933,456,498,357,1995,1637,861,1796,1541,35,8
341,168,727,852,403,1927,1042,1958,1856,1833,1283,14,2037,1725,749,1061,1697,21,1111,1133,1721
342,1588,410,1447,591,799,7,1783,171,327,2034,513,1581,195,1214,1332,918,1156,156,571,561
343,727,1833,14,221,1396,852,93,749,403,998,1856,648,1118,1721,1958,1664,1703,1775,1042,128
344,1214,823,1156,1541,498,1796,8,1197,31,289,1933,1995,1993,861,74,444,357,92,456,35
345,1197,1214,1993,823,1156,74,444,1933,456,498,357,1995,1637,861,1796,1541,35,8,31,92
346,168,2037,727,852,44,403,1927,1958,1581,1856,1541,14,1042,1721,1833,1509,1725,749,1061,1697
347,35,456,74,498,1197,1993,8,1637,357,92,1796,31,1214,823,1156,444,1933,1995,861,1541
348,357,1993,1796,498,74,1214,31,1197,8,1933,456,1156,35,823,1541,861,92,1995,444,1637
349,1197,1214,1993,823,1156,74,444,1933,456,498,357,1995,1637,861,1796,1541,35,8,31,92
350,1197,1796,498,357,35,74,456,1993,8,92,31,1637,1779,740,1214,1951,1009,1156,1933,117
351,168,727,852,2037,1927,403,1958,1061,1042,14,1133,1261,1833,749,1581,1541,1186,1856,582,21
352,301,1721,1183,299,912,582,1355,1751,712,727,1672,403,109,1283,1054,763,1958,43,1557,1520
353,1197,1796,498,357,35,74,456,1993,8,1156,1214,92,31,1541,1637,1933,1995,740,375,174
354,1214,1933,1156,861,444,1541,1197,1995,1993,823,74,456,498,357,1637,1796,35,8,31,92
355,375,944,871,791,1018,2068,1869,806,174,1684,1581,1750,1718,991,422,1447,122,1844,1588,1064
356,301,1721,1183,299,1355,1751,912,763,712,582,1283,727,1672,1054,109,403,1010,1118,1749,1764
357,1156,498,1214,1796,8,1541,1197,31,1933,1993,74,1995,357,375,823,174,92,958,456,861
358,1355,1512,582,1010,1751,1058,1705,1054,1764,1283,1149,1806,448,414,711,95,1539,1143,1749,109
359,727,14,1833,221,1396,852,93,749,998,168,648,613,403,1856,255,1775,1883,1476,1721,1703
360,168,2037,44,1581,1042,1721,852,1509,1763,727,965,1950,1133,1833,609,967,904,1192,1856,1186
361,1833,727,14,221,852,93,749,1396,1856,998,403,1721,648,168,1703,128,903,364,1272,671
362,1197,1796,1214,498,357,1993,823,1156,74,444,1933,456,35,1995,1637,861,8,1541,31,92
363,168,2037,1133,1111,1061,1042,44,1927,1186,1261,677,582,1000,852,21,1993,1764,375,128,1054
364,727,14,221,1833,1396,93,852,749,403,1856,1725,1721,998,648,1876,1958,128,364,1272,1775
365,1197,1796,1214,498,357,1993,823,1156,74,444,1933,456,35,1995,1637,861,8,1541,31,92
366,375,1018,1684,806,1718,1064,958,1133,677,1581,870,1156,92,1993,456,1214,1197,74,1637,8
367,1993,1197,1796,74,498,357,1214,1156,456,35,31,8,1541,1995,375,174,958,92,823,1933
368,35,456,74,498,1197,1993,8,1637,357,92,1796,31,1214,823,1156,444,1933,1995,861,1541
369,727,14,1833,221,1396,852,93,749,1721,168,648,998,128,1042,364,1775,255,1272,1856,613
370,168,727,1061,1927,2037,1111,852,21,403,1261,44,1697,1000,1958,1492,14,1042,1833,1814,749
371,727,14,221,1833,852,749,93,1396,998,1721,168,403,648,128,1856,1272,1958,1775,671,364
372,1214,1156,823,1995,1541,1933,861,958,1796,444,2037,44,1993,1197,498,1869,35,1581,456,289
373,375,1018,1684,806,1718,1064,677,1133,92,1993,456,1197,74,1637,8,357,35,31,498,1796
374,301,1721,1183,299,403,1725,1355,1958,1751,582,763,1283,1054,727,912,109,1672,1010,712,1118
375,1355,1512,582,1751,1010,1058,1283,1705,1764,1054,1806,448,414,1149,1539,711,1749,1118,1143,43
376,35,456,74,498,1197,1993,8,1637,357,92,1796,31,1214,823,1156,444,1933,1995,861,1541
377,1355,1751,1010,582,1058,1705,1512,1764,1283,1054,1149,448,1806,414,711,1539,1143,109,738,1649
378,168,2037,1927,44,1833,727,1665,787,1581,1492,1721,21,1261,1950,1061,498,375,1111,1697,14
379,168,2037,44,1927,1541,1133,1261,1721,1042,1111,357,1913,1581,1186,21,128,581,613,1000,852
380,168,727,2037,852,403,1833,1958,1665,44,14,1042,1186,749,582,1061,1111,1192,1856,1000,93
381,1214,1156,1541,1995,375,174,958,823,1933,1684,1581,1018,806,861,456,1197,1869,35,1993,498
382,1581,1869,1197,1214,561,6,1993,823,1156,174,74,444,1621,1933,456,1447,498,1640,1440,357
383,14,727,221,1833,1396,93,852,749,403,998,168,648,1721,1703,1876,1958,711,1118,613,255
384,727,14,1833,221,93,1396,852,749,998,168,1721,648,711,1118,613,128,255,1749,364,1856
385,1197,1214,1933,1541,1156,1993,823,74,444,456,498,357,1995,1637,861,1796,35,8,31,92
386,1010,582,1058,1355,1705,1751,1512,1764,1283,1054,1149,448,1806,414,711,1539,95,1143,109,738
387,1197,1796,498,357,35,74,456,1993,8,92,31,1637,740,1214,1156,1541,823,1951,289,1933
388,1156,498,1214,1796,8,1541,1197,1933,31,1993,74,444,1995,823,357,861,92,456,35,1637
389,1993,1197,1796,1156,74,498,1214,8,357,1541,456,31,35,1933,1995,92,823,861,444,1637
390,1833,727,14,221,93,1396,852,749,403,998,1856,648,1721,1958,168,711,1118,1775,1749,903
391,1993,1197,1796,74,498,357,456,35,31,8,1214,1156,92,1541,1637,823,289,1933,861,1995
392,1833,14,221,727,1396,93,852,749,403,1856,998,1721,168,648,1876,1958,128,364,903,1272
393,1993,1197,1796,1156,74,498,1214,8,357,1541,456,31,35,1933,1995,823,92,861,444,1637
394,1197,1214,1993,823,1156,74,444,1933,456,498,357,1995,1637,861,1796,1541,35,8,31,92
395,727,14,1833,221,852,93,1396,749,1721,998,168,648,403,711,128,1118,1749,1272,1775,1856
396,301,1721,1183,109,299,403,912,948,1672,582,1355,819,1520,523,1557,670,474,731,1958,65
397,1197,1214,1993,823,1156,74,444,1933,456,498,357,1995,1637,861,1796,1541,35,8,31,92
398,498,1581,1197,35,74,1796,1993,456,444,92,357,8,1214,31,823,1933,1637,1541,1156,1995
399,1993,1197,1796,74,498,357,1214,1156,35,456,31,8,1637,1541,1995,375,174,958,92,823
400,375,1018,1684,806,1064,958,1718,1133,1750,791,677,944,871,1581,991,1480,2068,870,1995,1156
401,1993,1197,1796,74,498,357,456,35,31,8,1214,1156,92,1541,1637,823,289,1933,861,1995
402,301,1721,1183,299,1355,1751,582,763,712,1283,727,1054,403,912,109,1672,1010,1118,1749,1764
403,375,1018,1684,806,1718,1064,1214,1156,1541,1995,1522,174,958,823,1933,1581,861,456,1197,1869
404,1779,1009,1387,1951,117,740,1796,74,1214,498,1197,1993,31,92,35,1933,1156,861,8,456
405,301,1721,1183,109,299,403,912,948,1672,712,727,819,1520,523,670,474,731,1958,65,575
406,168,727,2037,852,1927,44,403,1958,14,1042,1833,1492,749,1721,21,1061,1111,582,1697,1856
407,2012,888,1522,1276,846,1993,1652,378,990,1770,1488,942,74,357,1796,236,456,35,1197,1684
408,1355,1512,582,1010,1751,1058,1283,1705,1054,1764,1806,448,1149,1539,711,414,1749,1118,1143,43
409,1156,498,1214,1796,8,1541,1197,31,1933,1993,74,1995,357,92,456,823,861,444,35,1637
410,168,2037,1927,44,1649,904,414,1061,1042,1492,1261,1721,21,1725,727,1697,582,1913,1993,852
411,791,1750,375,1480,871,944,991,591,1447,1995,2068,1018,1581,1214,174,1156,823,1064,958,806
412,727,14,1833,221,1396,93,852,749,1856,403,1725,998,1118,1721,1958,648,1664,1703,1775,128
413,35,456,74,498,1197,1993,8,1637,357,92,1796,31,1214,1779,1156,740,117,1951,1933,1995
414,35,456,74,498,1197,1993,8,1637,357,92,1796,31,1156,1214,1541,1779,1933,740,1995,117
415,168,2037,44,1927,1581,1214,1133,852,1261,1509,1541,289,21,1042,1061,727,1000,1697,1186,1933
416,1779,1197,1214,1009,1387,740,1993,823,1156,1951,117,74,444,1933,456,498,357,1995,1637,861
417,375,1018,1684,806,1718,1064,1214,1156,1541,1995,174,958,823,1933,1581,861,456,1993,1197,1869
418,168,1783,7,799,513,2034,327,171,852,648,727,2037,1927,749,44,403,1588,14,1958,1283
419,727,14,221,1833,93,1396,852,749,998,1721,403,648,1703,1856,128,364,1883,1476,255,1775
420,1156,498,1214,1796,8,1541,1197,35,74,31,1933,1993,1995,456,357,375,174,92,958,823
421,727,14,1833,221,1396,852,93,749,998,403,648,1703,168,128,1856,364,1721,255,1763,1272
422,1214,1933,1156,823,861,1995,1541,444,174,1869,31,958,1447,1796,591,498,74,35,1197,1581
423,1156,498,1214,1796,8,1541,1197,35,74,31,1933,1993,1995,456,357,92,823,861,444,1637
424,301,1721,1183,403,1725,1958,299,582,1355,1751,727,1672,1557,1283,1054,763,43,224,358,912
425,1933,1541,1214,1156,823,1995,444,861,1522,357,375,174,1796,74,958,561,498,35,1197,92
426,301,1721,1183,299,912,582,1355,1751,712,727,1672,403,109,1283,1054,763,1958,43,1557,1520
427,498,456,1993,357,35,1197,74,289,44,1796,2037,1214,1156,92,8,1541,1995,31,375,174
428,1355,1010,582,1058,1751,1705,1512,1764,1283,1054,448,1149,1806,414,43,711,1856,1539,1143,128
429,727,14,1833,221,1396,852,93,749,1856,403,998,1725,648,168,1958,613,255,1721,1539,1775
430,168,2037,44,1061,1927,1111,21,727,1261,1697,1000,1492,1721,1214,1950,1133,852,1814,1541,289
431,375,1018,1933,1684,1541,1214,1156,806,1718,823,1064,1995,444,861,357,1796,74,561,498,35
432,168,727,1721,852,1913,403,1833,582,2037,1958,1665,14,1751,1042,787,1581,749,44,483,1950
433,289,44,2037,1214,1156,1541,1995,823,375,174,1796,958,1933,1684,1581,1018,806,1993,861,456
434,1214,1156,823,498,1796,8,1541,1197,1933,1995,31,444,1993,74,357,92,861,456,35,1637
435,727,1833,14,221,1396,852,93,749,1856,403,1725,998,648,1958,1042,364,1721,1775,255,1539
436,727,1833,221,14,1396,749,93,852,403,1721,168,998,1118,1958,1664,648,128,1775,364,1856
437,727,14,1833,221,93,1396,852,749,1721,168,403,648,998,128,1856,1775,1883,1476,1272,1042
438,171,2034,7,513,799,1783,327,1588,410,1581,1541,1097,99,1781,195,2013,591,1156,823,697
439,1779,1197,1796,1009,498,357,1387,1951,117,35,740,74,456,1993,8,92,31,1637,1447,823
440,301,1721,1183,299,109,403,1355,912,948,1672,1751,582,763,1283,819,1054,1520,523,670,1010
441,174,561,1588,1640,1581,787,498,1440,8,1869,1699,1197,357,1621,410,1022,1214,1796,1583,1993
442,1833,727,14,221,93,1396,852,749,403,1856,648,1721,1958,998,168,1775,903,364,1539,255
443,498,1197,35,74,1796,44,1993,456,410,2037,1588,92,357,8,1214,31,289,1637,1933,1156
444,1197,1214,1993,823,1156,357,74,444,1933,456,1796,498,1995,1637,861,1541,35,31,8,92
445,168,2037,1927,727,44,852,1042,1856,1833,1958,1283,1725,1186,1492,1061,14,1721,1697,21,582
446,1588,1869,174,1581,410,958,1214,591,1699,1447,799,1156,1783,171,7,327,561,2034,513,1621
447,1355,1512,582,1010,1751,1058,1705,1764,1283,1054,448,1806,1149,414,128,1775,43,711,1961,1856
448,1018,806,1064,92,1684,375,1993,456,1197,74,1718,1637,8,357,35,31,498,1796,1581,171
449,44,289,2037,1156,823,1214,1541,1995,861,498,1933,456,1581,958,1993,444,1197,357,74,1937
450,1447,591,171,1581,2034,7,513,799,1783,195,327,1588,1214,1156,156,571,1869,174,1541,934
451,35,456,74,498,1197,1993,8,1637,357,92,1796,31,1214,823,1156,444,1933,1995,861,1541
452,1010,582,1058,1355,1705,1751,1512,1764,1283,1054,1149,448,1806,414,128,1775,711,1961,1539,1749
453,7,171,327,513,2034,799,1783,1588,1332,918,561,1712,794,1322,193,798,410,870,195,1511
454,1869,799,1783,171,513,1214,327,2034,7,1581,35,174,1588,958,1156,1796,1712,1637,8,31
455,375,1018,1684,806,1718,1064,677,1133,92,1993,456,1197,74,1637,8,963,357,35,31,498
456,1933,1541,1214,1156,823,1995,444,861,357,375,174,1796,74,958,561,498,35,1197,92,1993
457,1214,1995,823,1156,1541,861,1933,444,375,1684,806,1018,1796,174,958,8,1197,1750,357,498
458,727,1833,14,221,1396,852,93,749,1856,403,1725,998,1118,1721,1958,1664,648,1775,1042,613
459,727,14,1833,221,1396,852,93,749,403,998,1856,648,1118,1721,1958,1664,1703,1775,128,1539
460,1197,1796,498,357,35,74,456,1993,8,92,31,1637,44,740,410,2037,1588,1951,1156,289
461,1779,1197,1214,740,1993,823,1156,1951,74,444,1933,1009,456,1387,498,357,1995,1637,861,1796
462,301,1721,1183,109,403,299,1725,1958,912,948,1672,582,1355,1751,712,727,819,1520,523,670
463,301,1721,1183,1725,403,299,582,1958,727,1355,1751,712,168,670,731,1672,1283,1054,95,763
464,1197,1214,1993,823,1156,357,74,444,1933,456,1796,498,1995,1637,861,1541,35,31,8,92
465,1197,1796,498,357,35,74,456,1993,8,92,31,1637,740,1214,1951,1933,1156,823,861,444
466,1156,498,1214,1796,8,1541,1197,1993,31,456,1933,35,74,357,1637,1995,375,174,92,958
467,375,1018,1933,1684,1541,1214,1156,806,1718,823,1064,1995,444,861,357,1796,74,561,498,35
468,35,456,74,498,1197,1993,8,1637,357,92,1796,31,1214,1156,1779,44,740,1541,1995,117
469,1018,958,375,1133,806,691,677,1684,1692,1581,1064,434,531,963,1718,719,870,1624,1156,92
470,1214,1995,823,1156,1541,861,1933,444,375,1684,806,1018,1750,357,1718,791,1064,74,1993,498
471,301,1721,1183,403,299,1725,1958,912,582,1355,1751,1672,727,109,1283,1054,763,43,1557,1520
472,1933,1541,1214,1156,823,1995,444,861,691,357,375,174,1796,74,958,561,498,35,1197,92
473,35,456,74,498,1197,1993,8,1637,357,92,1796,31,1214,1779,1156,740,117,1951,1933,1995
474,375,1018,1684,806,1718,1064,1214,1156,691,1541,1995,174,958,823,1933,1692,1581,434,861,456
475,375,1018,1933,1684,1541,1214,1156,806,1718,823,1064,1995,444,861,357,1796,74,561,498,35
476,35,456,74,498,1197,1993,8,1637,357,92,1796,31,1156,1214,1541,1779,1933,740,1995,117
477,35,456,74,498,1197,1993,8,1637,357,92,1796,31,1214,823,1156,444,1933,1995,861,1541
478,14,727,221,1833,1396,852,749,93,403,998,1118,1721,1958,648,1664,1876,1775,364,1856,168
479,301,1721,1183,299,109,403,1355,912,948,1672,1751,582,763,1283,819,1054,1520,523,670,1010
480,301,1721,1183,299,1355,1751,582,763,1283,1054,403,912,109,1672,1010,712,1118,1749,1764,1958
481,168,1927,1649,904,1061,414,1042,2037,727,852,1261,1541,1725,1913,1833,1186,1149,1856,713,1961
482,1197,1796,498,357,35,74,456,1993,8,92,31,1637,1214,1156,740,1541,823,2037,1995,1951
483,1993,1197,1796,1156,74,498,1214,8,357,1541,456,31,35,1933,1995,92,823,861,444,1637
484,1355,1751,582,1512,1010,1705,1058,1764,1283,1054,448,1806,1149,414,43,711,1856,1143,128,1725
485,1197,1796,1214,498,357,1993,823,1156,74,444,1933,456,35,1995,1637,861,8,1541,31,92
486,2037,1541,44,823,1214,1156,1796,1933,1995,174,861,289,1581,1993,1197,498,1869,1588,410,35
487,1447,1869,174,791,944,591,2068,871,1581,1750,1588,1480,991,1937,227,410,1214,1018,958,1995
488,35,456,74,498,1197,1993,8,1637,357,92,1796,31,1214,1779,1156,740,117,1951,1933,1995
489,35,456,74,498,1197,1993,8,1637,357,92,1796,31,1214,1779,1156,740,117,1951,1933,1995
490,1355,582,1751,1283,1058,1512,1705,1010,1054,1764,1149,1806,448,414,1539,711,1749,1118,1143,43
491,1933,1541,1214,1156,823,1995,444,861,691,357,1796,74,561,498,35,1197,92,1993,1692,1684
492,1355,582,1751,1283,1010,1512,1058,1705,1764,1054,448,1806,414,1149,1539,711,1749,1118,1143,43
493,1993,1197,1796,74,498,357,456,35,31,8,1214,1156,92,1541,1637,823,289,1933,861,1995
494,14,221,727,1833,1396,852,93,749,403,998,1856,648,168,1958,1876,613,255,364,1272,1539
495,727,14,1833,221,93,852,1396,749,1721,168,403,998,648,128,1856,1775,364,255,1703,711
496,727,1833,14,221,93,1396,852,749,1856,998,1721,168,648,128,403,903,1883,1476,1272,1703
497,498,1197,35,44,74,1796,1156,1993,2037,456,823,92,1214,357,289,8,31,1541,1995,1637
498,168,2037,727,44,852,403,1111,1958,1214,1927,1133,14,1186,1042,1833,1541,289,21,749,1061
499,1833,727,14,221,93,1396,852,749,998,1856,403,168,1721,648,1703,711,1118,613,255,1749
500,168,2037,727,1927,44,852,1913,1186,1192,1133,1261,1833,1042,1581,1541,1111,582,840,1000,21
501,871,944,1750,991,2068,1480,823,791,1214,1156,1581,1541,861,174,2013,1995,1933,1937,1869,958
502,1197,1214,1993,823,1156,74,498,444,1933,456,357,1995,1637,861,1796,1541,35,8,31,92
503,1581,410,2037,1588,44,1869,1522,174,942,1750,375,1684,1018,871,1844,888,1064,2012,944,1447
504,35,456,74,498,1197,1993,8,1637,357,92,1796,31,1156,1214,1541,1779,1933,44,740,1995
505,498,1197,35,74,1796,1993,456,92,357,8,1581,31,1156,1214,1637,823,1541,1995,44,174
506,1779,1197,1214,1009,1387,1993,823,1156,1951,117,74,444,1933,456,498,740,357,1995,1637,861
507,1197,1214,174,1993,823,1156,74,444,1933,456,498,1869,357,1995,1637,861,1796,1541,35,1018
508,301,1721,1183,1725,109,299,403,912,948,1672,1958,727,582,1355,819,168,1520,523,670,731
509,35,456,74,498,1197,1993,8,1637,357,92,1796,31,289,44,2037,1214,1779,1156,740,117
510,301,1721,1183,1725,109,299,403,912,948,1672,582,1958,727,1355,1751,819,168,1520,523,670
511,1993,1197,1796,74,498,357,1214,1156,456,35,31,8,1541,1995,375,174,958,92,823,1933
512,1197,1214,1993,823,1156,74,444,1933,456,498,357,1995,1637,861,1796,1541,35,8,31,92
513,727,14,1833,221,1396,749,93,852,403,998,1118,1721,1958,1664,648,168,128,1775,364,613
514,301,1721,1183,403,1725,1958,299,582,1355,1751,727,1557,1283,1054,763,43,224,358,912,731
515,301,1721,1183,299,582,1355,1751,712,727,403,1557,1283,1054,763,1958,43,224,358,912,1672
516,1197,1214,1993,823,1156,74,444,1933,456,498,357,1995,1637,861,1796,1541,35,8,31,92
517,168,2037,44,1913,1186,1721,1950,1192,1261,1042,1061,498,375,1763,840,21,1684,1406,1927,727
518,171,513,1783,799,2034,7,327,1588,410,1581,1058,582,1010,1764,1512,1054,1283,1355,1541,1705
519,1010,582,1751,1512,1355,1705,1764,1283,1058,1054,448,1149,1806,414,711,1539,95,1276,43,1143
520,727,1833,14,221,1396,852,93,749,1721,168,998,403,648,1703,128,1856,1042,1775,1272,1958
521,168,2037,44,1721,1581,1214,1927,1950,1133,852,1509,1541,289,21,1061,1261,1000,1697,1913,1933
522,1214,861,1995,823,1156,1933,444,1541,1783,2034,7,327,171,1588,410,174,513,799,1869,99
523,174,1869,1581,1214,2013,1588,1156,410,1541,1640,1712,823,513,794,561,171,571,861,193,958
524,727,14,221,1833,852,1396,749,93,998,403,648,1721,168,128,1856,1272,1958,671,1763,364
525,1783,513,799,7,2034,327,171,1588,410,1214,174,1581,1350,6,1869,958,561,2054,1640,1322
526,168,1061,2037,1927,1111,21,1261,44,1697,1000,1492,1042,1958,1814,1186,582,1541,1192,1740,912
527,2037,1541,44,823,1214,1156,1796,1933,861,1995,174,444,289,1581,1993,1197,498,1869,1588,410
528,1156,498,1214,1796,8,1541,1197,31,1933,44,1993,74,1995,357,410,92,2037,456,823,1588
529,1933,1541,1214,1156,375,806,1018,823,1684,1995,444,861,1581,1064,357,1588,1718,410,1796,74
530,1993,1197,1796,74,498,357,456,35,31,8,1214,1156,92,1541,1637,823,2037,1995,44,289
531,301,1721,1183,299,403,1725,1355,1958,1751,582,763,1283,1054,727,1672,912,109,1010,712,1118
532,1214,1933,1156,861,444,1541,1995,823,31,74,1796,35,498,1993,1197,357,8,92,1637,456
533,1833,727,14,221,93,852,749,1396,998,1856,1721,168,403,648,613,255,903,128,1958,1775
534,375,1995,1214,1018,444,1541,1684,1933,861,823,806,1156,498,1197,1064,35,74,2037,1796,44
535,1933,1541,1214,1156,357,1993,498,1796,456,74,823,31,35,1197,8,1995,289,444,861,92
536,1197,1796,498,357,35,74,456,1993,8,1156,1214,92,31,1541,1637,1933,1995,740,375,174
537,1355,1512,582,1751,1010,1058,1705,1054,1764,1283,448,1806,1149,414,43,711,1856,1143,128,1539
538,35,456,74,498,1197,1993,8,1637,357,92,1796,31,1214,823,1156,444,1933,1995,861,1541
539,727,14,221,1833,852,93,1396,749,1856,403,998,1725,648,1721,1958,168,1272,1775,671,1539
540,1214,1581,1869,1995,1197,174,1796,74,35,1993,823,1933,31,456,1156,1541,498,357,1637,8
541,1197,1796,498,357,35,74,456,1993,8,1156,1214,92,31,1541,1637,1933,44,1995,740,410
542,1197,1214,1993,823,1156,74,444,1933,456,498,357,1995,1637,861,1796,1541,35,8,31,92
543,1214,1541,1933,823,444,1156,861,1995,1796,289,498,357,74,958,1993,1197,35,31,8,456
544,168,2037,1833,44,1927,727,221,852,1133,1261,1042,1111,1260,357,1913,1581,1541,581,1065,1186
545,1156,498,1214,1796,8,1541,1197,31,1933,1993,74,1995,357,823,92,456,861,444,35,1637
546,1018,375,1684,1933,1541,1214,806,1156,434,823,1718,963,1844,1624,1064,1995,621,1800,1793,2043
547,1197,1214,1993,823,1156,74,444,1933,456,498,357,1995,1637,861,1796,1541,35,8,31,92
548,168,727,852,1927,1725,2037,403,1042,1958,14,1133,44,1261,1833,1856,749,1581,1541,1186,21
549,1993,1197,1796,74,498,357,958,456,1581,35,31,8,1214,1156,92,1869,1541,1637,823,410
550,498,456,1993,357,35,1197,74,289,44,1796,2037,1214,958,92,1588,8,410,1156,1541,31
551,375,1018,1684,806,1718,1064,677,357,1133,92,8,1993,456,1197,74,1637,31,35,498,1796
552,727,1833,14,221,852,93,1396,749,998,403,1721,648,711,1118,168,1856,1749,364,1958,1539
553,35,456,74,498,1197,1993,8,1637,357,92,1796,31,1214,1779,1156,740,117,1951,1933,1995
554,727,14,221,1833,1396,852,749,93,403,998,1876,1958,648,364,1856,1272,255,613,1763,1042
555,727,14,1833,221,1396,852,93,749,403,1721,168,1856,648,1118,1958,998,1664,128,1775,1539
556,44,823,1214,1156,1541,1933,2037,1995,444,289,861,1581,2013,1869,1284,498,698,174,1350,1796
557,1933,1541,1214,1156,498,456,1993,357,823,35,1197,1995,1796,74,289,444,861,92,31,8
558,301,1721,1183,1725,299,403,1958,727,582,1355,168,1557,670,731,1672,95,1283,1751,224,358
559,1197,1214,1993,823,1156,74,444,1933,456,498,357,1995,1637,861,1796,1541,35,8,31,92
560,168,2034,1783,513,7,171,799,327,1581,2037,713,1833,2013,364,727,852,1042,440,44,581
561,35,456,74,498,1197,1993,8,1637,357,92,1796,1779,31,1214,740,823,1156,1951,444,1933
562,727,1833,14,221,1396,93,852,749,403,1856,998,1721,1118,1958,1664,168,648,1775,1042,903
563,1214,1541,1933,444,823,1156,861,1995,1993,74,1197,1796,31,498,8,35,1637,456,357,92
564,727,14,1833,221,852,93,1396,749,998,648,1721,403,711,1118,128,1749,168,1272,1883,1856
565,174,1621,561,1869,1640,6,1322,1699,1440,1581,787,794,8,1197,357,1022,1796,1583,31,1781
566,1833,727,14,221,93,852,749,1396,1721,168,1856,998,128,613,255,1775,903,403,1703,711
567,375,1018,1684,806,1718,1064,1214,1156,1541,1995,174,958,823,1933,1581,861,456,1197,1869,35
568,168,1783,7,2034,799,513,327,171,2037,364,1927,1725,44,1042,1764,1751,852,1283,93,1856
569,1214,1933,1156,823,861,1995,1541,444,357,1993,1796,498,74,31,1197,8,456,35,92,1637
570,1214,823,1156,1541,498,1796,8,1197,31,289,1933,1995,1993,861,74,444,357,375,174,92
571,1197,1214,1993,823,1156,74,444,1933,456,498,357,1995,1637,861,1796,1541,35,8,31,92
572,1588,1869,174,1581,410,958,1214,591,1699,1447,1156,171,561,1621,1541,799,823,7,289,1995
573,498,456,1993,357,35,1197,1796,74,289,44,2037,92,31,8,1214,1637,1156,1541,823,1933
574,1355,1512,582,1010,1751,1058,1283,1705,1054,1764,448,1806,1149,414,1539,711,43,1749,1118,1856
575,35,456,74,498,1197,1993,8,1779,1637,357,92,1796,31,1009,1387,740,1951,117,1214,1156
576,1197,1796,1779,498,357,740,1951,1009,1387,35,74,456,1993,117,8,92,31,1637,1156,1995
577,691,1692,1684,1018,434,531,963,719,806,1624,375,1718,1064,92,1993,456,591,1197,74,1637
578,498,1197,35,44,74,823,1214,1156,1796,1541,289,1993,2037,1933,456,1995,92,357,861,8
579,1783,513,799,7,2034,327,171,1588,410,1214,1581,1156,174,823,1933,2013,1995,1869,1541,727
580,35,456,74,498,1197,1993,8,1637,357,92,1796,31,1214,1779,1156,740,117,1951,1933,1995
581,375,1018,1684,806,1718,1064,1995,1214,861,1541,1156,444,823,1933,677,1133,1581,963,958,871
582,727,14,1833,221,852,93,749,1396,998,1721,403,648,128,1856,1958,1883,1476,1775,1272,1042
583,168,2037,1927,727,852,1061,44,1042,1541,1721,1833,1261,1000,221,713,1913,691,1492,1958,581
584,727,14,1833,221,1396,852,93,749,403,998,1856,648,168,1958,1703,613,255,1775,128,1539
585,1197,1214,1993,823,1156,74,498,444,1933,456,357,1995,1637,861,1796,1541,35,8,31,92
586,301,1721,1183,299,912,582,1672,1355,1557,109,403,1751,224,358,1958,1520,731,819,523,948
587,357,1993,1796,498,74,1214,31,1197,8,1933,456,1156,35,823,1541,861,92,1995,444,1637
588,375,1995,1214,1018,444,1541,1684,1933,861,823,806,1156,498,1197,1064,35,74,1796,1750,1993
589,1197,1214,1993,823,1156,74,444,1933,456,498,357,1995,1637,861,1796,1541,35,8,31,92
590,168,1927,2037,1042,1133,1261,787,1581,44,1950,1541,1186,21,1000,357,1061,498,1913,1833,581
591,7,171,327,513,2034,799,1783,1588,1332,918,561,1712,794,1322,193,798,410,870,195,1511
592,171,513,1783,799,2034,7,327,44,2037,1588,410,289,1869,1937,1350,697,174,1581,2054,1652
593,168,1833,2037,727,221,852,1061,1042,1927,1261,1725,166,582,21,1993,1764,1054,357,1283,904
594,727,14,1833,221,852,93,749,1396,998,1721,403,648,128,1856,364,1958,255,1775,1272,613
595,168,1783,7,799,513,2034,327,171,852,648,727,2037,44,1833,749,403,1588,14,1958,1283
596,727,1833,14,221,1396,852,93,749,1856,403,1725,1118,1721,1958,1664,998,648,1775,1042,364
597,301,1721,1183,299,582,1355,1751,712,727,403,1672,1557,1283,1054,763,1958,43,224,358,912
598,1197,1214,1993,823,1156,74,444,1933,456,498,357,1995,1637,861,1796,1541,35,8,31,92
599,168,1061,1927,1111,21,2037,44,1725,727,852,1261,1913,1186,1042,1697,1000,1492,1833,1283,1192
600,1214,1541,444,823,1933,1995,1796,1156,861,74,1993,1197,498,31,92,35,8,1637,456,357
601,1197,1796,1214,498,357,1993,823,1156,74,444,1933,456,35,1995,1637,861,8,1541,31,92
602,1933,1541,1214,1156,1018,823,958,1995,375,444,861,1133,806,677,357,1684,1796,74,561,498
603,727,14,1833,221,1396,852,93,749,998,403,1856,648,1958,168,364,1539,1721,255,1749,1763
604,35,456,74,498,1197,1993,8,1779,1637,357,92,1796,31,1009,1387,1951,117,740,1214,1156
605,35,456,74,498,1197,1993,8,1637,357,92,1796,31,823,1156,1214,861,1933,1779,1541,740
606,168,1833,2037,1927,727,221,852,44,1721,1856,1061,1042,1950,1725,1261,1697,21,166,1133,582
607,1156,498,1214,1796,8,1541,1197,1993,31,456,1933,44,35,74,357,1637,1995,410,92,2037
608,498,1197,35,74,1796,1214,1993,1156,456,92,357,8,823,2037,1995,44,31,1541,1637,1933
609,1833,727,14,221,1396,93,852,749,403,1856,648,168,1721,1958,998,613,255,1042,903,1539
610,171,513,1783,799,2034,7,327,1588,410,1058,582,1010,1764,1512,1581,1097,1054,1283,1355,958
611,35,456,74,498,1197,1993,8,1637,357,92,1796,1779,31,740,1951,1009,1387,117,1214,1156
612,727,1833,14,221,93,1396,852,749,1856,403,998,1721,168,1725,648,711,128,1118,1958,1749
613,357,1993,498,1796,456,74,1214,31,35,1197,8,1933,1156,823,289,1541,861,92,1995,444
614,888,846,378,1522,990,1652,942,2012,1276,1488,1770,236,1684,6,1640,1440,1699,806,561,1018
615,1588,1869,174,1581,410,995,465,1046,1023,591,909,1032,68,475,1447,113,799,1915,298,1567
616,95,1751,1283,1355,1512,582,1705,1058,712,43,1054,1010,1775,109,1764,731,1961,1118,1381,670
617,44,1796,2037,74,1214,498,1197,1581,1993,31,92,1915,35,1933,1156,861,298,8,456,1588
618,727,1833,14,221,93,1396,852,749,1856,1721,998,403,168,648,903,128,1883,1476,1775,1703
619,1197,1214,1993,823,1156,74,444,1933,456,498,357,1995,1637,861,1796,1541,35,8,31,92
620,727,14,221,1833,852,1396,93,749,998,403,1856,648,1958,1703,1721,168,128,1272,1539,671
621,168,1061,1927,1111,21,2037,1261,44,1697,1000,1492,1042,1814,727,1541,852,1740,912,432,1583
622,168,2037,727,852,44,1721,1042,1950,1833,1000,1541,1913,1214,221,1133,870,998,1958,1927,1725
623,1833,727,14,221,1396,93,852,749,403,1856,1725,998,1721,168,1876,1958,648,364,1042,903
624,1197,1214,1993,823,1156,74,444,1933,456,498,357,1995,1637,861,1796,1541,35,8,31,92
625,1833,727,14,221,1396,93,852,749,998,403,1856,648,1721,1958,168,1042,903,1539,1749,1763
626,301,1721,1183,109,299,403,912,948,1672,582,1355,1751,819,1520,523,1557,670,1283,1054,474
627,727,1833,14,221,1396,852,93,749,998,403,1856,648,168,1958,613,255,364,1539,1721,1749
628,1833,727,14,221,93,1396,852,749,403,1856,648,1721,1958,998,168,128,1775,903,1539,1749
629,168,1783,7,799,513,2034,327,171,852,648,2037,727,1927,749,44,1588,14,1283,1492,1833
630,1933,1541,1214,1156,823,1995,444,861,1522,357,375,174,1796,74,958,561,498,35,1197,92
631,1833,727,14,221,93,852,1396,749,998,1856,1721,403,168,648,711,1118,1749,903,1958,1539
632,1993,1197,1796,74,498,357,35,456,31,8,1214,1156,92,1541,1637,823,289,1933,1951,861
633,168,1783,7,2034,799,513,327,171,727,2037,364,852,1927,44,403,1958,1764,14,1721,1751
634,1993,1197,1796,1156,74,498,1214,8,357,1541,456,31,35,1933,1995,375,174,92,958,823
635,171,513,1783,799,2034,7,327,44,2037,1588,410,289,1869,1937,1581,1350,1058,174,582,1010
636,1197,1214,1993,823,1156,74,444,1933,456,498,357,1995,1637,861,1796,1541,35,8,31,92
637,168,727,2037,1833,14,221,21,1061,1649,904,1927,998,1283,414,852,749,1665,1042,1355,1751
638,1197,1214,1993,823,1156,74,444,1933,456,498,357,1995,1637,861,1796,1541,35,8,31,92
639,301,1721,1183,1725,109,299,403,912,948,1672,1958,727,712,819,168,1520,523,670,731,474
640,35,456,74,498,1197,1993,8,1637,357,92,1796,31,1214,1779,1156,740,117,1951,1933,1995
641,168,2037,1061,1927,1111,21,1725,44,1261,1697,1042,1000,1492,1814,1856,1721,1541,1740,727,912
642,727,1833,14,221,1396,852,93,749,403,998,1721,1118,1958,1664,648,1775,1042,1856,128,613
643,168,1061,1927,1111,21,2037,727,852,1261,1133,44,1042,1697,1000,1492,1833,1283,1814,677,14
644,1833,727,14,221,93,852,749,1396,998,1856,1721,403,168,648,128,903,364,1958,255,1272
645,727,14,1833,221,1396,852,93,749,998,403,1856,1721,648,1958,128,1539,1883,1476,1749,1775
646,791,1750,375,1480,871,944,991,1995,2068,1018,1581,1214,174,1156,823,1064,958,806,1933,1541
647,1993,1197,1796,74,498,357,35,456,31,8,1214,1156,92,1541,1637,823,2037,1995,44,289
648,727,14,1833,221,852,93,749,1396,998,403,1721,648,711,1118,128,1856,1749,1958,1883,1476
649,1197,1214,1993,823,1156,74,444,1933,456,498,357,1995,1637,861,1796,1541,35,8,31,92
650,35,456,74,498,1197,1993,8,1637,357,92,1796,31,1214,1779,1156,44,740,117,410,1951
651,1197,1214,1993,823,1156,74,498,444,1933,456,357,1995,1637,861,1796,1541,35,8,31,92
652,727,14,1833,221,1396,852,749,93,403,1721,168,1118,1958,1664,648,998,128,1775,1042,613
653,375,1018,1933,1684,1541,1214,1156,806,1718,823,1064,1995,444,861,1522,357,1796,74,561,498
654,168,1721,2037,44,1913,1649,904,582,1186,727,414,1833,1958,1192,1751,483,1111,1927,357,840
655,35,456,74,498,1197,1993,8,1637,357,92,1796,31,1214,1779,1156,44,740,117,410,1951
656,1214,1156,1581,44,1869,1541,1995,410,375,174,2037,958,823,1588,1933,1937,1684,1018,806,1796
657,1214,1541,444,1933,823,1995,1796,1156,861,74,498,1197,1993,31,92,35,8,456,1637,357
658,35,456,74,498,1197,1993,8,1637,357,92,1796,31,1156,1214,1541,1779,1933,44,740,1995
659,168,2037,1927,44,1913,1186,1061,1042,1541,1192,1721,1261,1725,840,1406,852,727,1833,609,582
660,1993,1197,1796,74,498,357,456,35,31,8,44,823,1214,410,2037,1156,1933,92,1588,1541
661,1796,74,6,1214,1640,1440,1699,498,1197,561,1993,31,92,1621,1915,35,1933,1156,861,298
662,1214,1156,1779,1541,1995,1522,375,174,958,823,1933,1684,1581,1018,806,1009,861,456,1197,1869
663,35,456,74,498,1197,1993,8,1637,357,92,1796,1779,31,740,1951,1009,1387,117,1214,1156
664,168,2037,727,44,1833,1721,1950,1913,852,1111,582,1665,1000,1751,14,1133,128,221,1927,1283
665,1197,1214,1993,823,1156,74,444,1933,456,498,357,1995,1637,861,1796,1541,35,8,31,92
666,301,1721,1183,299,403,1725,1355,1958,1751,912,763,712,582,1283,727,1672,1054,109,1010,1118
667,35,456,74,498,1197,1993,8,1637,357,92,1796,31,1156,1214,1541,2037,1779,1933,44,740
668,1197,1214,1993,823,1156,74,444,1933,456,498,357,1995,1637,861,1796,1541,35,8,31,92
669,168,2037,1833,727,1665,1958,1541,1721,1186,582,1061,1111,1192,1000,14,93,1283,1927,1018,787
670,1214,498,1541,1197,35,74,823,1933,1156,1796,289,444,1993,44,456,1995,861,92,357,8
671,35,456,74,498,1197,1993,8,1637,357,92,1796,1779,31,1214,740,823,1156,1951,444,1933
672,14,727,221,1833,1396,852,93,749,403,998,1856,648,1958,1703,1876,168,364,128,1272,1539
673,727,14,1833,221,93,1396,852,749,1856,403,998,1725,1721,648,711,1118,1958,128,1749,1883
674,958,1581,1588,410,1214,1699,799,1156,1783,171,7,327,561,2034,513,1621,1541,823,289,1995
675,168,1833,1927,1133,727,1665,1856,2037,1725,1061,677,1697,21,852,1042,1111,14,93,1958,375
676,375,1018,1933,1684,1541,1214,1156,806,1718,823,1064,1995,444,861,1522,357,1796,74,561,498
677,1833,14,221,727,1396,93,852,749,403,1721,168,1856,998,648,1876,1958,128,364,903,1272
678,1018,375,1684,806,434,823,1718,963,1844,1624,1156,1064,621,1800,1214,1793,2043,498,861,1898
679,14,727,221,1833,1396,852,93,749,403,998,1721,648,1703,1876,1958,364,1856,128,1272,1883
680,498,1197,35,74,1796,1214,1993,456,1933,823,1156,92,1541,444,357,8,861,31,1995,1637
681,1933,1541,1214,1156,357,1993,498,1796,456,74,823,31,35,1197,8,1995,289,444,861,92
682,35,456,74,498,1197,1993,8,1637,357,92,1796,31,1156,1214,1541,1779,1933,44,740,1995
683,498,1197,35,74,1796,1993,1214,1541,823,456,1933,92,357,8,861,1156,1995,31,444,1637
684,727,14,1833,221,93,1396,852,749,1856,403,998,1725,1721,648,711,1118,1958,128,1749,364
685,1156,498,1214,1796,8,1541,1197,35,74,31,1933,44,1993,1995,456,357,410,92,2037,823
686,1779,1197,1796,1214,1009,498,357,1387,1993,823,1156,1951,117,74,444,1933,456,35,740,1995
687,168,727,1927,852,403,1061,1958,1042,14,1833,1133,749,1261,1541,677,1856,1186,998,1725,498
688,1197,1796,1214,498,357,1993,823,1156,74,444,1933,456,35,1995,1637,861,8,1541,31,92
689,168,2037,1721,727,1927,1833,44,14,221,21,1913,1061,582,998,1283,852,749,1958,1751,1355
690,823,1214,1156,1541,289,444,1933,44,1995,861,1796,357,74,1993,498,1197,2037,8,35,456
691,1833,727,14,221,93,1396,852,749,403,998,1856,1721,1118,1958,1664,168,648,1775,903,364
692,1197,1796,1214,498,357,1993,823,1156,74,444,1933,456,35,1995,1637,861,8,1541,31,92
693,168,2037,727,1927,1833,14,221,21,44,1061,998,1283,852,749,1581,1133,1261,1509,1355,1751
694,727,1833,14,221,1396,93,852,749,403,1721,998,168,1856,648,1958,711,128,1118,1749,364
695,1018,958,1684,1156,375,498,1214,1796,8,1541,1197,31,1133,806,1933,1993,74,691,1995,677
696,14,221,727,1833,1396,852,749,93,403,998,168,648,1876,1958,613,128,255,364,1856,1272
697,168,1927,727,2037,1833,14,221,21,1725,1061,998,1283,1042,852,749,44,1133,1355,1751,1856
698,357,1993,1796,498,74,1214,31,1197,8,1933,456,1156,35,823,1541,861,92,1995,444,1637
699,1779,1197,1214,740,1993,823,1156,1951,74,444,1933,1009,456,1387,498,357,1995,1637,861,1796
700,1933,1541,1214,1156,357,1993,1796,498,74,823,31,1197,8,1995,456,35,444,861,92,1637
701,791,1750,375,1480,871,944,991,1995,2068,1018,1581,1214,174,1156,823,1064,958,806,1933,1541
702,727,14,221,1833,852,93,749,1396,998,1721,403,648,1856,168,1272,128,1958,1883,1476,671
703,1156,498,1214,1796,8,1541,1197,31,1933,44,1993,74,1995,357,410,92,2037,456,823,1588
704,35,456,74,498,1197,1993,8,1637,357,92,1796,31,1214,1779,1156,740,117,44,1951,2037
705,823,1214,1156,1541,289,1933,44,1995,444,861,1796,357,74,1993,498,1197,2037,8,35,456
706,1197,1214,1993,823,1156,74,444,1933,456,498,357,1995,1637,861,1796,1541,35,8,31,92
707,823,1214,1541,1933,1156,1796,1995,444,861,2037,44,1993,1197,498,1869,35,456,1581,289,74
708,375,1018,1214,1684,1156,823,1995,1541,1933,806,1718,1581,861,958,1064,1750,444,174,1869,791
709,35,456,74,498,1197,1993,8,1637,357,92,1796,31,1214,823,1156,444,1933,1995,861,1541
710,1779,1009,1387,740,1951,117,1197,8,31,1993,498,357,74,1796,1156,456,35,1637,1995,1214
711,168,2037,727,44,852,1913,1186,1042,1833,1283,1192,1133,14,1111,840,1000,677,1406,1721,582
712,1355,1751,1058,1705,582,1512,1010,1764,1283,1054,1149,448,1806,414,711,95,109,738,1649,1856
713,168,1061,1927,1111,21,2037,44,1261,1697,1000,1492,1721,1958,1950,1814,1186,582,1541,498,375
714,168,1061,1721,1927,1111,21,2037,1913,1261,582,44,727,1697,1000,1492,1833,1958,1751,1133,1814
715,1156,498,1214,1796,8,1541,1197,1993,31,456,1933,35,74,357,1637,1995,92,823,861,444
716,375,1018,1684,806,1064,958,1995,1718,1214,861,1133,1541,1750,1156,444,823,1933,791,677,944
717,35,456,74,498,1197,1993,8,1637,357,92,1796,31,1214,1779,1156,740,117,1951,1933,1541
718,513,799,171,7,1783,44,2034,327,2037,1588,410,289,1869,1937,1350,1058,174,1581,582,1010
719,1581,410,2037,1588,44,1869,174,871,791,2068,991,1750,1480,1447,7,1350,1937,1156,1214,944
720,1214,1933,1156,861,444,1541,1995,823,498,1796,8,1197,31,74,1993,35,357,92,456,1637
721,1993,1197,1796,74,498,357,35,456,31,8,44,1214,410,2037,1156,92,1588,1541,1637,823
722,1355,1512,582,1010,1751,1058,1705,1054,1764,1283,448,1149,1806,414,43,711,1856,1143,128,1539
723,375,1018,1933,1684,1541,1214,1156,806,1718,823,1064,958,1995,444,861,1133,677,357,1796,74
724,1197,1796,1214,498,357,1993,823,1156,74,444,1933,456,35,1995,1637,861,8,1541,31,92
725,1993,1197,1796,1156,74,498,1214,8,357,1541,456,31,35,1933,1995,92,823,861,444,1637
726,1779,1197,1796,1009,498,357,1387,740,1951,117,35,74,456,1993,8,92,31,1637,1156,1995
727,1796,74,1214,498,1197,1993,31,92,35,1933,1156,591,861,8,456,1637,1581,444,1915,357
728,1355,1751,1010,582,1512,1705,1764,1283,1058,1054,448,1149,1806,414,711,1539,95,1143,109,738
729,2034,327,7,1783,513,1588,171,799,410,1581,174,1869,1214,794,1156,1712,561,1009,1350,193
730,375,1018,1684,1995,806,1214,1064,444,1541,1933,861,823,1718,1156,1750,791,944,871,991,1480
731,1197,1796,1214,498,357,1993,823,1156,74,444,1933,456,35,1995,1637,861,8,1541,31,92
732,1197,1214,1993,823,1156,74,444,1933,456,498,357,1995,1637,861,1796,1541,35,8,31,92
733,1197,1214,1993,823,1156,74,444,1933,456,498,357,1995,1637,861,1796,1541,35,8,31,92
734,35,456,74,498,1197,1993,8,1637,357,92,1796,31,1214,823,1156,444,1933,1995,861,1541
735,301,1721,1183,299,109,403,1355,912,948,1672,1751,763,712,582,1283,727,819,1054,1520,523
736,727,14,1833,221,1396,852,93,749,998,403,1721,168,1856,648,1958,128,1775,1539,1749,1703
737,727,14,1833,221,1396,852,93,749,998,403,648,1703,1856,1042,128,364,1883,1476,1721,255
738,35,456,74,498,1197,1993,8,1637,357,92,1796,31,1214,1779,1156,44,740,117,410,1951
739,1197,1214,1993,823,1156,74,444,1933,456,498,357,1995,1637,861,1796,1541,35,8,31,92
740,35,456,74,498,1197,1993,8,1637,357,92,1796,31,1156,1214,1541,1779,1933,44,740,1995
741,14,221,727,1833,1396,93,852,749,403,998,168,1721,1876,1958,711,1118,613,1856,255,1775
742,727,14,221,1833,852,93,749,1396,998,403,168,648,1703,1721,613,128,255,1856,1272,671
743,1197,1214,1993,823,1156,74,444,1933,456,498,357,1995,1637,861,1796,1541,35,8,31,92
744,727,14,1833,221,852,1396,749,93,403,998,1118,1721,1958,648,1664,168,1775,1042,1272,613
745,498,1197,35,74,823,1796,1214,1541,1993,1933,456,1156,1995,444,92,357,8,861,31,1637
746,727,1833,14,221,1396,852,749,93,403,1721,168,1118,1958,1664,998,128,613,648,1775,255
747,301,1721,1183,299,582,712,727,1355,1672,403,1751,912,1958,109,731,1764,224,43,1961,523
748,1355,1512,582,1010,1751,1058,1283,1705,1054,1764,448,1149,1806,414,1539,711,43,1749,1118,1856
749,727,14,1833,221,852,1396,93,749,998,1721,403,648,168,1856,1775,128,1958,1703,1763,711
750,301,1721,1183,403,1725,1958,299,912,582,1355,1751,1672,727,109,1283,1054,763,43,1557,1520
751,1993,1197,1796,74,498,357,35,456,31,8,1637,1214,1156,92,1541,823,289,1933,861,1995
752,301,1721,1183,299,912,582,1355,1751,712,727,1672,403,1557,109,1283,1054,763,1958,43,224
753,1156,498,1214,1796,8,1541,1197,31,1933,1993,74,1995,823,357,92,456,861,444,35,1637
754,168,1927,2037,1649,904,414,1042,1133,1261,727,1581,852,1541,1186,1913,21,1000,1149,1833,1061
755,1833,727,14,221,93,1396,852,749,403,1856,648,168,1721,1958,613,128,255,998,903,1539
756,301,1721,1183,109,403,299,1725,1958,912,948,1672,819,1520,727,523,670,474,731,65,575
757,1197,1796,498,357,35,74,456,1993,8,92,31,1637,1779,740,1951,1214,1009,1933,117,1156
758,301,1721,1183,299,1355,1751,582,763,1283,1054,1672,1557,912,109,403,1010,712,1118,1749,1764
759,1197,1214,1993,823,1156,74,444,1933,456,498,357,1995,1637,861,1796,1541,35,8,31,92
760,35,456,74,498,1197,1993,8,1637,357,92,1796,31,1214,823,1156,444,1933,1995,861,1541
761,301,1721,1183,299,1355,1751,763,712,582,1283,727,1054,1557,912,109,1672,403,1010,1118,1749
762,168,2037,44,1913,1186,1581,1192,1721,852,1509,1042,1111,1763,582,840,1000,1406,1133,128,727
763,727,14,221,1833,852,1396,93,749,998,648,403,1721,168,128,364,1272,671,255,1763,613
764,871,1750,991,944,791,2068,1447,1480,591,375,1581,1995,2043,1018,422,172,621,1793,759,905
765,1197,1214,1993,823,1156,74,444,1933,456,498,357,1995,1637,861,1796,1541,35,8,31,92
766,168,1447,7,1588,171,591,513,1783,2037,410,44,364,799,2054,1042,1581,2034,327,1350,1261
767,727,14,1833,221,852,1396,93,749,1721,168,998,403,648,1703,128,1856,1042,1272,1775,671
768,168,2037,44,1927,1061,1042,1214,1133,1541,289,21,1261,1000,1725,1697,582,1933,1993,852,1764
769,168,1721,1927,1913,1649,904,1833,582,2037,1061,727,414,1665,1958,1042,1751,483,1261,1541,93
770,357,1993,1796,498,74,1214,31,1197,8,1933,456,1156,35,823,1541,861,92,44,1995,444
771,1869,174,1581,1699,1447,1588,591,1640,1750,944,410,561,1214,871,958,991,2068,1480,791,227
772,35,456,74,498,1197,1993,8,1637,357,92,1796,31,1214,1156,1779,740,1541,1995,117,375
773,1156,498,1214,1796,8,1541,1197,31,1933,1993,74,1995,357,92,456,823,861,1522,444,35
774,168,2037,1725,1833,727,1042,1665,1958,1541,1927,44,1721,1856,1186,582,1061,1111,1192,14,93
775,14,221,727,1833,1396,852,749,93,403,998,1118,1721,1958,1664,1876,648,1775,364,1042,1856
776,1833,14,727,221,1396,852,93,749,403,1856,998,1721,648,168,1876,1958,128,364,903,1272
777,357,1993,1796,498,74,1214,31,1197,8,1933,456,1156,35,823,1541,861,92,1995,444,1637
778,1447,791,944,591,2068,871,1581,1750,1480,991,1937,227,1214,1018,1995,2054,1541,823,1684,174
779,168,2037,727,44,852,1581,1509,1833,1111,1927,357,1913,582,1000,128,1133,581,965,613,221
780,1197,1214,1993,823,1156,74,444,1933,456,498,357,1995,1637,861,1796,1541,35,8,31,92
781,95,1054,670,474,200,1749,1355,1775,1751,582,1118,1283,1672,274,224,712,1512,1381,575,109
782,14,221,727,1833,1396,852,749,93,403,1721,168,998,1118,1958,1664,648,1876,128,1775,364
783,168,727,852,1721,1833,2037,44,221,1958,1111,14,1665,1186,93,1913,483,255,613,403,1751
784,498,1197,35,74,1796,1993,456,92,357,1951,8,31,1779,1156,1214,1637,823,1995,1009,1933
785,1214,1541,1933,823,1156,861,444,1995,1581,1197,958,1796,74,498,35,289,31,1993,1869,357
786,44,410,1214,2037,1588,1995,1541,1796,1156,289,498,1018,1581,2013,1993,806,375,823,1933,456
787,168,727,1833,2037,14,221,21,1061,1927,998,1283,852,749,1042,1355,1751,1058,1913,1111,1512
788,1018,375,1684,1718,806,944,1750,1064,871,1219,791,1995,679,621,422,1108,1793,2065,1214,1898
789,168,2037,44,1927,1856,1133,1261,1725,1042,1061,1111,1697,1260,357,1913,1581,21,852,1541,581
790,1156,498,1214,1796,8,1541,1197,31,1933,1993,74,1995,357,92,456,823,861,444,35,1637
791,375,1018,1684,1750,1951,806,871,1779,1064,1718,791,944,1480,1009,1522,2068,1387,117,740,991
792,1214,1933,1156,861,444,1541,1995,823,498,1796,8,1197,31,74,1993,35,357,92,456,1637
793,727,14,1833,221,1396,852,93,749,998,403,168,648,1703,613,128,255,1856,1042,1721,1272
794,498,456,1993,357,35,1197,74,289,1796,8,823,1214,92,1156,1541,44,31,1933,1995,1637
795,301,1721,1183,299,109,403,1355,912,948,1672,1751,582,763,712,1283,727,819,1054,1520,523
796,168,2037,44,1927,1725,1042,1214,1133,1261,1541,289,21,1856,1061,1111,357,1913,1581,1000,1697
797,727,14,1833,221,852,1396,93,749,168,998,648,403,1721,613,255,1042,1272,1883,1476,671
798,727,14,221,1833,1396,852,749,93,403,998,1118,1721,1958,1664,1876,648,1856,1775,364,1272
799,823,1933,1214,861,1156,1995,1541,444,958,525,31,289,498,870,1197,1796,357,1581,174,99
800,1197,1214,1993,823,1156,74,444,1933,456,498,357,1995,1637,861,1796,1541,35,8,31,92
801,357,1993,1214,1796,498,1156,74,823,31,1197,8,1933,456,35,1995,1541,861,92,444,1637
802,35,456,74,498,1197,1993,8,1637,357,92,1796,31,1214,823,1156,444,1933,1995,861,1541
803,1214,823,1156,1541,498,1796,8,1197,31,289,1933,1995,1993,861,74,444,44,357,92,456
804,1197,1214,1993,823,1156,74,444,1933,456,498,357,1995,1637,861,1796,1541,35,8,31,92
805,727,14,1833,221,1396,852,93,749,998,403,1856,1721,648,1958,168,128,1539,1749,1775,1763
806,1993,1197,1796,1156,74,498,1214,8,357,1541,456,31,35,1933,1637,1995,92,823,861,444
807,1933,1541,1214,1156,823,1995,444,861,357,1796,74,561,498,35,1197,92,1993,456,31,958
808,1197,1796,498,357,35,74,456,1993,8,92,31,1214,1156,1637,1541,1995,740,375,174,958
809,1355,1058,1751,1705,582,1764,1512,1010,1283,1054,448,1149,1806,414,128,1775,43,711,1961,1856
810,1355,1512,582,1751,1010,1058,1705,1764,1283,1054,1806,448,1149,414,711,1539,95,1143,1749,1118
811,727,14,1833,221,1396,852,93,749,403,998,1721,1118,1958,648,1664,1703,1775,1856,128,613
812,1833,727,14,221,852,93,1396,749,1856,1721,998,648,168,403,128,903,1272,1883,1476,671
813,1156,498,1214,1796,8,1541,1197,31,1933,1993,74,1995,357,92,456,823,861,444,35,1637
814,727,14,1833,221,1396,852,93,749,403,998,1721,1118,1958,1664,648,1775,1856,128,1883,613
815,561,1581,1640,1699,1621,174,6,1440,1588,410,591,1214,823,1869,2054,1322,1937,1541,2037,227
816,727,14,1833,221,852,1396,93,749,1721,168,403,998,648,128,1042,1856,1272,1775,671,364
817,301,1721,1183,299,1355,1751,582,763,712,1283,727,1054,403,1557,912,109,1672,1010,1118,1749
818,168,2037,1927,44,727,1133,852,1261,1042,749,1833,1581,1061,498,1541,375,1725,21,1186,1684
819,1933,1541,1214,1156,823,1995,444,861,691,357,375,174,1796,74,958,561,498,35,1197,92
820,1197,1214,1993,823,1156,74,444,1933,456,498,357,1995,1637,861,1796,1541,35,8,31,92
821,168,727,2037,852,44,403,1958,1581,14,1042,1833,1509,749,1261,1061,498,375,21,1856,1684
822,301,1721,1183,403,299,1725,1958,582,1355,1751,727,1557,1283,1054,763,43,224,358,912,109
823,888,846,378,1522,990,1652,942,2012,1276,1488,1770,236,1993,74,357,1796,456,35,1197,1684
824,168,1721,2037,1913,1649,904,582,1133,727,414,1833,1061,1042,1958,1927,1751,483,1261,677,93
825,375,1018,1684,806,1718,1064,677,1133,1844,839,759,621,2065,2043,1219,1221,1592,1255,1898,172
826,301,1721,1183,299,582,1355,1751,403,1557,1283,1054,763,1958,43,224,358,912,109,731,1672
827,357,1993,1214,1796,498,74,861,31,1197,8,1933,456,1156,35,823,444,1541,92,1995,1637
828,727,14,221,1833,852,1396,93,749,403,1856,648,1958,998,1721,1775,168,364,1272,1539,671
829,1197,1214,1993,823,1156,74,444,1933,456,498,357,1995,1637,861,1796,1541,35,8,31,92
830,1214,1156,1541,1995,375,174,958,823,1933,1684,1581,1018,806,861,456,1197,1869,35,1993,498
831,14,727,221,1833,1396,852,749,93,403,998,648,1876,1958,1721,128,364,1856,168,1272,1883
832,1156,498,1214,1796,8,1541,1197,35,74,31,1933,1993,1995,456,357,92,823,861,444,1637
833,1197,1214,1993,823,1156,74,444,1933,456,498,357,1995,1637,861,1796,1541,35,8,31,92
834,1214,823,1156,1541,498,1796,8,1197,31,289,1933,1995,1993,861,74,444,357,92,456,35
835,1197,1214,1993,823,1156,74,444,1933,456,498,357,1995,1637,861,1796,1541,35,8,31,92
836,168,2037,44,727,852,749,1261,1833,1061,498,375,21,1042,1000,1541,1684,581,1927,1418,1214
837,1447,591,227,375,1581,1018,1869,806,174,1684,1718,1588,1064,944,871,2012,679,1219,791,422
838,727,14,221,1833,1396,93,852,749,403,1856,998,1725,1721,1876,1958,711,1118,1775,364,1749
839,1783,513,799,7,2034,327,171,1588,410,1581,174,1214,591,1869,861,1342,1541,2013,1447,561
840,35,456,74,498,1197,1993,8,1637,357,92,1796,31,958,1581,1214,1779,1156,740,117,1951
841,168,2037,727,852,44,1721,1581,1950,1509,1833,1042,1725,1000,1913,965,221,904,967,998,1958
842,1214,958,1588,410,1156,1541,823,498,861,74,1933,35,1995,1197,174,357,444,1637,1796,289
843,727,14,1833,221,1396,93,749,852,403,998,1118,1721,1958,1664,648,711,168,1775,1749,1883
844,727,14,1833,221,1396,93,852,749,998,1721,168,648,128,403,1775,1883,1476,1763,1272,1042
845,727,14,221,1833,1396,93,852,749,403,1856,1725,1721,998,1876,1958,648,364,128,1272,1775
846,1833,727,14,221,1396,93,852,749,998,1856,1721,168,648,128,1042,903,1763,1272,1703,403
847,35,456,74,498,1197,1993,8,1637,357,92,1796,31,1214,823,1156,444,1933,1995,861,1541
848,727,1833,14,221,1396,852,93,749,998,403,1721,711,1118,648,1042,1856,1749,364,1958,1539
849,375,1995,1214,1018,823,444,1541,1684,1933,861,806,1156,1064,289,1750,1718,791,1197,991,944
850,375,1018,1933,1684,1541,1214,1156,806,1718,823,1064,1995,444,861,357,1796,74,561,498,35
851,35,456,74,498,1197,1993,8,1637,357,92,1796,31,1214,1779,1156,740,117,1951,1933,1995
852,727,14,1833,221,852,93,749,1396,1856,403,998,1721,168,1725,128,1958,648,364,1775,255
853,301,1721,1183,299,1355,1751,582,763,712,1283,727,1054,403,912,109,1672,1010,1118,1749,1764
854,1197,1214,1993,823,1156,74,444,1933,456,498,357,1995,1637,861,1796,1541,35,8,31,92
855,35,456,74,498,1197,1993,8,1637,357,92,1796,31,1214,1156,1779,740,1541,1995,117,375
856,1833,727,14,221,1396,93,852,749,998,1856,403,1721,648,168,1703,1042,128,903,1958,1272
857,1355,1512,582,1010,1751,1058,1705,1764,1283,1054,1149,1806,448,414,128,1775,711,1961,1539,1749
858,1197,1796,498,357,35,74,456,1993,8,92,31,1637,1214,1156,740,1541,823,2037,1995,1951
859,1833,727,14,221,93,1396,852,749,403,1856,648,168,1721,1958,613,255,998,903,1539,1883
860,1197,1214,1993,823,1156,74,444,1933,456,498,357,1995,1637,861,1796,1541,35,8,31,92
861,168,2037,727,852,1649,904,1133,414,1927,44,1833,1042,677,1000,1913,375,221,1186,1149,498
862,1621,174,561,1640,6,1322,1699,1440,1783,787,8,1869,2034,513,1197,357,1214,1022,1796,327
863,1156,498,1214,1796,8,1541,1197,35,74,31,1933,1993,1995,357,456,92,823,861,444,1637
864,168,2037,1061,1927,1111,21,44,1261,1697,1000,1492,1814,1721,1260,1541,852,498,375,1740,727
865,1197,1214,1993,823,1156,74,444,1933,456,498,357,1995,1637,861,1796,1541,35,8,31,92
866,168,2037,1927,727,44,1721,1950,852,1492,749,21,1833,1061,1042,1763,1697,1913,581,1261,1418
867,727,1833,14,221,1396,852,93,749,998,1721,403,648,1703,1856,1042,128,1775,1272,1958,1876
868,1214,1156,1541,1995,1522,375,174,958,823,1933,1684,1581,1018,806,861,456,1197,1869,2012,1276
869,1993,1197,1796,74,498,357,456,35,31,8,1214,1156,92,1541,1522,1637,823,888,289,1933
870,1833,14,727,221,1396,93,852,749,403,1856,998,168,1721,648,1703,1876,1958,613,255,364
871,498,1993,1796,31,1197,456,44,35,8,357,74,1637,410,2037,92,1588,1214,289,1933,1156
872,727,1833,14,221,1396,852,93,749,998,403,1856,1721,648,1958,168,1042,128,1539,1749,1775
873,1588,1869,174,1581,410,958,1214,591,1699,1447,799,1156,1783,171,7,327,561,2034,513,1621
874,1933,1541,1214,1156,1018,823,958,1995,375,444,861,1133,806,691,677,357,1684,174,1796,74
875,95,1751,1283,1355,1512,582,1705,1058,1054,1010,474,109,1764,712,43,1961,403,224,575,1958
876,301,1721,1183,299,403,1725,1355,1958,1751,912,582,763,1283,1672,1054,727,109,1010,712,1118
877,301,1721,1183,299,582,712,727,1355,1557,403,1751,224,358,912,1672,1958,109,731,948,1764
878,1833,727,14,221,93,1396,852,749,403,998,1856,648,1721,1958,168,711,1118,1749,903,1539
879,1197,1214,1993,823,1156,74,444,1933,456,498,357,1995,1637,861,1796,1541,35,8,31,92
880,375,1018,1933,1684,1541,1214,1156,806,1718,823,1064,1995,444,861,357,1796,74,561,498,35
881,1214,861,444,1541,823,1156,1933,1995,174,1869,1197,1796,74,35,1993,31,456,498,357,1637
882,168,2037,44,1721,1214,1927,1950,1133,1541,289,21,1061,1261,498,375,1000,1697,1913,1684,1933
883,1214,1541,444,823,1933,1995,1156,861,1197,1796,74,35,1993,31,456,498,357,1637,8,92
884,375,1018,1933,1684,1541,1214,1156,806,1718,823,1064,958,1995,444,861,1133,691,677,357,1796
885,1779,1009,1387,740,1951,117,1197,8,31,1993,498,357,74,1796,456,35,1637,92,1447,1933
886,727,1833,14,221,1396,852,93,749,403,998,1856,648,168,1958,1703,613,255,128,364,1539
887,1833,727,14,221,93,1396,749,852,403,1856,1721,1118,998,1958,1664,168,648,1775,903,364
888,1197,1214,1993,823,1156,357,74,498,444,1933,456,1796,1995,1637,861,1541,35,31,8,92
889,727,14,1833,221,1396,852,93,749,1856,403,998,1725,648,1958,1721,1539,1775,1749,128,1272
890,301,1721,1183,109,299,403,912,948,1672,582,1355,819,1520,523,670,474,731,1958,65,1751
891,1156,498,1214,1796,8,1541,1197,31,1933,44,1993,74,1995,357,410,92,2037,456,823,1588
892,301,1721,1183,299,582,1355,1751,712,727,403,1557,1283,1054,763,1958,43,224,358,912,1672
893,168,727,852,1721,1833,221,1958,1042,14,1186,1283,2037,93,1111,483,255,613,403,1961,582
894,375,1018,1684,1933,1541,1214,806,1156,1718,434,823,963,1064,1844,1624,1995,621,1800,1793,2043
895,1355,1512,582,1010,1751,1058,1705,1764,1283,1054,1806,448,1149,414,128,1775,711,1961,1539,1749
896,168,2037,1833,727,1665,1927,1061,1042,1261,1000,1111,1541,14,582,93,21,1993,1764,1054,787
897,1214,1156,1541,1995,375,174,1796,958,823,74,1933,1684,1581,1018,806,498,1197,861,456,1993
898,727,14,221,1833,852,1396,93,749,168,998,648,403,1721,613,1856,255,1775,1272,1883,1476
899,44,823,410,2037,1933,1588,1214,861,1156,1796,1995,1541,289,498,444,1581,2013,1993,456,1197
900,1581,1869,1197,1214,1993,823,1156,174,74,444,1933,456,1447,498,357,1995,591,1637,861,1796
901,168,2037,1927,44,1061,1581,1042,852,1509,1260,1261,1541,581,1065,1833,1913,965,498,713,1186
902,727,14,1833,221,852,1396,93,749,998,1721,403,648,168,1856,128,1958,1883,1476,1775,1763
903,1214,74,498,31,1995,1541,357,861,1796,8,35,823,1933,92,444,1197,1156,375,456,1993
904,35,456,74,498,1197,1993,8,1637,357,92,1796,31,1214,1779,1156,740,117,1951,1933,1541
905,168,727,852,1721,1833,2037,14,221,21,1958,1061,1927,998,1042,1283,749,44,1950,1186,1355
906,44,1214,1156,410,1796,2037,1588,823,1995,1993,1541,1197,1951,498,289,74,1933,456,1869,1581
907,375,1018,1684,806,1718,434,963,1064,1844,1624,621,1800,1793,2043,1898,1219,691,528,905,759
908,727,14,1833,221,1396,93,749,852,403,998,1721,1118,1958,648,1664,1703,128,1775,1856,613
909,1214,823,1933,1541,1156,444,1993,74,861,1197,1796,31,1995,498,8,35,1637,456,357,92
910,1993,1197,1796,74,498,357,456,35,31,8,1214,1156,92,1541,1637,823,289,1933,861,1995
911,1833,727,14,221,93,852,749,1396,1856,403,1725,998,168,1721,648,1703,613,1958,255,128
912,1779,1796,74,1951,1214,498,1197,1009,1993,31,92,1156,35,1933,456,117,357,861,8,1637
913,2034,7,1783,410,1588,327,513,1214,1156,799,1796,74,171,823,1541,2037,1995,498,1197,44
914,168,1721,727,2037,1833,14,221,21,44,1913,1061,582,1186,1927,998,1283,852,749,1958,1192
915,14,221,727,1833,1396,852,93,749,403,998,1721,1876,1958,648,711,1118,364,1042,1749,1856
916,1214,1933,1156,823,861,1995,1541,444,375,174,958,1993,74,1197,1796,1684,1581,1018,806,31
917,727,14,1833,221,1396,93,852,749,403,998,1856,1721,648,1958,711,1118,1749,128,1539,1883
918,1833,727,14,221,93,852,749,1396,1856,998,1721,403,648,168,1703,1775,128,903,711,671
919,1933,1541,1214,1156,1018,823,958,1995,375,444,861,1133,806,1522,677,357,1684,1796,74,561
920,513,171,7,1783,2034,327,799,174,1214,561,6,1588,1581,1869,1699,410,823,1640,1440,1541
921,1993,1197,1796,74,498,357,1214,1156,456,35,31,8,44,1541,1995,410,375,174,2037,958
922,1214,1933,1541,823,444,1156,1995,1796,861,2037,44,1993,1197,498,1869,35,456,1581,289,74
923,963,691,1624,434,1692,719,531,174,591,1447,1684,1869,227,1214,1541,525,823,1581,444,861
924,727,14,221,1833,852,1396,93,749,998,403,648,1703,1721,1856,168,128,364,1272,1883,1476
925,168,2037,1927,44,1061,1042,1541,1721,1261,498,375,21,582,1684,1993,1764,1054,1833,357,1283
926,168,1721,1927,1913,1833,582,2037,1133,1061,727,1665,1958,1042,1751,483,677,1261,1541,93,1111
927,1833,14,727,221,1396,93,852,749,403,998,1856,1721,648,168,1703,1876,1958,364,128,903
928,1197,1796,498,357,35,74,456,1993,8,92,31,1637,740,1951,1214,1018,823,806,1156,1064
929,727,14,1833,221,852,1396,93,749,998,1721,403,648,168,1856,128,1958,1775,1763,1272,1749
930,727,14,1833,221,1396,93,852,749,998,1721,403,648,1703,168,1856,128,1775,1763,1272,1958
931,301,1721,1183,299,582,712,727,1355,1557,403,1751,224,358,43,763,912,1672,1958,109,852
932,1581,1869,1197,1214,1993,823,1156,174,74,444,1933,456,1447,498,357,1995,591,1637,861,1796
933,1197,1214,1993,823,1156,74,444,1933,456,498,357,1995,1637,861,1796,1541,35,8,31,92
934,1993,1197,1796,74,498,357,35,456,31,8,44,1214,410,2037,1156,92,1588,1541,1637,823
935,1197,1214,1993,823,1156,74,444,1933,456,498,357,1995,1637,861,1796,1541,35,8,375,31
936,727,1833,14,221,1396,852,93,749,403,1856,1721,648,168,1958,998,613,255,1042,128,1539
937,561,6,1621,1640,1440,1699,1322,1214,1156,1447,591,1541,1995,375,174,958,823,1933,1684,1581
938,14,727,221,1833,1396,852,749,93,403,998,168,648,1703,1876,1958,613,255,364,1856,1042
939,168,2037,1927,1958,1541,1721,1186,1042,582,1061,1111,1192,1000,1283,1018,44,1214,852,498,870
940,1779,740,1951,1009,1387,117,1197,1796,8,74,31,1993,498,357,1214,92,456,35,1933,1156
941,301,1183,1721,109,299,403,912,948,1672,582,1355,1751,819,1520,523,670,1283,1054,474,731
942,14,221,727,1833,1396,852,749,93,403,1721,168,998,1876,1958,128,364,1856,1272,1775,648
943,35,456,74,498,1197,1993,8,1779,1637,357,92,1796,31,1214,1009,1387,823,1156,1951,117
944,174,1621,561,1869,1640,6,1322,1699,1440,1581,1214,1541,823,1933,1156,1588,410,68,861,794
945,168,2037,44,727,852,1111,749,1261,1833,1042,1927,357,1913,1061,498,375,1725,21,1684,581
946,727,1833,14,221,1396,93,852,749,403,1721,998,168,1856,648,1958,711,128,1118,613,255
947,727,1833,14,221,1396,852,93,749,403,1856,1721,648,168,1118,1958,1664,998,613,1775,255
948,168,2037,1725,727,852,1833,1042,1665,1283,1927,44,1856,14,1111,1000,1541,93,1721,787,1214
949,35,456,74,498,1197,1993,8,1637,357,92,1796,31,1156,1214,1541,1779,1933,740,1995,117
950,727,14,1833,221,852,749,1396,93,998,168,403,648,613,128,255,1856,1958,1883,1476,1721
951,1214,861,444,1541,823,1156,1933,1995,375,174,958,1993,74,1197,1796,1684,1581,1018,806,31
952,1197,1796,1779,498,357,740,1951,1009,1387,35,74,456,1993,117,8,92,31,1637,1156,1995
953,168,2037,1833,1725,727,221,1042,852,44,1541,1927,1721,1856,1111,582,166,1000,1133,128,1958
954,44,289,498,1197,35,74,2037,1796,1214,1993,1156,456,92,357,8,823,1995,31,1541,1637
955,1197,1214,1993,823,1156,74,444,1933,456,498,357,1995,1637,861,1796,1541,35,8,31,92
956,168,1061,727,1927,2037,1111,21,1833,44,14,221,1261,998,1283,1697,1000,1492,852,749,1814
957,1355,582,1283,1751,1512,1058,1010,1705,1054,1764,448,1806,1149,414,1539,711,43,1749,1118,1856
958,1993,1197,1796,74,498,357,456,31,35,8,1637,1214,1156,92,1541,823,2037,1995,44,289
959,375,1018,1684,806,1718,1064,1951,1779,677,1133,1009,1387,117,740,8,1844,571,839,1969,759
960,1197,1214,1993,823,1156,74,444,1933,456,498,357,1995,1637,861,1796,1541,35,8,31,92
961,375,1018,1684,806,1718,1064,1522,2012,1276,990,888,677,1133,1750,591,719,1581,963,846,434
962,168,2037,44,1927,1214,1958,1133,1721,1261,1541,289,21,1186,1042,1061,582,1581,1000,1111,1192
963,35,456,74,498,1197,1993,8,1637,357,92,1796,31,1214,823,1156,444,1933,1995,861,1541
964,35,456,74,498,1197,1993,8,1637,357,92,1796,31,1214,823,1156,444,1933,1995,861,1541
965,727,1833,14,221,1396,93,852,749,1856,403,998,1725,648,1958,1721,711,1118,168,1749,1539
966,727,1833,14,221,1396,852,93,749,1856,403,998,1725,648,1958,168,1042,1721,1775,1539,1763
967,375,1018,1684,806,1718,1064,958,1214,1156,1133,1541,1995,1522,677,174,823,1933,1581,861,456
968,1197,1796,498,357,35,74,456,1993,8,92,31,1637,740,1214,1156,1541,823,1951,289,1933
969,375,1018,1684,806,1718,1064,677,357,1133,8,31,1197,498,1993,74,1796,1699,35,1844,1637
970,1156,498,1214,1796,8,1541,1197,1993,31,456,1933,35,74,357,1637,1995,375,174,92,958
971,1156,498,1214,1796,8,1541,1197,31,1933,1993,74,1995,823,357,92,456,861,444,35,1637
972,498,1214,1993,1156,1796,31,1197,456,44,35,8,357,74,1637,1541,1995,410,375,174,2037
973,1993,1197,1796,74,498,357,456,31,35,8,1637,1214,1156,92,1541,823,289,1933,1951,1018
974,727,14,1833,221,1396,852,93,749,168,998,648,613,128,1856,255,1775,1042,403,1703,1272
975,1156,498,1214,1796,8,1541,1197,35,74,31,1933,1993,1995,456,357,92,823,861,444,1637
976,1197,1214,1993,823,1156,74,444,1933,456,498,357,1995,1637,861,1796,1541,35,8,31,92
977,375,1018,1933,1541,1214,1156,1684,806,1064,823,958,1995,1718,444,861,1133,1750,791,677,357
978,498,1993,1796,31,1197,456,44,35,8,357,74,1637,410,2037,92,1588,1214,1156,1951,289
979,171,513,1783,799,2034,7,327,44,2037,1588,410,289,1869,1937,1350,697,1058,174,1581,582
980,168,1783,7,2034,799,513,327,171,364,1133,1764,1751,852,1283,93,582,787,1581,44,1512
981,727,14,1833,221,852,749,1396,93,998,168,403,613,255,1856,648,364,1958,1883,1476,1721
982,35,456,74,498,1197,1993,8,1637,357,92,1796,31,1214,1156,1779,740,1541,1995,117,375
983,727,14,1833,221,1396,852,93,749,1856,403,998,1725,1118,1721,1958,1664,648,1775,364,613
984,2037,289,1214,1156,44,1796,823,1995,1993,498,1541,1197,1933,1869,35,456,8,444,861,1581
985,301,1721,1183,403,1725,1958,299,912,582,1355,1751,1672,727,1557,109,1283,1054,763,43,224
986,1197,1214,1993,823,1156,74,444,1933,456,498,357,1995,1637,861,1796,1541,35,8,31,92
987,498,8,1197,74,35,456,1993,357,31,1796,92,1637,958,1581,1214,1699,1156,823,6,1750
988,1197,1796,498,357,35,74,456,1993,8,92,31,1637,44,740,1214,410,2037,1156,1588,1541
989,498,456,1993,357,35,1197,74,289,44,1796,2037,92,8,31,410,1637,1588,1214,1581,1541
990,168,2037,727,1111,44,1721,1950,1186,852,749,1833,1260,581,1065,1913,1418,498,93,1192,1763
991,1214,1156,1779,1541,1995,375,174,958,823,1933,1684,1581,1018,806,1009,861,456,1197,1869,35
992,168,2037,727,44,852,1927,1833,787,1581,1042,1111,1950,357,1913,1000,128,581,613,221,498
993,1197,1796,498,357,35,74,456,1993,8,92,31,1214,1156,1637,44,1541,1995,740,410,375
994,375,806,1018,1684,1995,1214,1156,861,1541,444,1064,823,1933,1718,174,958,1581,456,1197,1869
995,1156,498,1214,1796,8,1541,1197,31,1933,1993,74,1995,357,92,456,823,861,444,35,1637
996,1214,1156,823,1541,289,44,1995,1933,410,375,174,2037,958,1588,861,1796,357,1684,1581,1018
997,1214,1156,1779,1541,1995,375,174,958,823,1933,6,1684,1581,1640,1018,806,1440,1699,1009,561
998,727,1833,14,221,93,1396,852,749,1721,998,168,403,648,1703,711,128,1118,613,255,1856
999,498,456,1993,357,35,1197,1796,74,289,1214,958,92,31,1588,8,410,1156,1541,44,823
